502 2
410 0.89702004 1.0160418
348 0.8387049 0.9392371
164 0.8267613 0.9913247
74 0.63070685 0.8705196
182 0.54751384 1.1855619
176 0.39788905 1.075482
338 0.15559149 1.2247379
105 0.77393234 0.514301
487 0.5199763 1.0948799
84 1.221772 0.6320485
271 0.55778235 1.3148233
38 0.6313373 1.1807064
275 0.5448516 0.8468067
61 0.31805032 1.1050093
461 0.4471195 1.2353204
103 0.41651213 1.2362583
312 0.51417357 1.2934034
248 0.9139004 0.37373447
100 0.27435067 1.4528089
55 0.7596265 0.7889777
8 0.47331232 0.98588693
405 0.29833177 1.2613239
66 0.35307643 1.4943092
192 0.8704908 0.83361316
184 0.5910262 0.9642506
151 0.18894812 1.0837783
332 0.2838807 1.3711271
460 0.47105733 1.1566063
408 0.64541864 1.0508829
253 0.37603462 0.97548527
114 0.6949683 1.1107293
39 0.6307135 0.785913
118 0.44986764 1.2849828
54 1.0581671 1.265557
222 0.387813 1.3882092
475 0.5665694 1.1351889
482 0.5095336 1.541482
333 0.7847626 0.9050145
385 0.45376617 0.8987465
437 0.23744369 1.1217582
211 0.39653045 1.1226332
470 0.6890381 1.1921887
267 0.68155694 0.72080964
153 0.52870387 1.0852817
485 0.62428516 0.4704216
441 0.6197934 1.2194717
256 0.48810524 0.9513106
431 0.648802 0.79398113
395 0.39919034 1.4201847
168 1.3244255 0.42214936
481 0.20571837 1.3064854
181 0.74515826 1.0783588
224 0.52582556 1.1903211
235 0.85424304 0.8265165
406 0.31954527 1.0212976
425 0.8683408 0.6374079
200 0.4029292 0.94463485
169 0.36511904 1.2091001
273 0.95324785 1.0925057
242 0.6166978 0.97184384
41 0.9457078 1.1412758
145 0.5864551 1.0416831
257 0.32470185 1.0553684
19 0.42175773 0.95955527
393 0.48074126 1.1621815
48 0.6489142 0.8562388
131 0.68252605 0.736965
345 0.57192165 0.96225864
89 0.77126783 0.9803577
34 0.703058 0.91864306
282 0.80214506 0.6223963
195 0.48745972 0.86642
293 0.48319125 1.0352523
180 0.5871395 0.99487793
60 0.42439675 1.016828
3 0.82921976 1.528167
147 0.56647116 1.0852314
391 0.73890316 1.1462215
390 0.5093436 1.3764079
263 0.4202978 0.83718514
196 0.34000582 0.8324922
303 0.38532203 1.1510726
369 0.7631361 0.8825835
207 0.60851073 1.3724934
85 0.52211285 1.004117
341 0.73575425 0.856351
123 0.45754284 1.1990768
358 0.36018187 1.2720937
474 0.53886145 0.84202296
25 0.29082194 1.0348955
294 0.29676396 1.0806438
243 0.4769865 1.4062619
466 0.35448405 1.2992704
213 0.6809613 1.1903622
98 0.2482777 1.0650539
144 0.579725 0.9678092
300 0.3537162 1.0502229
281 1.3309625 0.92773104
26 0.38214737 1.0298799
185 0.6395369 1.242001
412 0.8553228 1.0182425
404 0.6621977 0.8772503
287 0.7389377 0.9462339
367 0.7795047 0.8154527
320 0.61236614 1.0973991
375 0.9540969 0.9413907
389 0.71502835 0.93193024
143 0.6889827 0.97554505
24 0.68288165 0.8709199
305 0.5234792 1.341254
241 0.32118088 1.0026261
1 0.57775 1.1580198
498 0.30603573 1.0913888
423 0.5314301 1.149826
418 0.2592408 1.1879292
354 0.67377764 0.95470196
252 0.20091955 0.7899989
392 0.4502397 1.1994884
265 0.6282305 1.089935
396 0.48362783 1.222158
173 0.60330456 1.0279943
479 0.2755982 0.8946345
209 0.5278289 1.006423
335 0.470875 0.85758924
115 0.7536796 1.0286282
110 0.492375 0.96283877
455 0.9659337 1.191879
316 0.56750613 0.9773359
201 0.7987829 0.9909749
359 0.70506984 0.76900774
500 0.53328866 0.99687773
331 0.45128334 0.9716458
450 0.2650569 1.3467883
339 0.457649 1.190039
458 0.42417446 1.1047451
223 0.9973528 0.5669438
378 0.80353624 1.0068945
337 0.40279484 0.8833595
446 0.6177682 0.9503182
480 0.71152884 0.80828816
161 0.56827694 1.0602763
109 0.8392754 1.0712988
165 0.42157358 1.5058321
411 0.6530542 0.8731162
134 0.300151 1.2732722
344 0.19153686 1.1971099
186 0.8340722 0.983774
429 0.8854798 1.1850953
167 0.4146733 0.9319385
452 0.2112053 1.1282144
174 0.84726256 0.9946591
311 0.70014673 0.97414994
239 0.340772 0.491313
82 0.38720503 1.1766108
51 0.68460155 0.7733188
317 0.77003384 0.7541227
50 0.60250735 1.0358154
459 0.9114294 0.80496776
361 0.7647247 0.7795488
440 0.7751806 0.7484497
394 0.6186591 0.6516495
346 0.7202198 0.9623911
230 0.52344954 0.8238181
107 0.867634 0.96076083
33 0.7561869 1.1761363
189 1.2797465 1.0019362
35 0.14533196 0.9894514
493 0.41268972 0.62580305
80 0.50150776 1.1075221
318 0.53989136 1.0196439
75 0.26540717 1.1061606
240 0.65173525 0.91508734
142 0.67013353 0.87053376
229 0.6062126 1.066419
93 0.53712976 1.1823477
462 0.6205289 0.927744
124 0.65902007 0.99551344
217 0.65917075 1.0360597
6 0.38403574 0.8120901
2 0.28786895 0.8973088
415 0.27919775 0.95558864
274 0.1285676 0.9110374
170 0.8236282 0.8397136
365 0.82047874 0.77037406
58 0.5358617 1.0491016
59 0.4554322 0.89385706
247 0.57124174 1.1244385
125 0.44297865 1.1734881
427 0.33825007 1.0806891
128 0.41785127 1.0748184
220 0.57243925 1.0628955
183 0.57163936 0.96315557
285 0.33262867 1.0529567
266 0.59128517 0.8068614
219 0.59224796 0.9338232
21 0.1284748 0.88712114
323 0.5409058 1.0172118
216 0.6584002 0.9264798
81 0.2606271 0.9321307
413 0.73193 1.1354773
467 0.25140995 0.68799835
130 0.77577853 0.89338267
46 0.6050903 1.104176
448 1.0159227 0.88513696
91 0.6741462 0.9203568
419 0.44825262 0.886304
56 0.20088074 0.7461335
343 0.75766873 0.91478765
314 0.51472855 1.0327202
380 0.52789694 0.73220855
214 0.70152074 0.63864326
27 0.8760824 0.801937
120 0.3740978 0.96480346
198 0.5021634 0.924141
112 0.460177 0.97080296
353 0.6597841 0.8138328
499 0.7048145 0.79987997
121 0.29445285 0.8108218
399 0.6940724 0.8371464
111 0.6873663 0.9689842
140 0.532533 0.80455303
16 0.24198663 1.018958
491 0.20661454 0.8710356
403 0.40869868 1.0269711
270 0.46809152 0.87895006
199 0.25851923 0.76592064
306 0.37754625 0.8732398
495 0.5625932 0.58579344
28 0.5192187 1.0603245
376 0.43087348 0.6644908
78 0.5950871 0.8216198
280 0.3292988 0.9279674
12 0.6561747 0.7450305
77 0.6182861 0.96433294
296 0.25618178 0.9224352
349 0.40760732 0.8396072
347 0.7199597 0.9136751
57 0.81760895 0.812931
231 0.5322911 0.8548681
476 0.552568 1.02652
18 0.57648575 1.1408222
309 0.61055076 0.8257147
69 0.3684367 0.9956484
17 0.6886426 0.87735754
72 0.67640007 0.88579553
158 0.6917253 1.0570381
297 0.7194002 0.8750914
264 0.40276146 0.951942
106 0.19899891 0.7403469
362 0.49363393 0.7595779
88 0.41620612 0.89613163
30 0.74699 1.0457798
471 0.7301845 0.675146
386 0.7037708 1.0333165
166 0.31939888 0.71324986
402 0.74490136 0.85175085
150 0.8423523 0.73117906
290 0.48251235 0.5414443
5 0.41676912 0.7864395
202 0.14300454 0.93049556
422 0.8109322 0.77590966
255 0.30706102 0.986581
352 0.5032128 0.8238602
340 0.6270853 0.9308444
37 0.56462944 1.0276318
94 0.18000592 0.8626554
210 0.2955408 1.1100422
400 0.08534023 1.2262104
401 0.31648666 0.84037447
137 0.25961497 0.66298544
22 0.46892574 0.8050045
52 0.2118982 0.8396515
0 0.36120087 0.9026165
329 0.19073583 0.7608959
301 0.013507115 0.6896373
218 0.527272 0.8758897
315 0.38959962 0.75937617
464 0.664884 0.94138426
443 0.4430586 0.733285
135 0.3980951 0.9308717
288 0.5268907 0.7636018
283 0.73624766 0.71786034
397 0.3136051 0.8324699
246 0.4128919 0.8998032
4 0.74795616 0.84090436
191 0.55543303 0.7876547
377 0.6617627 0.81953436
313 0.60236263 0.9801829
414 0.74709517 0.8376145
356 0.21852715 0.8060384
258 0.5102693 0.67118645
421 0.33031315 0.72206104
113 0.6142287 0.9446189
122 0.45056987 0.53595436
76 0.53675663 0.643612
234 0.6164186 0.5395645
146 0.36896977 0.8180317
129 0.33451417 0.71392554
179 0.3774406 1.0261831
86 0.29150233 0.9338651
334 0.5645077 0.5108475
261 0.3676871 0.98486537
172 0.2030643 0.87285465
226 0.53824437 0.99395263
149 0.43547562 0.428994
45 0.48848706 0.6856989
108 0.329703 0.84266937
87 0.40216267 0.74746555
501 0.21497025 0.9170345
469 0.34462675 0.8462214
326 0.4454525 0.679932
20 0.48905212 0.56115055
141 0.3234477 0.96161354
29 0.27593702 0.8072807
47 0.7405504 0.6512052
453 0.40734574 0.5610284
324 0.09149612 0.6906892
249 0.48943987 0.73978466
101 0.48867586 0.71746534
360 0.31026757 0.8116393
162 0.6819063 0.36113977
138 0.03040851 0.75813466
92 0.34765336 0.8454017
102 0.1807497 0.8351208
11 0.49513423 0.74768984
364 0.16664276 0.6374035
368 0.36894104 0.45917198
206 0.39446136 0.7080866
438 0.43270892 0.8328558
351 0.6864713 0.6579554
383 0.29900888 0.7729587
155 0.14043036 0.53129494
9 0.6374303 0.8148819
302 0.47406343 0.8406267
157 0.5827269 0.72168034
435 0.70630646 0.93763816
68 0.3205391 1.0539252
71 0.55380964 0.66302603
160 0.62016803 0.66458213
292 0.5711648 1.0532625
342 0.57904184 0.67382103
489 0.6844358 0.7601929
299 0.5719472 0.72690725
327 0.5645055 0.449635
433 0.026081637 0.68190163
204 0.33382353 0.37419006
193 0.25803915 0.8035487
163 0.56186 0.63037264
434 0.28553396 0.70169127
497 0.59201175 0.77037
381 0.34225333 0.93810636
366 0.28969967 0.7471616
62 0.43784663 0.7619793
13 0.27463597 0.69106966
139 0.52072346 0.65884733
208 0.31965917 0.94751143
227 0.836953 0.63572377
321 0.60349274 0.56541777
44 0.27149513 0.6180949
65 0.38346586 0.66464657
308 0.69510305 0.5973513
384 0.38780943 1.1066707
70 -0.043344907 0.9674957
171 -0.106578566 0.5717545
451 0.6631054 0.70162976
79 0.38501605 0.6808489
289 0.32123882 0.7057102
420 0.46283686 0.5858767
357 0.40900373 0.6509778
465 0.67217076 0.5296219
442 0.4945256 0.77751124
432 0.3486737 0.76528955
119 0.51682246 0.66697764
417 0.38785872 0.47509313
490 -0.07201806 0.5311716
36 0.42378828 0.6684092
260 0.68057334 0.5998309
203 0.55536914 0.630882
97 0.451299 0.62663156
387 0.4155865 0.69143933
492 0.40450412 0.8691701
197 -0.2185509 0.7984498
298 0.4464873 0.54598737
304 0.40133712 0.59812593
64 0.31823817 0.7176593
221 0.36422363 0.83914053
225 0.4765205 0.6055916
457 0.49289188 0.9384249
233 0.2592721 0.7435752
363 0.4822613 0.558572
284 0.68605816 0.9388643
319 0.6077372 0.4599142
286 0.6574325 0.6058465
133 0.073074155 0.74005127
398 0.2425678 0.6081793
237 0.19624563 0.60327154
205 0.35805255 0.5175858
372 0.2186012 0.5303422
291 0.21080416 0.45728067
187 0.50770116 0.49045464
409 0.1402429 0.8743578
73 0.5263054 0.70113266
379 0.3046859 0.62632227
83 0.5363846 0.5736174
374 0.49012193 0.3966133
279 0.27076644 0.459836
63 0.21092439 0.85675776
154 0.17753279 0.41854787
104 0.5137233 0.73389816
49 0.31439918 0.50718313
7 0.20333509 0.86842287
190 0.38730642 0.89048254
484 0.62306744 0.44685894
126 0.12709971 0.81013143
407 0.45258862 0.6351376
15 0.06233302 0.63288605
254 0.33065823 0.69682187
310 0.038675055 0.87801725
23 0.603504 0.6530195
488 0.16059546 0.752352
159 0.061722197 0.80015934
96 0.35493702 0.71093583
43 0.3410846 0.63787144
277 0.31614023 0.6375281
272 0.009117159 1.0947372
228 0.3740755 0.57794267
212 0.633391 0.7052898
245 0.4055922 0.7903695
430 0.39188015 0.8026693
259 0.57405 0.61051184
454 0.18071195 0.57405895
436 0.53197503 0.44165164
156 0.34808087 0.71068364
67 0.54462206 0.6496769
90 0.27061725 0.5702721
371 0.22888416 0.32176614
194 0.41050223 0.6734465
14 0.037769005 0.52428377
373 0.2522113 0.39189634
215 -0.0045475494 0.6795981
439 0.6361044 0.37875196
152 0.6747184 0.5830285
478 0.12600502 0.5993235
262 0.38536265 0.4327171
483 0.20113505 0.7302933
178 0.02132796 0.5906244
328 -0.16066116 0.3874735
148 0.6209996 0.50225514
95 0.53505355 0.77041477
117 0.16596137 0.23547441
10 0.23726593 0.5475195
444 0.0108046625 0.422653
307 0.28774846 0.54544485
251 0.27456114 0.30257475
449 0.12792937 0.5511923
416 0.51494366 0.46937886
494 0.34003663 0.535987
177 0.50808495 0.63011247
370 0.6019012 0.60725516
31 0.35441345 0.71288514
236 0.6025842 0.61386657
428 0.08128256 0.64731675
325 0.46231836 0.37324643
268 0.33829075 0.51613295
136 0.31449392 0.5172741
278 0.60801214 0.6273997
468 0.50726384 0.7855822
456 0.38930538 0.602469
232 0.326143 0.34848255
447 0.54605883 0.4104611
388 0.4511436 0.44311845
463 0.5398338 0.41338915
127 0.22564648 0.40548843
244 -0.06546556 0.14076623
445 0.49129683 0.39820302
336 0.37110698 0.07166822
238 0.116616584 0.33703417
276 0.09244501 0.43547523
175 0.24781609 0.39178073
382 0.534066 0.655257
132 0.39608935 0.6691096
426 0.47596055 0.57452995
40 0.0698921 0.39831898
53 0.16577952 0.5627583
477 0.061395157 0.35530797
269 0.49485838 0.35998368
496 0.43842092 0.24357682
99 0.35963383 0.4454009
355 0.1300126 0.6584559
472 0.22860807 0.48515913
486 0.19566031 0.50871927
295 0.06719551 0.3686904
322 0.36434728 0.41314662
250 0.18899983 0.48802048
424 0.046146534 0.32378846
188 0.36893523 0.3839582
116 -0.047975264 0.42244652
42 0.045535892 0.53231543
350 0.36895356 0.16090195
473 0.31367752 0.1788224
32 0.30023164 0.13321874
330 -0.06421614 0.43675497
