dtorgers 18 18 18 18 18 18 18 18 18 18 18 18 18 18 18 18 18 18 18 18 18 18 18 18 18 18 18 18 18 18 18 18 18 18 18 18 18 18 18 18 18 18 18 18 18 18 18 18 100
cdavin1 18 40 18 18 24 24 18 40 18 18 18 18 18 18 18 18 18 18 18 18 18 18 18 18 18 18 18 18 18 18 14 14 31 31 18 40 18 18 4 4 14 14 17 36 17 18 40 18 31 31 100
alebron1 18 18 18 18 18 18 18 18 18 18 24 24 18 18 18 18 18 18 18 18 18 18 18 18 24 24 18 40 18 18 18 18 4 4 17 17 31 31 14 14 24 36 24 18 40 18 18 18 18 100
ccooper8 18 40 18 18 18 18 18 18 14 14 18 37 18 18 18 18 18 18 4 4 17 36 17 31 36 31 100
nweindel 18 40 18 18 18 18 18 14 14 4 40 4 17 36 17 31 38 31 31 36 31 18 39 18 18 18 18 17 17 100
ntownsen 18 36 18 18 18 18 18 18 18 18 18 18 18 18 18 18 18 18 18 18 14 14 18 40 18 18 18 4 4 17 17 31 31 18 18 100
jberg2 18 18 18 18 18 18 18 18 18 18 18 18 31 31 100
fhita 18 6 6 30 30 2 2 18 40 18 18 6 6 2 2 18 39 18 18 18 18 18 18 100
mmcfarli 18 40 18 4 4 17 17 31 38 31 100
mlengwin 18 18 18 18 18 18 18 18 18 18 18 4 4 17 17 31 31 14 14 100
kwurl 18 40 18 18 18 18 18 18 18 18 18 14 14 17 17 4 4 100
ccampb20 18 6 6 14 14 2 2 30 30 18 38 18 18 18 18 4 4 17 17 31 31 14 14 18 40 18 31 31 100
pbrown10 18 18 2 2 6 6 30 30 18 18 18 18 18 18 18 18 18 18 18 18 31 31 100
rdiejoma 18 18 30 30 2 2 18 40 18 2 2 18 40 18 18 18 18 18 18 18 4 4 17 17 31 31 100
drogers1 18 18 18 18 18 18 18 18 18 18 18 18 18 18 18 18 14 14 31 40 31 18 40 18 18 18 4 4 17 17 31 31 18 18 100
cdelpila 18 18 18 18 18 18 18 18 18 18 18 18 14 14 4 4 17 36 17 18 36 18 31 31 100
cbolivar 18 39 18 18 18 18 18 18 18 18 18 14 14 4 4 18 18 17 17 31 31 100
muhlenbr 18 18 18 18 18 18 18 14 14 18 40 18 4 4 17 36 17 31 31 18 40 18 14 14 18 18 4 4 31 36 31 100
msmith75 18 18 18 1 1 18 40 18 18 18 18 18 18 14 14 18 40 18 18 4 4 17 36 17 4 39 4 31 31 18 40 18 100
pmcguir2 18 40 18 18 18 18 18 4 4 100
jstaten 18 18 14 14 4 4 17 17 31 31 18 40 18 100
mgirod 18 18 18 18 18 18 18 18 18 18 4 4 17 17 31 31 100
zgartenh 18 40 18 18 18 18 18 18 4 4 17 17 31 31 14 37 14 100
alabella 18 18 18 18 18 18 18 33 33 24 24 14 14 18 40 18 18 18 18 18 18 18 18 18 18 18 18 17 17 14 14 31 31 4 4 100
bferrer1 18 18 18 18 18 18 18 18 18 18 18 18 18 18 18 18 18 18 4 4 18 18 18 18 18 14 14 17 17 31 31 18 18 100
pcataldi 18 18 18 18 18 18 18 100
aohri 18 18 6 6 2 2 30 30 18 40 18 18 18 18 18 18 18 18 18 18 18 18 18 18 18 18 100
pklekamp 18 39 18 18 18 18 18 18 18 18 18 18 18 18 18 14 14 18 40 18 18 4 4 17 36 17 31 31 100
amccar10 18 2 2 6 36 6 30 30 18 18 18 18 18 18 18 18 14 14 18 40 18 18 18 18 18 18 18 100
nwamble 18 18 18 6 6 30 30 18 40 18 18 18 18 18 18 18 100
wwu5 18 40 18 4 4 17 17 31 31 100
wsuter2 18 18 18 18 18 18 18 18 4 4 17 17 31 36 31 100
thowe1 18 18 18 18 18 18 18 18 4 36 4 17 17 31 31 18 40 18 100
mmian 18 18 18 18 18 18 18 18 18 14 14 18 40 18 18 18 18 14 14 18 18 4 4 10 36 10 7 39 7 24 36 24 18 39 18 18 19 19 18 40 18 23 23 32 32 18 40 18 18 33 33 18 39 18 18 18 18 18 18 18 18 18 18 18 18 18 18 18 18 18 100
jhouge 18 6 6 30 30 2 2 18 40 18 18 18 18 18 18 4 37 4 17 17 31 31 100
slemaign 18 36 18 18 18 18 18 18 18 4 4 17 36 17 31 31 100
ldamoose 18 40 18 18 18 18 6 6 18 18 4 4 14 14 17 17 17 17 31 31 100
sburnbau 18 40 18 18 18 18 18 100
nwarren 18 18 100
bconnol3 18 39 18 18 18 18 18 18 4 39 4 17 17 31 31 14 14 18 36 18 100
rheitkam 18 37 18 18 18 18 4 4 17 17 31 31 14 14 100
jmullike 18 39 18 18 18 18 18 18 18 18 18 18 14 14 4 4 17 17 31 31 100
chickey3 18 18 18 18 18 18 18 18 18 18 18 18 18 18 18 18 18 18 18 18 18 18 18 18 18 2 2 18 40 18 6 6 30 30 2 2 100
athoma24 18 37 18 18 18 18 18 18 18 18 18 18 18 18 18 18 4 4 31 31 17 17 100
rgensler 18 40 18 18 18 18 18 18 14 14 18 40 18 14 14 4 4 17 17 31 36 31 100
kthornt4 18 18 100
pvlandis 18 18 18 18 14 14 18 40 18 18 31 31 18 40 18 18 4 4 18 18 17 17 31 31 18 40 18 18 100
mmizraji 18 18 18 18 14 14 18 18 4 4 17 17 31 31 18 40 18 100
zpavlin 18 40 18 18 18 18 18 14 14 18 40 18 18 14 14 17 17 18 36 18 100
ydeng3 18 18 18 18 18 100
kfox8 18 40 18 18 18 18 18 18 18 14 14 4 4 17 17 31 31 100
lsulli11 18 18 18 18 18 18 18 18 18 18 18 18 18 18 18 4 4 17 17 31 31 100
jgorman6 18 2 2 6 6 30 30 18 40 18 18 18 100
enunez 18 6 6 30 30 2 2 18 40 18 18 18 18 18 4 4 17 17 31 31 100
jdirksen 18 18 2 2 18 18 6 6 30 30 18 40 18 18 14 14 100
whornby 18 2 2 14 14 18 40 18 11 11 18 37 18 2 2 18 37 18 18 100
jwade5 18 18 18 18 24 24 18 40 18 18 18 18 18 31 31 18 39 18 18 4 4 17 17 31 31 100
mblatt1 18 37 18 18 18 18 4 4 17 17 31 31 14 14 100
jowusuko 18 11 11 13 13 15 15 14 37 14 18 40 18 18 18 18 18 18 18 18 18 18 18 14 14 18 40 18 18 18 18 18 18 18 100
mmang 18 40 18 18 18 18 18 18 18 18 18 100
waberger 18 40 18 18 18 18 18 14 14 31 31 4 4 17 17 18 40 18 18 14 14 31 31 100
llombar2 18 40 18 18 18 18 18 18 18 18 4 4 14 14 17 17 31 31 100
gkaiser 18 36 18 18 18 18 18 18 18 18 18 18 18 18 18 18 4 4 17 17 31 31 14 14 100
koconn27 18 2 2 6 6 30 30 18 40 18 18 18 18 18 18 18 31 31 100
aweishan 18 18 18 18 8 8 18 37 18 18 14 14 31 37 31 4 4 17 17 18 40 18 100
mcaskey 18 100
jguarino 18 2 2 18 40 18 18 18 18 18 18 18 18 100
cseymou2 18 39 18 18 18 18 18 18 14 36 14 4 4 17 17 31 31 100
dplagenz 18 18 18 4 4 14 14 17 17 31 31 100
csasso 18 18 18 18 18 18 18 18 18 18 18 18 14 14 4 4 17 36 17 31 31 100
amccar11 18 40 18 18 18 18 18 18 14 14 4 4 17 38 17 31 36 31 100
yshi6 18 18 18 18 100
minoue2 18 14 14 2 2 6 36 6 30 30 24 24 18 18 18 18 31 40 31 14 14 18 40 18 18 24 24 18 40 18 18 4 4 17 17 31 31 14 14 18 40 18 100
jwinebre 6 40 6 30 30 18 40 18 18 18 18 100
sgalbens 18 2 2 6 6 30 30 18 40 18 18 18 18 18 18 18 18 100
jlazzara 18 18 18 18 18 18 18 18 18 18 14 14 4 4 100
vruesch 18 18 18 18 18 18 4 4 17 17 31 31 100
nniere 18 18 18 18 18 100
ghong 18 4 4 17 17 31 31 100
bhogan1 2 2 18 18 6 6 30 30 18 40 18 18 18 100
wdu 18 18 18 18 18 18 18 26 26 19 36 19 18 40 18 18 18 18 100
tmercier 18 40 18 24 24 18 40 18 18 18 18 18 4 4 31 31 17 17 100
esunshi1 18 18 18 18 18 18 18 4 4 17 17 14 14 31 31 100
eevans9 18 18 100
bkenney1 18 40 18 100
cdieckma 18 40 18 18 18 18 18 31 31 4 4 17 17 100
mcoggins 18 40 18 18 2 2 18 40 18 18 4 4 17 17 31 31 100
lblitzer 18 36 18 18 18 18 18 4 4 18 40 18 18 100
jdelledo 18 40 18 14 14 18 40 18 31 31 4 4 17 17 100
mfreedlu 18 40 18 18 18 18 18 4 4 17 17 31 31 100
tprice4 18 40 18 18 18 4 4 17 17 31 31 100
lbarret2 18 40 18 18 18 18 18 4 4 31 31 17 17 14 14 100
eralph 18 18 18 18 24 24 18 40 18 4 4 17 17 31 31 18 18 100
bhalliga 18 40 18 100
sroennec 18 40 18 18 18 18 18 14 14 4 4 17 17 31 31 18 40 18 4 4 17 17 31 31 14 14 100
jmurph32 18 40 18 18 18 18 18 18 18 18 14 14 4 4 17 17 18 40 18 18 18 18 18 18 18 6 6 17 17 31 31 100
cfrentze 18 40 18 18 18 18 18 18 18 14 14 4 4 17 17 31 31 100
mnewcome 18 40 18 18 31 31 17 17 4 4 14 14 100
jsitarsk 30 30 18 40 18 18 18 18 100
tpreko 18 14 14 31 31 4 4 17 17 18 37 18 18 100
mtreacy 18 18 18 4 4 17 17 31 36 31 100
ccampb21 2 2 30 30 18 18 18 18 18 18 18 18 18 4 4 18 18 100
rrivera8 18 4 4 31 31 14 14 17 36 17 31 36 31 18 40 18 100
rblack4 18 18 18 18 18 18 18 18 18 18 4 4 17 17 31 31 100
jwelsch 18 40 18 18 18 18 18 18 4 4 17 17 31 31 100
jgately1 18 40 18 18 18 18 18 18 18 18 18 18 100
gdean 18 4 4 17 40 17 31 31 18 40 18 100
ewigutow 18 40 18 18 18 18 4 4 17 17 31 31 18 18 100
dgibbon2 18 2 2 18 40 18 18 18 18 18 18 18 18 100
cmorton2 18 18 6 6 30 30 18 40 18 18 100
mrooney6 18 18 18 14 14 8 8 25 25 28 28 9 9 21 21 18 18 6 6 18 36 18 18 4 4 17 17 31 31 14 14 100
mmoran12 18 4 4 17 17 100
jwalte10 18 40 18 31 31 4 36 4 17 17 14 36 14 18 39 18 100
jcarney6 18 40 18 18 18 17 17 18 18 18 4 4 17 17 31 37 31 100
pmeyer3 18 40 18 18 18 14 14 4 4 17 36 17 31 31 17 36 17 100
icallaha 18 18 14 14 4 4 17 36 17 18 40 18 18 31 31 18 18 14 14 4 4 17 36 17 100
dtoth1 18 2 2 18 40 18 18 18 18 100
kkostola 18 6 6 30 30 18 40 18 18 14 14 18 39 18 18 18 18 18 18 4 4 17 17 31 37 31 100
dlee26 18 40 18 18 18 18 18 18 18 14 14 4 4 17 17 31 31 18 40 18 100
yying 2 2 30 30 18 40 18 18 18 18 18 18 18 18 18 18 18 100
swagy 18 40 18 18 18 18 18 18 18 18 18 18 14 14 4 4 17 17 31 31 100
rroque1 18 2 2 6 6 30 30 18 40 18 18 18 18 18 18 100
kdantoni 18 40 18 18 14 14 17 17 31 31 100
wmohler 18 40 18 18 4 36 4 17 17 31 31 14 14 18 40 18 100
lklein1 18 18 18 4 4 17 17 31 31 18 18 100
jbecker9 18 18 18 18 18 6 6 30 30 2 2 18 40 18 18 18 4 4 17 17 31 31 100
hrague 18 18 18 18 18 18 18 18 14 14 4 4 17 17 31 31 100
cott 18 37 18 18 18 18 18 4 4 17 17 31 31 14 14 100
mholzbau 18 39 18 4 4 17 17 31 31 18 40 18 4 4 17 17 31 31 18 40 18 31 31 100
mhawkin3 18 18 18 18 4 4 17 17 31 31 100
lharmon 18 40 18 14 14 18 18 18 31 31 18 40 18 4 4 18 40 18 18 4 4 17 17 100
elazzaro 18 6 6 30 37 30 2 2 18 18 14 14 100
tburley 18 6 6 2 2 18 40 18 18 2 2 18 39 18 18 100
shenn 18 18 18 18 18 18 31 31 4 4 100
jgomez5 18 18 18 14 14 4 4 17 17 31 31 18 40 18 34 34 10 10 7 7 18 40 18 18 100
jfries3 18 40 18 18 18 18 4 4 17 17 31 31 100
bniemoel 18 18 2 2 18 38 18 18 30 30 18 40 18 18 6 6 18 40 18 18 18 100
kriordan 18 39 18 18 18 18 18 18 18 100
jmurph33 18 18 18 18 18 14 14 31 31 4 4 17 17 100
dcorr1 18 2 2 18 36 18 30 30 6 6 18 40 18 18 18 18 18 18 18 18 100
cemenalo 18 40 18 18 18 18 28 28 18 40 18 4 4 14 14 18 18 17 17 31 31 18 36 18 100
yjung2 18 2 38 2 6 38 6 30 30 18 37 18 18 2 39 2 18 18 18 18 31 31 100
rpappas 18 40 18 18 18 4 4 17 17 100
mmerric1 18 2 2 6 6 30 30 18 40 18 18 18 100
mdosch 18 4 4 17 17 31 31 100
jbettag 18 18 100
jbernin1 18 39 18 6 6 30 30 18 18 18 18 31 39 31 24 24 18 40 18 18 4 4 17 17 31 31 100
gbruenin 18 18 18 18 18 4 4 17 17 31 31 18 18 18 18 100
ddallava 18 18 14 14 4 4 18 40 18 31 31 14 14 4 36 4 17 17 18 36 18 100
cgamboa 18 18 18 18 18 18 18 18 18 18 4 4 17 17 31 31 100
nquartir 18 40 18 18 17 17 4 4 31 31 18 40 18 18 18 100
lfaubion 18 40 18 18 18 18 18 31 31 18 39 18 4 4 17 17 100
cwilso24 18 40 18 18 18 18 14 14 17 36 17 4 4 31 40 31 100
aursino1 18 36 18 18 18 18 18 18 100
msummer2 18 18 18 18 18 18 18 18 4 4 17 17 31 31 100
kramm 18 40 18 18 14 14 18 40 18 18 18 4 4 17 17 31 31 100
jchapple 18 6 6 30 30 2 36 2 18 40 18 24 24 18 40 18 18 18 18 18 18 18 14 14 18 36 18 18 18 4 4 17 17 100
jbonds 18 40 18 100
dbirzer 18 2 2 30 30 6 6 18 18 18 100
cfish 18 40 18 18 4 4 17 17 31 31 14 14 18 40 18 18 100
nholmes1 14 14 4 4 31 31 17 40 17 100
ngiovino 18 36 18 18 18 18 18 18 2 2 14 14 4 4 17 17 31 31 100
eherber1 18 36 18 18 18 14 14 4 4 17 17 31 31 18 40 18 18 18 100
cgallag3 18 40 18 18 14 14 4 4 17 17 100
tzheng2 18 18 18 18 18 4 4 17 17 31 31 100
mgerber 18 40 18 4 4 18 40 18 17 17 31 31 14 14 100
jcolli23 18 40 18 100
awalton3 18 40 18 2 2 18 18 18 18 18 18 18 18 4 4 17 17 31 31 100
vwhitmor 18 18 4 4 18 18 14 14 17 17 31 31 4 36 4 100
rpellica 18 18 18 2 2 18 36 18 30 30 18 40 18 18 18 18 18 18 14 14 4 4 17 17 31 31 100
rmyers9 18 40 18 4 4 17 17 31 31 14 14 18 40 18 100
mdillon7 18 40 18 18 18 18 18 14 14 4 4 100
jdoerer 2 2 6 36 6 30 30 18 40 18 18 18 18 18 18 18 18 18 18 4 4 100
gbiltz 18 37 18 100
aheck1 18 18 18 18 14 14 4 4 17 17 31 31 100
ucooper 18 18 18 2 2 6 6 30 30 18 40 18 18 100
rschill1 18 2 2 18 38 18 30 40 30 6 6 14 14 18 18 2 2 18 40 18 18 18 18 18 100
mschlic1 18 39 18 6 6 30 37 30 18 40 18 18 18 31 31 4 4 17 17 100
mperry6 18 40 18 18 18 18 18 4 4 17 17 31 31 18 40 18 100
jfenton1 18 36 18 18 17 17 31 31 18 36 18 100
csauder 18 18 6 6 30 30 2 2 18 18 18 18 18 100
alowney 2 2 6 6 30 30 100
zkagalw1 6 6 30 30 18 40 18 24 24 18 40 18 18 4 4 100
swilkin4 18 40 18 18 18 18 14 14 6 6 4 4 17 17 31 31 100
imarx 18 36 18 18 18 18 14 14 17 17 4 40 4 100
cschmid7 18 18 24 24 18 40 18 18 18 6 6 30 30 2 2 18 40 18 4 4 17 17 31 31 100
awang4 18 6 6 30 30 18 40 18 2 2 18 40 18 18 18 100
abenavi3 18 40 18 18 4 4 17 17 31 31 14 14 100
sweyhmil 18 36 18 18 18 18 18 18 4 4 17 17 31 31 100
sgenz 18 40 18 18 18 18 18 18 14 14 18 40 18 4 4 17 17 31 31 14 14 100
mwu4 18 18 18 18 18 100
jleporte 18 18 18 14 14 18 40 18 18 18 18 4 4 17 17 31 31 3 3 24 24 7 7 33 33 10 10 34 40 34 18 37 18 18 32 32 18 40 18 14 14 31 31 4 4 17 17 100
adichris 18 14 14 18 40 18 4 4 17 17 31 31 100
scrotty1 18 18 18 4 38 4 17 17 31 31 100
pdesousa 18 40 18 18 18 4 4 100
mkuehl 18 40 18 18 18 18 4 4 17 17 31 31 100
lfitter 2 2 6 6 30 30 18 40 18 18 18 18 18 18 18 18 100
kenriett 18 2 2 6 38 6 18 40 18 18 4 4 18 39 18 17 17 31 36 31 18 40 18 100
jruan 18 40 18 18 18 18 14 14 18 40 18 18 4 4 17 39 17 31 31 100
hzahour 18 18 2 2 18 18 6 6 30 30 18 40 18 18 18 18 18 18 18 4 4 17 17 31 31 18 18 100
emostyn 18 18 2 2 18 40 18 18 18 18 24 24 18 40 18 4 4 17 17 31 31 100
edohert1 18 18 18 18 18 6 6 14 14 30 30 2 2 18 40 18 18 18 18 4 4 17 36 17 31 31 100
amellert 18 2 2 6 6 30 30 18 40 18 18 18 18 18 18 18 18 100
aandrade 18 38 18 18 18 18 4 4 17 17 31 31 100
tdann 18 40 18 18 18 17 17 4 4 100
sielusic 18 40 18 18 18 4 4 17 17 31 31 100
mlicursi 18 40 18 18 18 18 4 4 17 17 31 31 14 14 100
mdrake2 18 40 18 18 18 18 18 18 18 14 14 2 2 18 40 18 18 18 31 39 31 100
lhe3 18 40 18 18 18 18 14 14 18 40 18 18 14 14 18 40 18 14 14 31 31 18 40 18 17 17 31 36 31 100
inegroro 18 18 18 18 18 18 14 14 17 17 4 4 100
afonash 18 18 18 14 14 4 4 17 17 31 31 100
obarnard 18 18 18 18 4 4 17 17 100
nbenz 18 40 18 14 14 18 39 18 18 18 14 14 4 4 17 36 17 31 31 100
lhuang3 18 40 18 4 4 17 17 31 31 100
jwessele 18 4 4 17 17 31 31 18 18 18 100
jmastron 18 40 18 14 14 17 17 4 4 31 31 100
dmarino 18 40 18 18 18 18 14 14 7 40 7 100
cpickfor 18 4 4 17 17 31 36 31 14 36 14 100
obaitlot 18 18 18 18 13 13 15 15 18 18 18 2 2 18 18 6 6 30 30 18 40 18 18 18 18 18 100
kmollenk 18 6 6 2 2 30 30 18 40 18 18 31 31 14 14 24 24 33 33 18 40 18 18 18 14 14 18 40 18 4 4 18 37 18 17 37 17 18 40 18 100
ccarlso2 18 40 18 18 14 14 31 31 18 40 18 18 4 4 17 38 17 31 36 31 18 38 18 100
bmoreno1 18 18 2 2 6 36 6 30 36 30 18 40 18 18 100
smanriqu 18 40 18 18 18 31 31 18 40 18 14 14 4 4 17 17 31 31 100
mmillado 18 18 18 18 18 18 6 6 30 30 2 36 2 18 40 18 18 18 18 18 18 4 4 17 17 31 31 100
mferrel2 18 40 18 100
ldougla3 18 40 18 18 18 4 4 17 17 31 31 14 14 18 40 18 17 17 100
jmcconn1 2 36 2 6 39 6 18 40 18 18 18 18 18 100
ecahill 18 40 18 18 18 31 31 18 40 18 18 100
dshaw4 18 40 18 18 18 18 18 4 4 14 14 17 17 31 40 31 100
alucche1 18 40 18 18 14 14 4 4 17 17 31 31 100
odonnel1 2 2 6 39 6 30 30 18 40 18 18 18 18 18 18 100
mpirko 18 40 18 18 14 14 4 4 17 17 31 31 18 18 100
mlyden1 18 18 18 14 14 4 4 17 17 31 31 100
mdekold 18 36 18 100
eschnaut 18 18 24 24 18 40 18 100
esalina1 18 18 14 14 18 40 18 13 13 6 6 30 30 18 40 18 18 4 4 17 17 31 31 14 14 100
adiederi 18 18 18 4 4 17 17 31 31 14 14 100
sholtz1 18 40 18 18 4 4 17 17 31 31 18 36 18 14 14 18 40 18 100
sdann 18 14 14 31 31 18 18 4 39 4 17 17 100
pkolek 18 36 18 18 18 18 18 18 4 4 17 36 17 31 37 31 100
nhaymond 18 18 4 4 17 17 31 31 18 39 18 18 100
kmuha 18 40 18 14 14 4 4 17 17 31 31 100
kfeehan 18 6 6 30 30 2 2 18 18 18 18 18 18 18 18 18 18 4 4 17 17 31 31 100
kalme 18 18 18 18 18 18 100
ivaldess 18 14 14 4 4 17 39 17 18 36 18 100
esmith30 2 2 18 18 18 18 18 18 100
ctoudouz 18 18 18 6 40 6 30 30 2 2 18 40 18 18 18 18 18 18 18 18 14 14 18 40 18 31 31 100
sreddy4 18 18 4 4 17 17 31 31 18 40 18 18 18 100
rboylan 18 40 18 18 18 18 4 4 17 17 31 31 18 40 18 100
ncheng 18 18 18 4 4 17 17 31 31 14 14 100
jzelinsk 18 18 4 4 17 17 31 31 100
jcuji 18 2 2 18 18 18 18 11 11 18 40 18 18 100
gworthin 18 40 18 18 14 14 17 39 17 31 31 100
dfabrega 18 14 14 31 31 17 36 17 4 4 100
adunniga 18 40 18 18 18 18 18 4 4 17 36 17 31 31 100
skolda 18 40 18 14 14 18 40 18 31 31 17 17 4 4 100
scrippes 18 2 2 18 39 18 18 2 2 6 6 30 30 18 40 18 18 18 100
mschutze 18 40 18 18 14 14 4 4 17 17 31 31 100
mpavloff 18 18 4 39 4 17 17 31 31 14 14 100
lnixon1 18 18 24 24 18 40 18 18 4 4 17 17 31 31 18 18 100
kmurray7 18 40 18 18 18 6 6 18 18 18 14 14 18 40 18 18 14 14 17 17 4 4 14 14 31 31 100
jshard 18 36 18 18 18 14 14 31 31 18 40 18 14 14 4 4 17 36 17 31 31 100
hthomps4 18 6 6 30 30 18 40 18 18 4 4 17 17 31 31 100
ewood1 18 40 18 14 14 4 4 17 17 31 31 18 18 18 7 7 18 40 18 34 34 10 10 26 37 26 19 19 3 3 100
estrouse 18 18 14 14 17 17 4 4 31 31 18 18 18 100
sekanay1 18 40 18 14 14 18 40 18 18 14 14 100
odegnim 18 40 18 18 18 4 4 17 17 31 31 100
kcox5 18 14 14 31 31 4 39 4 17 17 18 18 100
kborotho 18 40 18 100
jbertram 18 24 24 100
hbyrne 18 18 4 4 17 17 31 31 14 14 18 40 18 18 18 100
ggulyas 18 18 6 6 30 30 2 2 18 18 18 4 4 17 17 31 31 100
ekeuler 18 18 100
egeyer1 18 18 18 4 4 17 17 31 31 14 14 100
dlong2 18 18 18 18 14 14 18 18 18 4 4 31 36 31 100
bpierpoi 18 2 2 18 40 18 18 18 18 18 18 100
apavelka 18 18 18 18 4 4 17 17 31 31 14 14 100
rbartle1 18 18 18 18 18 18 18 18 18 4 4 17 17 31 31 100
nyusko1 18 100
motten1 18 40 18 18 18 18 14 14 31 31 4 4 17 17 100
molsen3 18 6 6 30 30 18 40 18 18 18 14 14 4 4 17 17 31 31 100
mdambros 18 18 100
kmountf1 18 18 18 30 30 18 40 18 18 18 4 38 4 17 17 31 31 100
jeversol 18 18 18 4 4 17 17 14 14 18 18 100
etorrent 18 18 18 4 4 17 17 31 31 100
ereynol5 18 40 18 18 31 31 4 4 17 17 14 14 100
epark5 18 18 18 100
dpatel2 18 40 18 18 14 14 4 4 17 36 17 31 31 100
cmoreno5 18 18 17 17 6 6 4 4 31 31 14 14 100
bgawel 18 18 6 6 30 30 2 2 18 40 18 100
bconlon 18 39 18 2 2 6 36 6 30 30 18 40 18 18 18 18 18 4 4 18 18 100
apanousi 18 18 18 18 18 18 18 100
tngochi 18 18 18 18 14 14 4 4 17 17 31 40 31 18 36 18 14 14 4 4 100
tdasso 18 40 18 4 4 14 14 31 31 17 17 18 40 18 4 4 17 17 31 31 100
rwittmer 2 2 6 6 30 30 18 40 18 18 18 18 18 18 18 18 18 18 18 18 100
rvazza 18 40 18 18 18 18 18 18 4 4 17 17 31 31 100
nhong 18 18 4 4 17 17 31 31 18 40 18 18 18 14 14 34 34 7 7 10 10 18 40 18 26 37 26 19 19 3 3 24 24 32 32 23 23 33 33 18 40 18 18 100
mrohling 18 18 18 18 18 18 18 100
dsmith53 18 2 2 6 6 30 30 18 18 18 18 18 18 13 13 15 15 4 4 17 17 31 31 18 18 18 18 100
cdowicz 18 18 30 30 2 2 18 40 18 18 18 18 100
bnakfoor 18 40 18 18 14 14 4 39 4 17 37 17 31 31 100
akhemani 18 18 2 2 6 6 30 30 18 40 18 100
ahughes8 18 18 30 30 2 39 2 18 40 18 4 4 100
tperey 18 40 18 18 18 18 18 18 14 14 4 4 17 17 31 31 100
mmccor15 18 18 4 37 4 17 36 17 31 31 100
mgray10 18 40 18 18 18 6 6 30 30 18 18 14 14 4 4 17 17 31 31 100
mfraizer 18 40 18 18 18 18 18 18 18 18 13 13 18 18 6 6 2 2 30 30 18 40 18 100
lherna11 18 40 18 4 4 17 17 14 14 31 31 100
jmolumph 18 40 18 18 18 18 18 4 4 17 17 31 31 18 40 18 100
hzweberl 18 40 18 18 18 18 4 4 14 14 17 17 31 31 100
dserafin 18 40 18 14 14 24 24 4 4 17 38 17 18 40 18 31 31 14 14 100
bpowell4 18 18 14 14 2 2 30 30 18 40 18 18 18 18 14 14 17 17 14 36 14 18 18 100
mdownin1 18 18 18 18 18 14 14 4 4 17 17 31 31 100
lduggan 18 40 18 18 14 14 17 17 31 31 100
kbulleit 18 40 18 18 18 18 18 18 14 14 4 4 17 17 31 36 31 100
jplas 18 4 4 17 36 17 18 36 18 100
jbrown36 4 39 4 31 37 31 34 34 18 40 18 2 2 100
dkim30 18 18 18 18 18 18 18 18 18 18 18 4 4 17 17 31 31 100
cpantin 18 15 15 13 13 6 6 2 2 18 40 18 100
cmyers11 18 39 18 4 4 31 31 17 17 17 17 18 36 18 100
amora2 18 18 18 18 18 18 18 18 18 18 18 4 4 17 17 31 31 31 31 100
adrisco2 18 18 18 100
xtsai 30 30 18 40 18 18 18 31 31 7 7 18 40 18 13 13 18 39 18 100
nisakson 18 2 2 18 36 18 30 30 6 6 18 40 18 18 18 100
kmurph44 18 18 18 14 14 4 4 17 17 31 31 18 40 18 18 100
ibushue 18 18 31 31 4 4 17 17 14 14 18 40 18 100
hadams3 18 18 11 11 18 40 18 18 14 14 2 2 30 30 6 6 18 40 18 18 4 4 17 17 31 31 18 40 18 18 100
enichol4 18 4 4 18 40 18 17 17 14 14 31 31 18 18 100
egroth 18 18 18 14 14 4 4 17 17 18 36 18 31 31 14 14 100
aheinzma 18 39 18 18 18 4 4 17 17 31 31 14 14 18 18 100
adecker1 18 40 18 18 18 14 14 4 4 17 17 100
aameen 18 40 18 18 18 18 14 40 14 4 4 17 36 17 31 31 100
zwall 18 40 18 18 18 18 4 4 17 17 31 31 100
smonaha1 11 11 18 40 18 18 18 18 2 2 7 7 24 24 18 40 18 18 18 18 18 18 18 18 18 18 100
sdeschne 18 14 14 31 31 17 17 4 4 18 40 18 100
mowen 18 40 18 4 4 17 17 31 39 31 100
lwatts1 18 40 18 18 18 100
krochefo 18 40 18 14 14 4 4 17 17 31 31 100
gniforat 18 40 18 6 6 30 30 2 2 18 36 18 18 100
evandier 18 6 6 30 30 2 2 18 40 18 14 14 4 4 17 17 31 31 100
eclapp 18 37 18 18 18 18 18 18 18 18 18 18 14 14 2 2 6 6 30 30 18 40 18 18 4 4 100
awaldsch 18 40 18 18 18 4 4 17 17 31 31 18 40 18 100
adevito1 18 2 2 6 39 6 30 30 18 40 18 4 4 17 17 100
tsilva1 18 40 18 100
oivan 2 2 30 30 18 40 18 18 18 18 14 14 31 31 17 36 17 4 4 100
mjorden 18 13 13 18 40 18 4 4 17 17 31 31 14 14 100
ldorenko 18 14 14 17 17 31 31 4 4 100
ktracey 18 40 18 14 14 31 31 18 40 18 4 4 17 37 17 100
krothmey 18 40 18 4 4 17 17 31 31 100
kbiladea 18 18 13 13 15 15 18 18 6 6 30 30 2 2 14 14 18 36 18 18 18 18 18 18 18 18 6 6 30 30 2 2 4 4 100
jweas 18 40 18 18 14 14 18 18 18 4 4 17 17 31 31 100
jgoldsch 18 100
jdraves 18 18 18 18 14 14 4 40 4 17 17 31 31 100
gotte1 18 2 2 18 40 18 18 18 100
etruesda 18 18 18 18 18 6 6 30 30 2 2 14 14 18 40 18 4 4 17 17 31 31 18 40 18 100
emeara 18 36 18 4 4 17 17 100
cnilsen 18 40 18 18 18 18 14 14 31 31 18 18 4 4 17 17 100
bmurph24 18 40 18 18 14 14 18 18 17 17 18 40 18 4 4 31 36 31 100
azammit 18 18 24 24 18 40 18 24 24 18 40 18 24 24 100
arabbitt 18 40 18 100
wcheong 18 18 2 2 6 37 6 30 30 18 40 18 18 18 18 18 100
kmoran11 18 40 18 18 18 4 4 17 17 31 31 100
kgalla21 18 40 18 14 14 18 40 18 17 17 4 40 4 31 31 100
kgalla20 18 40 18 18 18 4 4 17 36 17 31 31 100
kfranz1 18 40 18 18 18 14 14 18 40 18 4 4 17 37 17 31 31 14 37 14 100
jsutton3 18 40 18 18 18 100
jhegart2 18 18 2 2 18 18 18 2 2 18 18 6 6 30 30 18 18 18 30 30 18 40 18 18 14 14 100
japplew1 18 18 100
imurrer 18 18 4 4 17 17 31 31 100
fschemel 18 40 18 14 14 17 17 31 31 100
fprimozi 18 100
elinares 18 40 18 18 18 18 4 4 17 17 31 31 18 18 100
cmulshin 18 40 18 14 14 4 4 31 31 17 17 100
cmagnuss 18 2 2 6 37 6 30 30 18 40 18 18 18 18 100
ccleary1 18 18 18 14 14 4 4 17 17 31 31 100
abohling 18 18 18 100
mscanish 18 40 18 18 31 31 4 4 17 17 33 37 33 18 18 100
mkirven 18 6 6 30 30 18 36 18 2 2 18 40 18 18 18 100
lkim3 18 36 18 4 4 17 17 31 31 100
lgrabows 18 40 18 18 18 18 18 18 18 4 36 4 18 18 100
lcaffar1 18 40 18 18 18 18 18 18 18 4 4 14 14 17 36 17 31 31 100
kliang2 18 18 18 6 6 30 30 2 2 14 14 18 37 18 18 100
jnowak4 18 40 18 18 18 18 18 18 18 18 4 4 17 36 17 31 31 18 37 18 100
hcheng1 18 18 100
bmerrick 18 40 18 18 18 14 14 17 17 100
bgagnon 18 18 18 18 31 31 14 14 18 36 18 17 17 4 4 100
tmansell 18 40 18 14 14 2 2 18 40 18 6 6 30 30 18 37 18 18 14 14 4 4 17 38 17 31 31 100
rrocco 18 18 18 18 2 2 6 6 30 30 18 40 18 18 24 24 18 40 18 14 14 4 4 17 17 31 31 18 40 18 100
rpuno 18 40 18 18 4 4 17 17 31 31 14 14 100
lyan4 18 40 18 18 18 4 4 31 31 17 17 17 17 100
kpresteg 18 2 2 18 36 18 6 6 30 30 18 40 18 18 4 4 17 17 31 31 100
jbaines 18 18 14 14 18 39 18 4 40 4 17 17 31 31 18 18 100
blemay 6 6 30 30 18 18 18 2 2 14 36 14 18 40 18 4 4 17 17 31 31 14 36 14 18 39 18 18 100
aromano2 18 18 18 18 4 4 17 17 31 31 14 14 18 36 18 100
alongsta 18 40 18 18 4 40 4 17 17 31 31 100
szachari 18 18 18 14 14 4 4 17 17 31 31 100
spalumb1 18 40 18 4 4 14 14 18 40 18 18 4 4 14 14 17 17 31 31 14 14 18 18 100
pcamara 4 4 100
operez2 18 14 14 4 4 17 17 100
nvincent 18 4 4 17 17 31 36 31 100
lgelin 18 39 18 24 24 18 40 18 18 18 13 13 4 37 4 17 36 17 31 31 100
ldomenel 18 18 18 13 13 2 2 18 40 18 6 6 18 18 30 30 14 14 18 40 18 18 31 31 100
lcho 18 18 18 18 18 15 15 4 4 17 17 31 31 100
jpaul2 18 18 17 17 4 4 18 40 18 18 100
ischmitz 18 40 18 18 18 4 4 17 17 31 31 100
egorman5 18 40 18 18 14 14 4 4 17 17 2 2 31 31 100
eeagle 18 18 4 4 17 17 31 31 100
dallen13 18 18 6 6 2 2 18 40 18 18 18 18 18 18 18 100
cdenzel 18 18 14 14 4 4 17 17 18 18 18 31 31 100
asowell 18 39 18 18 18 4 4 17 17 31 31 100
yzou2 18 2 2 18 36 18 6 6 30 30 18 40 18 18 18 100
speter14 18 40 18 18 18 18 14 14 4 4 17 17 31 31 34 36 34 7 7 26 36 26 19 19 3 3 32 36 32 23 23 33 33 18 40 18 18 18 18 18 18 100
pmcmonag 18 18 18 18 4 4 17 17 31 31 14 14 100
kpaulsen 18 40 18 18 4 4 17 17 31 36 31 100
kjacoby1 18 18 31 31 18 40 18 18 4 4 17 36 17 100
jruane 18 40 18 4 4 17 36 17 31 31 14 14 100
jdodig 18 18 2 2 6 40 6 30 30 100
gcramer1 18 2 2 6 36 6 30 30 18 40 18 18 18 100
everhey 18 18 18 18 18 4 4 14 14 100
esoller 18 4 4 18 38 18 18 6 6 30 30 18 40 18 2 2 18 40 18 18 4 4 17 17 31 37 31 18 18 100
egorman6 2 2 30 30 6 39 6 18 40 18 18 100
ckotseos 18 18 18 18 18 18 18 18 4 4 17 17 31 31 100
cganley 18 40 18 4 4 17 17 31 31 14 14 100
bfraser 18 40 18 18 18 14 14 18 18 4 4 17 17 31 31 100
asweet 18 2 2 18 36 18 6 6 30 30 18 40 18 100
apaik 18 2 2 18 18 18 18 18 18 14 14 100
thuber1 18 40 18 18 14 14 4 4 17 17 31 31 100
sincera 18 2 2 6 6 30 30 18 40 18 18 100
phennes2 18 40 18 14 14 100
msahd 18 18 18 18 14 37 14 17 17 31 31 100
mcabrer1 18 40 18 31 31 4 4 18 40 18 18 17 17 100
kkolleck 18 38 18 18 4 4 17 17 31 31 100
jreeg 18 18 2 2 30 30 6 6 18 40 18 31 31 17 17 4 4 100
jgonnard 18 40 18 100
hsarkey 18 2 2 6 6 30 30 18 40 18 14 14 100
hholden 18 40 18 4 36 4 17 36 17 31 38 31 100
epil 18 18 18 7 7 18 40 18 18 18 18 18 18 18 14 14 17 17 4 4 18 18 100
awitte 18 40 18 18 4 4 17 17 31 31 100
trogers6 18 37 18 18 1 1 18 40 18 4 4 17 17 31 31 18 40 18 18 18 14 14 100
tfross 18 40 18 4 4 17 17 31 31 14 14 100
taguirre 18 40 18 18 18 18 4 4 17 17 31 31 100
sbindel 2 2 30 30 6 6 18 40 18 18 100
rmaqbool 18 2 2 6 39 6 30 30 18 40 18 18 100
kcockrel 18 40 18 4 4 17 17 31 31 14 14 100
jmarino6 18 40 18 18 14 14 4 4 18 40 18 17 17 31 31 100
eguenthe 18 18 6 6 30 30 2 2 18 40 18 18 18 18 6 6 30 30 4 4 17 17 31 31 100
ecaradon 18 40 18 18 14 14 4 4 17 17 31 31 100
creid4 18 18 18 14 14 4 4 17 38 17 31 31 100
carizama 18 36 18 18 18 18 18 18 14 14 31 31 17 17 100
anataraj 18 40 18 18 18 14 14 4 40 4 17 39 17 31 31 100
svukovit 18 18 18 4 4 17 17 31 31 100
msteph11 18 40 18 18 14 14 4 4 17 17 31 37 31 100
mraster 18 40 18 18 18 4 4 18 18 17 17 31 31 100
lbognar1 18 18 6 6 18 18 18 18 18 18 24 24 18 40 18 18 14 14 18 40 18 14 14 18 18 17 17 100
lbakke 18 6 6 30 30 2 2 18 18 4 4 17 17 18 40 18 18 18 31 31 100
jzacher 18 40 18 18 18 18 4 4 17 17 31 31 100
jheath3 18 40 18 14 14 4 36 4 17 17 31 31 100
hduan 18 36 18 2 2 18 40 18 4 4 100
gvargas 18 18 14 14 4 4 17 36 17 31 31 100
erogan 18 18 14 14 4 4 17 17 31 31 18 40 18 100
epuntill 18 14 14 2 2 6 6 30 30 18 40 18 18 14 14 4 4 17 17 31 31 100
ebarthel 18 18 15 15 18 39 18 6 6 30 30 18 40 18 30 30 18 36 18 18 18 18 18 100
eallgaie 18 36 18 30 30 18 40 18 18 18 100
dlipa 18 40 18 18 18 14 14 4 4 18 36 18 17 17 31 36 31 100
csmith71 18 18 18 18 14 14 31 31 18 36 18 4 4 17 17 100
clucas4 18 40 18 18 18 14 14 18 40 18 4 4 17 36 17 31 36 31 100
clowney1 18 14 14 2 2 18 40 18 18 18 14 14 18 18 17 17 4 4 31 36 31 100
bsailer1 18 14 14 31 31 100
bburger 18 18 18 4 4 17 17 31 31 14 14 18 36 18 100
bbishop2 18 18 14 14 4 4 17 17 100
alifka 18 18 14 14 4 4 17 36 17 100
alee25 18 40 18 18 18 14 14 31 31 6 6 4 4 17 17 100
ttarkles 18 40 18 100
tkhong 18 40 18 18 18 18 4 4 17 17 31 31 4 4 18 40 18 18 100
sschmit1 18 18 31 31 17 17 4 4 100
rsulli13 18 40 18 2 2 18 40 18 18 18 100
plally 18 6 6 30 30 18 40 18 4 4 18 18 14 14 17 17 31 31 100
mwhelan3 13 13 15 15 14 36 14 18 40 18 18 18 18 100
mmccabe6 18 18 100
mkeller6 18 2 37 2 6 6 4 4 18 39 18 18 14 14 18 18 100
mhare1 18 14 14 4 4 17 17 31 36 31 100
mdadamio 18 40 18 18 18 14 14 31 39 31 4 39 4 17 40 17 100
khinish 18 18 18 18 2 2 18 40 18 100
hschwart 18 40 18 31 31 17 17 4 4 18 40 18 100
hparkhil 18 18 18 18 4 4 18 18 17 17 31 31 18 40 18 100
emcdowel 2 2 4 4 6 6 30 30 18 18 18 100
dnaquin 18 14 14 4 36 4 17 17 31 31 100
abenedic 18 4 4 17 17 31 31 14 14 18 40 18 18 4 4 17 17 100
wdefaria 18 2 2 18 18 18 6 6 30 36 30 18 40 18 100
tcomer 18 40 18 100
tcarnes 18 40 18 4 4 17 17 31 36 31 100
rduffy3 18 14 14 18 40 18 14 14 100
narmbrus 18 39 18 18 18 15 15 18 40 18 18 18 31 31 17 17 4 4 100
mritten 18 14 14 18 40 18 18 4 4 14 14 17 36 17 100
mdonne10 18 40 18 100
kperez4 18 18 6 6 30 30 18 40 18 100
jsuttman 18 40 18 18 18 4 4 17 17 31 31 100
jgriff12 18 4 4 17 17 31 31 18 40 18 34 34 7 7 10 10 26 40 26 19 19 3 3 18 40 18 24 24 100
jables 18 40 18 2 2 18 18 18 18 18 14 14 31 31 4 38 4 17 17 18 39 18 100
eforbes1 18 40 18 18 14 14 31 31 4 4 17 17 100
ccorse 18 2 2 6 6 30 30 18 40 18 18 100
asmith56 18 18 18 18 6 6 30 30 2 2 18 37 18 18 18 18 18 34 34 4 4 17 17 14 14 31 31 100
acook8 18 18 4 4 100
abojczuk 18 2 2 6 6 30 30 100
zliang3 18 40 18 18 18 18 14 14 4 38 4 17 17 31 36 31 100
ychen30 18 37 18 18 18 18 14 14 18 40 18 18 4 4 17 17 31 31 100
tkacius 18 40 18 18 14 14 4 4 17 36 17 31 31 100
szabala 18 40 18 18 18 18 4 4 17 17 31 37 31 100
swallac3 18 14 14 6 6 30 30 2 2 100
sbattali 18 40 18 18 4 4 17 17 31 31 100
ojacobse 18 2 2 18 18 14 14 30 30 6 6 100
npatidar 18 40 18 18 18 18 14 14 31 31 4 39 4 100
ngiannot 18 40 18 18 14 14 4 36 4 17 17 100
mstebbi1 18 40 18 2 2 18 40 18 18 18 18 18 100
mkelley9 18 4 4 17 17 31 31 100
kwhite14 18 40 18 14 14 4 4 17 17 31 31 100
kmchugh6 18 40 18 17 17 4 4 31 31 100
kconese 18 18 18 18 4 4 17 37 17 18 18 100
jstacho1 18 100
jslaugh2 18 40 18 4 37 4 17 17 31 31 14 14 18 40 18 14 14 17 40 17 18 36 18 100
gwilson6 18 18 18 2 2 30 36 30 18 40 18 18 18 100
gpernico 18 18 2 2 6 39 6 30 30 18 39 18 18 18 18 18 100
drea 18 40 18 4 4 14 14 31 36 31 100
dkelly13 18 2 2 6 6 30 30 18 40 18 18 14 14 4 4 17 17 18 40 18 17 17 18 36 18 100
cschust4 18 40 18 18 18 18 18 18 14 14 18 40 18 4 4 17 17 31 31 100
cprince 18 18 18 6 6 30 30 2 2 14 14 18 40 18 4 4 17 17 31 31 14 14 100
bdzubara 18 18 2 2 30 30 6 6 18 40 18 18 100
akurz 18 100
acrowle1 18 18 18 18 18 18 18 4 4 17 17 31 31 100
zzovko 18 18 18 18 18 24 24 18 40 18 18 2 2 18 40 18 18 100
ztulausk 18 40 18 18 4 4 18 40 18 31 31 100
tfolwell 18 40 18 18 4 4 17 17 31 31 100
sharri11 18 40 18 18 28 28 18 18 4 4 17 17 31 31 14 14 100
mphelan5 18 40 18 14 14 18 40 18 4 4 31 31 17 40 17 100
mkocher2 18 2 2 6 6 18 40 18 18 18 18 14 14 100
ksteenvo 18 40 18 18 100
kmehta2 2 2 18 40 18 100
kaiello1 18 18 14 14 4 4 17 17 31 31 100
jrhiling 18 4 4 17 17 31 31 18 40 18 100
jmcclin1 18 40 18 18 13 13 15 15 18 40 18 18 18 18 6 6 30 30 2 2 18 18 18 18 18 4 4 17 17 31 31 100
eolsen2 18 40 18 18 18 14 14 100
egrammer 18 40 18 18 18 18 4 4 17 17 31 31 100
dngo2 18 40 18 18 18 18 4 4 17 17 31 31 18 40 18 100
czhou4 18 40 18 18 18 14 14 4 4 17 36 17 18 40 18 31 36 31 100
csedore 15 15 13 13 2 2 6 6 18 40 18 31 37 31 4 4 100
awood8 18 40 18 18 4 4 14 14 17 17 31 31 14 14 100
astaresi 18 40 18 30 30 18 40 18 2 2 18 37 18 1 1 18 40 18 100
areymer 18 18 4 4 17 36 17 31 31 100
ahays1 18 40 18 4 4 17 17 31 31 100
abatkoff 18 36 18 18 18 18 18 6 6 30 30 2 2 18 18 18 100
xzhang24 18 40 18 18 18 14 14 31 31 4 40 4 17 17 100
skoo1 18 38 18 18 18 4 4 17 17 31 31 31 31 100
rsong 18 36 18 18 14 14 4 4 17 17 31 31 100
rbanuelo 30 30 2 2 18 40 18 18 18 4 4 17 17 31 31 100
psansone 18 13 13 18 36 18 15 15 18 40 18 2 40 2 6 36 6 30 30 18 40 18 100
npassina 18 4 4 17 17 31 31 100
mlarson3 18 18 31 31 4 4 17 17 100
mhagan2 18 18 30 30 2 2 18 18 4 4 17 17 31 31 100
mcrawf10 18 40 18 18 4 4 17 17 31 31 14 14 18 40 18 100
jbelluc2 18 2 2 30 30 18 40 18 4 4 31 31 17 17 100
jander21 18 36 18 18 24 24 18 40 18 18 4 4 17 17 31 31 100
ioteroto 18 100
ejones15 18 4 4 17 17 31 31 100
ecummin2 18 18 18 18 18 14 14 4 4 17 17 31 31 100
dventer 18 40 18 18 6 6 30 30 2 2 14 14 4 4 17 17 31 31 100
ccastil4 18 40 18 18 18 4 4 17 17 31 31 14 14 18 40 18 100
cbarahon 18 18 6 6 30 30 18 40 18 18 100
zeggers 6 6 30 30 2 2 18 40 18 18 18 4 4 17 17 31 31 18 18 100
skeller5 18 40 18 18 4 4 14 14 17 17 31 31 100
nholmes2 18 40 18 18 14 14 31 31 4 4 17 40 17 100
mryan32 18 2 2 6 6 30 30 18 40 18 18 100
mmatusk1 18 2 2 18 18 18 100
mflanag8 18 100
lfalquez 18 40 18 18 18 4 4 17 39 17 31 36 31 100
jmarvin2 18 40 18 18 2 2 18 40 18 18 18 2 2 4 4 17 17 100
hchoudhu 2 2 6 6 30 30 18 40 18 18 18 100
edell 18 40 18 18 18 6 6 30 30 2 2 14 14 18 40 18 18 4 4 18 18 18 17 17 31 31 18 39 18 18 18 100
delwell 18 2 2 18 36 18 18 18 6 40 6 30 30 18 40 18 100
cpawelek 18 18 2 2 6 6 30 30 18 40 18 31 31 4 4 17 17 100
cgotuaco 18 18 18 100
ccasper 18 18 31 31 18 37 18 14 14 100
bbrown14 18 36 18 18 4 38 4 17 17 31 31 18 40 18 18 4 4 17 17 31 31 100
ychen31 18 6 6 30 30 2 2 18 40 18 100
vkareh 18 40 18 18 18 18 18 4 4 17 17 31 31 100
rwilso18 18 40 18 18 18 4 4 14 14 31 31 17 17 100
rmelotik 18 18 18 6 6 100
pkollma1 18 18 30 30 18 40 18 18 18 4 4 14 14 100
phaley1 18 6 6 30 30 2 2 18 40 18 31 31 18 18 4 4 17 17 100
oeaddy 18 18 2 2 18 36 18 14 14 18 40 18 18 18 18 4 4 14 14 17 17 18 18 31 31 100
mzakowsk 18 40 18 14 14 4 4 17 17 31 31 100
mmoufawa 18 36 18 18 4 4 17 17 31 31 100
mmaldona 18 18 18 24 24 18 40 18 4 4 17 17 31 31 100
mlake2 18 40 18 4 4 17 17 31 31 18 40 18 31 31 17 17 4 4 100
mhoffm12 18 40 18 18 4 4 17 17 31 31 100
mcurlis2 18 36 18 31 31 24 24 18 40 18 4 4 14 14 17 17 31 31 100
kwardlow 18 18 18 18 18 18 18 18 18 100
kround 6 6 30 30 2 2 31 31 18 40 18 4 4 18 18 100
kmoeinva 13 40 13 18 40 18 18 18 14 14 18 40 18 18 18 2 2 30 30 6 6 4 4 17 17 31 31 34 34 7 7 10 10 26 26 19 19 3 3 32 32 23 23 33 33 24 24 17 39 17 18 40 18 18 100
jsong3 18 18 18 18 100
jsimone 18 2 2 6 6 30 30 18 40 18 18 100
jnagle7 30 40 30 2 2 18 40 18 4 4 100
jmullen6 18 100
jhuber4 18 40 18 14 14 4 4 17 17 18 36 18 18 31 31 100
gvonuhle 18 18 18 4 4 17 17 31 31 100
esienko 18 40 18 14 14 31 36 31 4 4 17 17 100
ekiszla 18 40 18 4 4 17 17 31 31 14 14 100
ekenney1 18 40 18 18 4 4 17 17 31 31 14 14 18 18 100
edoyal 18 39 18 18 4 4 17 17 31 31 14 14 18 36 18 100
dmikovit 18 18 4 4 17 36 17 31 31 18 40 18 14 14 100
dkim28 18 6 6 30 30 2 2 18 40 18 100
clink4 18 40 18 14 14 4 4 17 17 31 31 100
bferris1 18 40 18 14 14 4 4 17 17 31 31 18 37 18 100
asiguler 2 2 18 40 18 4 4 17 17 31 31 14 36 14 100
syi3 18 2 2 30 30 6 6 18 40 18 18 4 4 31 31 17 17 18 18 100
swolfe1 18 18 100
shatfie1 18 40 18 31 31 14 14 18 40 18 4 4 17 17 100
rtaraboc 18 40 18 18 4 4 17 17 31 31 100
rmazzini 18 40 18 18 18 14 14 31 31 4 4 17 17 100
nllauro 18 40 18 18 18 18 18 14 14 18 18 18 100
mvander4 18 40 18 14 14 4 4 17 17 31 36 31 100
mtapp 18 40 18 4 4 17 17 31 31 100
mmirer 18 2 2 30 36 30 18 40 18 18 18 18 18 100
mesteve 18 18 18 7 7 18 40 18 18 4 4 31 31 17 17 18 40 18 100
mbutle14 18 18 100
mbutle13 18 40 18 18 14 14 4 4 17 17 31 31 18 18 100
lrodrig6 18 40 18 14 14 4 36 4 17 17 18 36 18 100
kkubik 18 40 18 18 18 4 4 17 17 31 31 14 14 100
kflanag4 18 40 18 18 4 4 17 17 31 31 14 14 100
jcorbin2 18 18 18 18 4 4 17 17 31 31 100
ihornung 18 40 18 4 4 31 31 18 40 18 24 24 18 18 17 17 100
gpetrosi 18 18 18 2 2 100
edownin1 18 18 100
coleary2 18 18 18 18 18 4 4 17 17 31 31 14 14 100
cmeyers3 18 11 11 18 40 18 18 18 14 14 6 6 30 30 2 2 18 40 18 4 4 17 36 17 31 31 100
cfitzgib 18 14 14 4 4 17 17 31 37 31 100
ccocco 18 18 2 2 30 39 30 18 40 18 18 18 18 14 14 100
apeter14 18 6 6 30 30 2 2 18 40 18 18 100
aander27 18 39 18 100
yfeng3 18 6 6 30 30 2 2 18 39 18 18 18 100
risrael1 2 2 6 6 30 30 18 40 18 18 18 18 18 18 100
piannell 18 40 18 18 14 14 4 4 17 17 31 31 100
nmattei1 18 40 18 18 18 4 4 18 40 18 4 4 17 17 31 31 18 39 18 100
mvondras 18 40 18 100
mretoske 18 40 18 18 4 4 17 17 31 31 14 14 18 40 18 18 18 14 14 100
mplante 18 2 2 18 40 18 18 18 18 18 18 18 6 6 30 30 2 2 2 40 2 18 40 18 18 18 18 18 18 18 4 4 17 17 31 31 100
mlegersk 18 40 18 18 18 14 14 18 40 18 4 4 17 17 31 31 14 14 100
mjohns57 18 40 18 14 14 4 4 17 17 31 31 100
mheli 14 36 14 2 37 2 18 40 18 18 18 14 14 18 40 18 4 4 17 17 31 31 14 14 100
mbianco 18 18 2 2 6 38 6 30 30 18 18 18 100
lstephe3 18 40 18 18 4 4 14 14 31 31 100
kmccahan 18 2 2 14 14 6 6 30 30 18 40 18 100
jriver11 18 40 18 100
jmrozek 18 6 6 30 30 18 36 18 2 2 18 40 18 18 2 2 18 40 18 100
jhirshor 18 4 39 4 17 17 31 31 18 40 18 24 24 100
jgarci22 18 40 18 6 6 18 18 2 2 18 40 18 18 30 30 18 40 18 100
gnguyen 18 40 18 4 4 17 17 31 31 14 14 100
eriojas 18 40 18 18 4 4 31 31 17 17 100
ebrown20 18 40 18 14 14 4 4 17 36 17 31 31 100
dadams13 18 18 18 18 18 18 18 18 100
cdito 18 18 4 4 18 18 14 14 18 18 17 17 31 31 100
apasin 18 14 14 4 4 31 31 17 17 100
alaboe 4 4 17 17 31 31 18 36 18 100
ablanch2 18 18 18 18 4 4 17 17 31 31 100
wzhu2 18 14 14 2 2 18 40 18 18 14 14 31 31 4 4 17 17 18 36 18 100
wschemel 18 40 18 14 14 18 40 18 14 14 31 31 7 7 4 40 4 17 17 100
tkoewler 18 18 4 4 18 18 17 17 31 37 31 100
scannova 18 36 18 18 100
samezqui 18 40 18 4 4 17 17 31 31 18 18 18 100
rchan3 18 40 18 31 31 17 17 4 4 18 37 18 14 14 100
poconno6 18 18 18 18 18 4 4 30 30 17 17 31 31 14 14 100
ohatch 30 30 18 40 18 18 18 100
nho1 18 18 18 18 18 18 18 18 13 13 2 2 100
mwinche1 18 40 18 18 18 14 40 14 18 18 31 31 4 4 17 17 100
msteeves 18 40 18 18 14 14 4 4 17 17 31 31 100
mmccans 18 40 18 18 18 31 31 14 14 4 4 17 17 100
mhanley1 18 40 18 18 14 14 4 4 17 36 17 100
mguggenb 18 40 18 4 4 17 17 14 14 31 31 100
mfarleka 18 18 14 14 2 2 18 18 6 6 30 30 18 40 18 18 14 14 4 4 17 36 17 100
mcasasga 18 18 14 14 4 4 17 40 17 31 36 31 100
kthomp21 18 18 4 4 17 17 31 31 100
kmccabe4 18 40 18 6 6 30 30 2 2 18 40 18 18 100
khuffert 18 40 18 14 36 14 4 4 17 17 31 36 31 100
jxu9 18 18 2 2 30 30 6 6 18 40 18 4 4 17 17 31 31 14 14 100
jstellon 2 2 6 6 30 30 18 40 18 18 18 100
jboateng 18 36 18 2 2 18 40 18 4 4 17 17 31 31 100
iedgar 18 40 18 18 14 14 4 4 17 17 31 31 18 37 18 31 31 18 18 100
ekeefe2 18 36 18 6 6 30 30 18 36 18 18 18 18 4 4 100
eheidenr 18 18 18 18 4 4 33 33 18 39 18 14 14 18 18 4 4 18 18 31 31 18 40 18 14 14 4 4 17 17 31 31 100
dfeldman 18 39 18 18 4 4 17 36 17 17 17 31 31 100
cpalor 18 4 4 100
ccahill6 18 4 4 30 30 17 17 31 31 100
bgrier 2 2 18 18 18 18 2 2 18 40 18 100
bdrummo1 18 40 18 18 18 18 4 4 17 17 31 31 100
bcarmody 18 38 18 2 2 14 36 14 18 40 18 18 4 4 100
amurph14 2 2 18 18 6 6 30 30 18 40 18 18 100
amarti55 18 6 6 30 30 2 2 18 40 18 4 4 17 17 31 31 14 14 100
agerman 18 18 4 4 17 36 17 31 31 14 14 18 40 18 18 100
afemrite 18 40 18 18 14 14 4 4 18 40 18 17 17 31 31 100
tpagessa 18 36 18 4 4 17 37 17 31 31 100
tjohns29 18 2 2 18 36 18 6 6 18 40 18 4 4 17 17 31 31 14 14 100
pbald 18 18 18 18 18 100
mnieves1 18 40 18 18 4 4 17 17 31 31 100
mbrombac 18 18 18 18 18 4 4 17 17 31 31 14 14 100
mbeinlic 14 14 4 4 17 17 31 31 100
lmedinab 18 40 18 18 18 18 18 18 100
lmcphill 18 2 2 6 6 18 40 18 18 31 31 100
kwoodwa3 18 38 18 18 18 4 4 17 17 31 31 100
kperry7 18 18 18 18 18 100
kmoran10 18 40 18 18 18 2 2 18 18 6 6 30 30 18 40 18 100
kmessier 4 4 17 17 31 31 18 18 100
kabe1 18 40 18 4 4 17 17 31 31 100
jusher 18 2 2 6 6 30 30 18 40 18 18 18 18 100
jmusema 18 40 18 18 4 4 31 36 31 100
jkirkham 18 4 4 17 17 31 31 100
jhall15 18 39 18 18 18 18 4 4 17 17 31 31 2 2 100
jcharbon 18 40 18 14 14 4 4 17 37 17 31 31 100
gverfurt 18 14 14 4 4 17 17 31 31 18 38 18 11 11 18 18 100
gmcdermo 18 18 30 30 18 40 18 18 18 31 31 17 17 4 4 100
eyeager 18 2 2 18 40 18 6 40 6 30 30 18 40 18 18 18 100
esulli14 18 18 18 2 2 18 18 14 14 100
edewane 18 18 14 14 31 31 4 4 17 17 100
dmoran5 18 40 18 18 4 4 18 40 18 17 17 31 31 14 14 18 40 18 100
dbodewig 18 36 18 18 18 4 4 17 17 31 31 18 39 18 100
bni 18 40 18 18 18 18 4 4 17 17 31 31 14 14 10 10 100
aseketa 18 18 18 18 14 14 17 17 4 4 31 31 100
amitch13 18 40 18 18 18 18 14 14 4 4 17 17 100
amarti54 18 40 18 18 4 4 17 17 31 31 14 14 100
zwang17 18 6 6 30 30 2 2 18 40 18 14 14 4 4 17 36 17 100
rmcclain 2 2 30 30 6 37 6 18 40 18 18 18 4 4 100
pmcgee 18 40 18 4 4 17 17 31 31 100
oramire1 18 6 6 30 30 2 2 18 40 18 18 4 4 17 17 31 31 100
olombard 18 18 2 2 6 37 6 30 30 18 40 18 18 18 14 14 4 4 100
myoung12 18 14 14 4 4 100
mmoreno3 18 18 30 30 18 18 2 2 18 40 18 18 18 18 100
mmcelro2 18 36 18 18 18 18 18 31 31 14 14 100
mgroark 18 13 13 15 15 2 2 18 40 18 100
mcurrie2 18 36 18 4 4 17 17 31 31 100
mcarro10 18 18 6 6 30 30 18 40 18 100
lschwar2 18 4 4 17 17 31 31 14 14 100
labreha 18 37 18 100
kmullan4 18 40 18 18 18 18 31 31 14 14 4 40 4 17 17 100
jstuppy 2 2 6 36 6 30 30 18 40 18 4 4 17 17 31 31 100
jluk 18 13 13 15 15 18 40 18 18 18 18 14 14 18 18 18 100
jigiede 18 40 18 4 4 17 17 31 31 100
jhlavin 18 18 30 30 18 40 18 2 2 18 40 18 18 14 14 4 4 18 40 18 18 31 31 100
jgripens 18 18 6 6 30 30 18 40 18 100
jfabreg2 18 40 18 18 18 14 14 18 40 18 18 14 14 100
jedward4 18 40 18 18 4 4 17 17 31 31 14 14 100
jburhann 18 6 6 30 30 2 2 100
hfertitt 13 13 2 36 2 18 40 18 18 18 18 100
garboled 18 40 18 4 4 17 17 31 31 100
edidonat 18 14 14 4 38 4 18 40 18 100
ealbi 18 18 18 100
dmacatan 18 36 18 18 18 100
dharvey1 18 18 2 2 18 18 18 18 18 15 15 2 2 18 40 18 18 100
crichte2 2 2 6 6 30 30 18 40 18 18 100
cdunlea1 18 18 13 13 14 14 15 15 100
awolfe4 18 40 18 18 18 18 100
aturzai 18 2 2 6 6 18 40 18 18 18 18 14 14 18 18 100
aosorio 18 18 2 2 6 6 15 15 30 30 18 40 18 4 4 17 17 31 31 14 14 18 36 18 100
aherna13 18 2 2 6 36 6 18 40 18 100
zhan1 2 2 6 6 30 30 18 40 18 18 18 100
tsong2 18 40 18 18 14 14 4 4 17 17 31 31 100
smurph19 18 40 18 4 4 17 17 31 31 14 14 100
sjo 18 40 18 18 18 18 18 31 31 4 4 17 17 100
sbsales 18 40 18 100
rpozasg1 18 18 6 6 18 40 18 4 4 17 17 31 31 100
rhughes7 18 18 2 2 18 18 100
rbarnes2 18 18 2 2 18 40 18 18 18 14 14 31 31 18 40 18 4 4 17 17 14 14 18 39 18 100
msimon6 18 40 18 6 6 30 30 18 40 18 4 4 17 17 31 31 14 14 100
mgorman5 18 18 14 14 17 17 4 4 100
mbond1 18 31 31 14 14 4 39 4 17 36 17 18 38 18 100
jwoods8 18 39 18 18 4 4 17 17 31 31 18 40 18 100
jplocher 18 40 18 18 4 4 17 17 31 31 100
jlugg 18 40 18 18 18 14 14 17 17 4 4 31 40 31 100
jlehn 18 40 18 18 100
jdemarc1 2 2 6 6 30 30 100
hstone3 18 2 2 6 40 6 30 30 14 14 18 40 18 18 18 18 4 4 18 18 100
ezahoric 18 40 18 4 4 17 17 31 31 14 14 100
elopez7 18 31 31 14 14 17 17 100
ddelliso 18 6 6 2 2 30 36 30 18 40 18 18 18 4 4 17 17 31 31 100
cwhalen2 18 40 18 4 4 17 17 31 31 100
cjacobs3 18 40 18 18 18 14 14 18 40 18 17 17 31 31 100
chowell2 2 2 6 6 30 30 18 40 18 14 14 4 4 17 36 17 31 36 31 18 40 18 100
blyons1 18 40 18 18 100
bklaus 18 18 4 4 17 17 31 31 34 37 34 7 7 10 10 26 39 26 19 19 3 3 24 40 24 32 32 23 23 33 33 18 40 18 18 18 100
zsurma 18 37 18 7 7 18 40 18 18 14 14 4 4 17 37 17 31 36 31 18 40 18 100
tpopps 18 40 18 18 4 4 17 17 31 31 100
tissa 18 40 18 18 18 14 14 17 17 4 4 100
svorne 18 13 13 15 15 24 24 18 40 18 18 18 18 6 6 30 30 2 2 14 14 18 18 18 100
sryan9 18 14 14 4 40 4 17 36 17 31 40 31 18 38 18 18 100
pgorman2 18 40 18 18 14 14 31 40 31 17 17 4 4 100
olanchon 18 40 18 4 4 17 17 31 31 14 14 100
nmunozol 18 39 18 18 6 6 30 30 2 2 18 36 18 18 4 4 17 17 31 31 100
nkelly3 18 4 4 17 17 10 10 18 40 18 18 18 18 18 2 2 14 14 18 18 6 6 30 30 18 40 18 100
nferguso 18 2 2 31 38 31 6 36 6 30 30 18 40 18 100
mhawit 18 40 18 18 18 18 14 14 18 40 18 4 4 17 17 100
kwhite13 18 4 4 17 17 31 31 14 14 100
jzepf 18 37 18 4 4 17 17 31 31 18 40 18 4 4 14 14 18 40 18 14 14 17 17 31 39 31 4 37 4 100
jgirardo 18 18 18 4 4 14 14 18 18 17 17 31 31 100
jfrane 18 2 2 6 6 30 30 18 40 18 18 100
iroberts 18 2 2 30 30 6 6 18 18 18 18 18 18 18 18 18 18 18 18 18 100
hferrero 18 100
ginglis 18 18 4 4 31 31 100
esherloc 18 40 18 18 14 14 34 34 6 6 30 30 2 2 18 40 18 100
ellano1 18 39 18 18 4 4 17 36 17 100
dreynoso 18 40 18 2 2 18 40 18 18 100
dphill14 18 18 18 18 6 6 30 30 2 2 14 14 18 40 18 18 14 14 4 39 4 17 17 31 31 100
ctsevis 18 2 2 18 40 18 18 18 100
clangle1 30 30 18 40 18 100
apines1 18 100
aorsinel 18 40 18 18 18 18 14 14 4 4 31 36 31 17 17 18 18 17 17 100
amcfadd1 18 2 2 6 6 18 40 18 18 18 18 4 38 4 18 18 100
abiondo 18 18 18 14 14 18 18 18 4 4 100
tmcginn1 18 2 2 18 39 18 18 18 30 30 18 40 18 18 100
thartle 2 40 2 30 30 6 39 6 18 40 18 18 100
tbendeck 18 18 18 6 6 30 30 2 2 18 18 18 4 4 17 17 31 31 14 14 100
ssitarsk 18 31 31 17 17 4 4 14 14 100
sdutta2 18 36 18 17 17 4 37 4 31 37 31 100
pjohns21 18 40 18 31 31 4 4 17 17 100
pjachim 18 13 13 15 15 2 2 30 36 30 18 40 18 18 100
mperez19 18 40 18 18 18 4 4 17 17 31 31 14 14 18 40 18 100
mpenn1 18 40 18 14 14 4 4 17 17 31 31 100
mgabouer 18 18 2 2 6 6 30 30 18 40 18 18 18 4 4 17 17 31 31 100
lwukie 18 4 4 17 17 31 31 14 14 100
lsimon2 18 18 6 6 30 30 18 40 18 18 100
llontoc 18 6 6 30 30 2 2 18 39 18 18 18 18 18 100
ldevito 18 13 13 18 40 18 18 18 15 15 18 40 18 18 18 18 2 2 6 6 30 30 18 18 18 100
lbode 18 40 18 14 14 4 4 18 18 17 17 31 31 18 36 18 18 4 4 14 14 100
layuyao 18 40 18 4 4 17 17 31 31 18 18 18 100
ktran1 18 40 18 31 31 14 14 4 4 17 36 17 100
kdiggin1 18 40 18 4 4 17 17 31 31 100
kbockhol 18 40 18 18 18 18 18 2 2 100
jybanez1 18 40 18 100
jswift2 2 2 30 30 6 6 18 40 18 18 18 14 14 31 31 17 17 4 4 18 40 18 100
jmoawad 30 30 6 6 18 40 18 14 14 18 40 18 4 4 17 17 31 31 14 14 100
jduffy8 18 2 2 6 6 30 30 100
jchandle 18 100
jbrunne1 18 2 2 6 6 18 40 18 18 18 100
jbordall 18 4 4 17 17 31 31 18 40 18 18 4 4 17 17 100
ielizond 18 18 18 4 4 17 17 31 31 100
hwakelin 18 40 18 31 31 17 17 100
gcampoli 2 2 6 6 30 30 18 36 18 18 100
eutley 18 18 100
esagun 18 18 13 13 15 15 14 14 2 2 18 39 18 14 14 2 2 30 30 18 40 18 17 17 4 4 31 38 31 100
eobrie14 1 1 18 40 18 2 36 2 18 40 18 18 100
ehoran3 18 31 31 4 4 17 17 14 36 14 4 36 4 18 18 100
dkrivda 18 18 18 24 24 18 40 18 14 14 18 40 18 4 4 17 17 31 31 100
dgarci18 2 2 30 30 6 6 18 18 18 6 6 30 30 18 40 18 18 100
csmith72 18 40 18 18 18 14 14 6 6 4 4 17 17 31 31 4 39 4 34 34 10 10 7 7 100
cholmes6 18 13 13 18 18 15 15 2 2 100
cgrunha2 2 2 6 6 30 30 18 40 18 18 100
cdelane2 18 40 18 18 18 18 18 6 6 30 30 2 2 14 14 18 18 100
ccahill5 18 40 18 4 4 17 17 18 18 31 31 18 18 100
btournat 18 18 2 2 18 36 18 30 30 18 40 18 18 100
akeller5 18 18 18 4 4 17 17 31 31 100
adaniele 18 18 18 6 6 30 30 2 2 18 40 18 6 6 30 30 2 2 100
aclark13 18 40 18 31 31 18 40 18 4 4 17 40 17 31 31 14 14 100
aboyd2 18 18 18 14 14 4 4 17 17 18 18 100
wmckee 18 18 18 100
wfine 18 40 18 14 14 4 4 17 17 100
srodawig 18 36 18 18 18 18 100
slee51 18 2 2 30 30 18 18 18 14 14 100
rmcgove1 18 18 18 2 2 18 40 18 18 18 18 100
pwasuwan 18 40 18 14 14 100
ojazbuti 2 2 6 6 30 30 18 40 18 4 4 100
nskora 18 2 2 18 40 18 18 18 18 31 31 17 17 4 4 100
nmarti12 18 18 2 2 18 37 18 30 30 4 4 6 6 18 40 18 4 4 17 17 31 31 100
nhelm 18 18 4 4 17 17 31 31 100
nbest1 18 18 100
mpaulran 18 18 18 4 4 31 31 17 17 100
mmurph50 18 14 14 31 38 31 18 40 18 4 4 17 40 17 14 36 14 100
kheldt 18 4 4 17 17 31 31 14 14 18 36 18 100
jspence6 18 40 18 18 14 39 14 4 4 17 36 17 100
jminor1 18 40 18 18 18 14 14 18 40 18 4 40 4 17 17 31 31 100
jlabadie 18 40 18 18 4 4 17 17 31 37 31 100
jguerra3 18 40 18 100
jesposi2 18 18 18 18 4 4 17 17 31 31 100
igese 18 18 18 6 6 30 30 100
hsun2 18 2 2 18 40 18 100
emangels 18 40 18 4 4 31 39 31 17 17 18 40 18 100
eleahy1 18 18 18 6 6 18 18 30 30 18 40 18 14 14 4 4 31 36 31 100
ehiestan 18 40 18 4 4 18 18 4 4 17 17 31 31 14 14 18 40 18 14 14 100
ebrady7 18 40 18 18 4 4 17 17 31 31 100
dkolkebe 18 6 6 30 30 2 2 18 40 18 4 4 17 17 31 31 100
clewis13 18 15 15 6 36 6 2 2 18 40 18 14 14 4 4 17 17 31 31 100
chanzel 18 18 2 2 6 6 30 30 18 40 18 18 4 4 17 36 17 31 31 14 14 100
cbowden 18 40 18 4 4 17 17 18 18 18 100
cbartlet 18 4 4 17 17 31 31 14 14 100
bsoaresd 18 2 2 18 40 18 18 14 14 100
bknarr 18 2 2 18 18 6 6 18 40 18 14 14 17 17 18 18 100
bdages 18 18 18 18 6 6 18 40 18 30 30 2 2 14 14 18 40 18 18 4 4 17 36 17 31 31 14 14 100
atreacy 18 14 14 18 39 18 18 17 17 100
asood1 18 18 100
alehanka 18 40 18 18 31 31 18 40 18 4 4 17 36 17 31 31 14 14 100
vzona 18 40 18 100
vdavis1 18 18 6 6 30 30 18 40 18 18 14 14 4 4 17 17 31 31 100
tmcguir2 18 40 18 4 4 17 17 31 31 100
tlynch3 18 40 18 4 4 17 17 31 31 100
sfore 18 6 36 6 18 40 18 18 31 31 4 4 100
rsabnani 18 40 18 4 4 17 17 31 31 100
rkenyon 18 40 18 14 14 4 4 18 18 17 17 100
rhughes8 18 30 30 2 2 18 40 18 18 18 4 4 17 17 31 36 31 100
mzachlin 18 40 18 18 24 24 33 33 18 40 18 18 4 4 18 40 18 17 17 31 40 31 100
mriss 18 40 18 14 14 4 4 17 17 31 31 100
moconn20 18 40 18 18 2 2 14 14 6 6 30 30 18 18 100
mmaron 18 14 14 4 4 17 17 31 31 100
mhepbur1 18 40 18 4 36 4 14 14 17 36 17 31 31 100
mgreene3 18 40 18 18 14 14 4 4 17 17 31 31 100
kmcfarl1 18 18 18 13 13 15 15 18 40 18 18 18 14 14 18 18 100
jyu7 18 40 18 18 14 14 4 4 17 39 17 18 36 18 100
jrombals 18 40 18 6 6 30 30 18 40 18 4 4 17 17 31 31 100
icorreia 18 40 18 14 14 4 4 17 36 17 31 31 100
gklaus 18 40 18 14 14 18 40 18 4 37 4 17 36 17 31 31 100
eromero3 18 40 18 4 4 17 17 31 31 100
eeschwei 18 40 18 4 4 17 17 31 31 100
ebabcoc1 18 18 18 18 18 18 2 2 14 14 6 6 100
dyefreme 18 40 18 4 4 18 40 18 17 39 17 31 31 100
dpark5 18 40 18 6 6 4 4 17 36 17 31 36 31 100
dobrie13 18 18 18 4 4 100
dkenned7 18 14 14 4 4 17 17 31 36 31 100
crodri12 18 40 18 18 100
coakley2 18 40 18 18 18 14 14 18 40 18 4 4 17 36 17 31 31 100
cgreeley 6 6 2 2 30 30 18 18 18 100
cgehan 18 40 18 15 15 18 40 18 18 18 18 2 2 14 14 18 40 18 14 14 4 4 100
cdulal 18 4 4 14 14 31 31 100
