dtorgers 18 18 18 18 18 18 18 18 18 18 18 18 18 18 18 18 18 18 11 11 18 40 18 18 18 18 1 1 18 40 18 18 18 18 18 18 12 12 18 40 18 18 18 18 11 11 18 37 18 20 20 18 18 12 12 18 18 18 18 18 18 18 18 18 14 36 14 18 39 18 18 18 18 18 18 18 18 18 18 100
cdavin1 18 18 18 18 18 18 18 18 18 18 14 14 20 20 18 18 18 18 18 18 14 14 18 18 29 29 20 20 21 21 100
alebron1 18 18 18 18 18 18 18 18 11 11 24 24 18 40 18 18 18 18 18 18 18 18 18 18 18 18 18 18 21 21 29 29 20 20 14 14 18 18 18 18 18 21 21 14 14 18 38 18 14 14 18 39 18 18 29 29 20 20 18 40 18 100
ccooper8 18 40 18 18 18 18 18 18 18 18 14 14 18 40 18 18 18 21 21 20 36 20 29 29 14 36 14 100
nweindel 18 18 18 18 18 18 18 18 18 18 18 14 14 20 20 21 21 29 29 18 38 18 18 29 36 29 20 20 100
ntownsen 18 36 18 18 18 18 18 18 18 18 18 18 18 18 18 18 11 11 20 20 100
jberg2 18 12 12 9 9 18 39 18 18 18 18 18 18 18 18 18 18 18 18 18 18 100
fhita 18 18 18 18 18 28 28 9 9 5 5 12 12 18 39 18 18 18 18 18 18 18 18 18 18 18 18 18 18 18 21 21 29 29 100
mmcfarli 18 18 18 18 18 18 18 18 18 18 14 14 11 11 18 39 18 18 29 29 20 20 21 40 21 18 38 18 100
mlengwin 18 18 18 18 18 18 18 18 18 18 18 18 11 11 100
kwurl 18 39 18 14 14 18 40 18 18 18 11 11 20 20 29 29 21 36 21 100
ccampb20 18 12 12 18 40 18 12 12 18 40 18 9 9 18 40 18 18 18 18 18 14 14 18 39 18 18 14 14 21 21 20 20 21 21 18 18 100
pbrown10 18 36 18 18 18 18 18 18 29 29 21 21 100
rdiejoma 18 40 18 18 18 18 18 18 18 18 21 21 20 20 29 29 100
drogers1 18 37 18 18 18 18 18 18 18 14 14 18 40 18 29 29 20 20 21 21 100
cdelpila 18 36 18 18 18 18 18 14 14 18 40 18 18 18 18 14 14 29 29 20 20 21 37 21 14 14 14 14 18 37 18 18 14 14 100
cbolivar 18 40 18 18 18 18 18 18 14 14 29 29 18 40 18 18 18 18 18 28 40 28 21 21 20 20 100
muhlenbr 18 18 18 18 18 18 18 18 18 18 18 14 14 18 40 18 18 21 21 20 36 20 29 29 100
msmith75 18 18 18 18 18 21 21 20 20 29 29 18 18 14 14 18 39 18 18 100
pmcguir2 18 28 28 12 12 9 9 18 40 18 18 18 18 18 18 18 18 21 21 18 38 18 18 18 18 18 20 20 29 29 100
jstaten 18 40 18 18 18 18 18 18 11 11 18 40 18 18 14 14 18 39 18 21 21 29 29 18 18 20 20 18 40 18 100
mgirod 18 18 18 18 18 18 18 21 21 29 29 20 20 100
zgartenh 18 18 18 18 18 18 14 14 21 21 20 20 29 29 100
alabella 18 40 18 18 18 18 18 18 18 18 21 39 21 14 14 20 20 29 29 100
bferrer1 18 40 18 18 18 18 18 18 20 20 14 14 18 18 18 29 29 100
pcataldi 18 40 18 18 18 18 18 21 21 20 20 29 29 100
aohri 18 28 28 12 37 12 9 36 9 18 40 18 18 18 100
pklekamp 18 40 18 18 18 18 18 18 29 40 29 20 20 21 21 100
amccar10 18 18 28 28 12 12 9 9 100
nwamble 18 12 12 28 28 9 9 18 40 18 18 18 18 18 18 18 18 100
wwu5 18 18 11 11 20 20 29 29 21 21 100
wsuter2 18 18 18 18 18 18 18 18 18 11 11 21 21 20 20 29 29 18 36 18 100
thowe1 18 18 28 28 12 12 9 9 14 14 18 40 18 18 18 18 18 18 18 18 18 18 18 18 18 21 21 20 20 29 29 100
mmian 18 18 9 9 18 40 18 18 28 28 18 18 21 21 100
jhouge 18 40 18 18 18 18 18 18 18 18 18 18 18 21 21 20 20 29 29 100
slemaign 18 38 18 18 18 18 18 18 18 18 21 21 18 40 18 18 18 20 36 20 18 39 18 18 29 36 29 100
ldamoose 18 40 18 18 18 18 11 11 18 39 18 20 20 14 14 21 38 21 29 29 100
sburnbau 18 36 18 28 28 18 40 18 18 18 12 12 18 18 18 28 28 18 37 18 9 9 18 39 18 18 18 100
nwarren 18 40 18 18 18 18 18 18 18 14 14 20 20 29 29 21 21 18 18 100
bconnol3 18 40 18 18 18 18 18 18 18 21 21 20 20 29 29 14 14 100
rheitkam 18 40 18 18 18 18 14 14 21 21 18 36 18 20 20 29 29 100
jmullike 18 40 18 18 0 0 18 18 18 18 18 18 21 21 29 29 20 20 14 14 18 40 18 21 21 20 20 29 29 14 14 100
chickey3 12 12 28 28 9 9 18 40 18 18 18 18 18 18 18 18 18 14 14 18 40 18 18 18 14 14 18 40 18 18 18 100
athoma24 18 37 18 18 18 18 18 18 18 18 18 20 20 21 21 18 39 18 20 20 29 29 100
rgensler 18 40 18 18 18 18 18 18 18 18 18 18 18 14 14 18 36 18 20 20 21 21 100
kthornt4 18 40 18 12 12 18 40 18 18 9 9 18 40 18 18 18 18 18 18 18 18 18 18 18 18 21 21 14 36 14 29 29 18 18 18 12 12 20 20 100
pvlandis 18 18 18 18 18 18 0 0 18 18 18 18 18 14 14 20 20 29 36 29 18 40 18 21 21 18 40 18 100
mmizraji 18 37 18 18 18 18 18 11 11 14 14 20 20 29 29 21 37 21 18 37 18 18 18 14 14 18 18 18 18 100
zpavlin 18 40 18 18 18 18 18 18 14 14 29 29 20 20 18 40 18 18 18 18 14 14 21 21 18 40 18 18 100
ydeng3 18 18 18 18 11 11 18 40 18 18 18 100
kfox8 18 40 18 18 18 18 18 18 18 14 14 21 21 20 36 20 29 29 18 18 100
lsulli11 18 9 9 28 28 12 12 18 36 18 18 18 18 18 18 21 21 20 20 29 29 100
jgorman6 18 12 12 28 28 9 9 18 40 18 18 18 18 18 18 18 100
enunez 18 40 18 18 14 14 100
jdirksen 18 18 18 14 14 18 40 18 18 18 18 14 14 18 18 100
whornby 18 18 9 9 18 40 18 18 100
jwade5 18 18 18 18 18 18 18 21 21 20 20 29 29 100
mblatt1 18 18 18 18 18 18 18 18 11 11 21 21 20 20 29 29 100
jowusuko 18 40 18 18 0 0 14 14 18 40 18 18 18 18 18 18 18 18 18 18 18 18 11 11 18 37 18 14 14 18 36 18 18 100
mmang 18 36 18 9 9 18 40 18 18 14 14 20 20 21 21 100
waberger 18 40 18 18 18 18 18 18 18 15 15 14 14 20 20 18 18 21 21 29 29 29 29 18 37 18 100
llombar2 18 40 18 18 18 18 14 14 29 29 20 20 100
gkaiser 18 18 18 18 18 18 21 36 21 20 20 29 29 14 14 2 2 100
koconn27 18 12 12 18 40 18 18 18 18 18 100
aweishan 18 40 18 18 18 14 14 20 20 29 29 21 40 21 18 39 18 100
mcaskey 18 37 18 9 9 18 18 18 18 14 14 18 40 18 18 18 18 18 20 20 29 29 21 36 21 100
jguarino 18 12 12 9 9 18 40 18 18 18 18 18 18 100
cseymou2 18 40 18 18 18 18 18 18 18 14 14 21 21 20 20 29 29 14 14 100
dplagenz 18 40 18 18 18 21 21 11 11 20 20 29 29 14 14 21 21 100
csasso 18 18 18 18 18 18 14 14 20 20 29 29 21 37 21 18 37 18 100
amccar11 18 40 18 18 18 18 18 14 14 11 11 21 21 20 20 29 29 100
yshi6 18 18 11 11 18 40 18 18 18 18 18 18 18 100
minoue2 18 40 18 18 18 18 21 21 18 36 18 20 20 29 29 100
jwinebre 18 18 12 12 18 40 18 18 18 18 18 14 14 21 21 100
sgalbens 28 28 9 36 9 12 12 18 40 18 18 18 100
jlazzara 18 18 18 18 18 18 18 11 11 14 14 20 20 29 29 21 21 100
vruesch 18 18 18 21 21 29 29 20 20 100
nniere 18 18 18 18 100
ghong 18 18 18 18 11 11 18 18 18 18 18 21 21 20 20 29 29 18 18 18 18 18 18 100
bhogan1 28 28 12 40 12 9 37 9 18 40 18 18 18 18 18 18 18 18 14 14 100
wdu 18 34 34 7 39 7 10 38 10 18 18 18 18 18 18 18 100
tmercier 18 40 18 18 11 11 18 40 18 18 20 20 21 21 29 39 29 100
esunshi1 18 40 18 18 18 18 18 14 14 18 40 18 18 21 21 29 29 20 20 100
eevans9 18 18 28 28 12 12 9 40 9 18 40 18 18 18 18 11 11 18 40 18 20 20 21 37 21 29 36 29 18 40 18 18 18 18 18 18 13 13 18 40 18 18 100
bkenney1 18 40 18 18 18 21 21 29 29 20 20 100
cdieckma 18 40 18 18 18 11 11 18 40 18 18 18 19 19 18 40 18 18 18 18 21 21 20 20 29 29 100
mcoggins 18 18 18 12 12 18 40 18 18 20 20 14 14 18 40 18 18 18 29 29 21 21 100
lblitzer 21 39 21 20 20 29 29 13 40 13 15 15 2 36 2 6 6 30 30 18 40 18 18 18 18 100
jdelledo 18 18 18 18 18 18 18 18 18 18 18 14 14 18 40 18 18 18 18 18 18 18 21 21 20 20 29 29 14 14 100
mfreedlu 18 18 18 18 18 18 11 11 14 14 20 20 29 36 29 21 21 18 36 18 100
tprice4 12 12 28 28 9 9 18 40 18 18 21 21 20 20 29 29 100
lbarret2 18 40 18 18 18 18 18 18 18 14 14 18 18 21 21 20 36 20 29 29 18 39 18 100
eralph 18 40 18 18 18 18 18 18 21 21 20 37 20 29 29 18 40 18 18 100
bhalliga 18 36 18 100
sroennec 18 40 18 18 18 14 14 20 20 21 21 29 29 100
jmurph32 18 40 18 18 18 11 11 21 21 20 36 20 29 29 100
cfrentze 18 40 18 18 18 18 18 18 14 14 21 37 21 18 40 18 29 29 100
jsitarsk 18 37 18 18 18 18 20 20 21 21 29 29 100
tpreko 18 40 18 18 18 18 14 14 18 40 18 18 18 18 21 21 14 14 20 20 29 29 100
mtreacy 18 40 18 18 18 14 14 29 29 20 20 21 21 100
ccampb21 18 18 28 28 12 36 12 9 9 18 40 18 18 18 18 18 18 18 18 21 21 20 20 29 29 14 14 100
rrivera8 18 39 18 18 18 21 21 20 20 29 29 14 37 14 100
rblack4 18 28 28 12 12 9 9 18 40 18 18 18 18 21 21 20 20 29 29 100
jwelsch 18 28 28 12 12 9 9 18 18 18 18 18 18 100
jgately1 18 40 18 18 18 18 18 21 21 20 20 29 29 100
gdean 18 18 18 18 18 18 18 18 18 21 21 20 37 20 29 29 18 40 18 100
ewigutow 18 18 18 18 18 18 18 18 18 21 21 20 20 29 29 100
dgibbon2 18 18 18 18 18 18 18 18 18 18 18 18 18 12 12 100
cmorton2 18 28 28 9 36 9 12 12 18 40 18 18 100
mrooney6 18 18 11 11 18 40 18 21 21 20 20 29 29 14 14 100
mmoran12 18 18 18 18 20 20 21 21 100
jwalte10 18 40 18 18 14 14 21 39 21 20 20 29 29 100
jcarney6 18 40 18 14 14 20 20 29 29 21 40 21 100
pmeyer3 18 18 14 14 11 11 18 40 18 18 21 21 20 20 29 29 100
icallaha 18 39 18 18 18 18 18 18 14 14 20 20 29 39 29 21 36 21 100
dtoth1 18 40 18 18 18 18 21 21 20 20 100
kkostola 18 40 18 18 11 11 18 40 18 18 18 18 14 14 18 40 18 29 29 20 20 21 21 100
dlee26 18 40 18 18 18 18 14 14 20 20 29 29 21 21 100
yying 18 12 12 28 28 9 9 18 40 18 18 18 18 100
swagy 18 40 18 18 18 18 21 21 14 14 20 20 18 18 29 29 100
rroque1 18 18 12 12 9 36 9 18 18 18 18 18 18 18 18 18 18 18 18 18 18 100
kdantoni 18 18 18 18 18 14 14 20 20 29 29 21 21 100
wmohler 18 21 38 21 20 20 29 29 14 14 100
lklein1 18 18 18 18 18 18 18 20 36 20 29 29 21 21 100
jbecker9 18 18 12 12 18 40 18 18 100
hrague 18 40 18 18 18 18 18 18 18 18 18 18 14 14 21 21 20 20 29 29 100
cott 18 39 18 18 18 18 18 14 14 11 11 29 29 20 20 21 21 100
mholzbau 18 18 14 14 100
mhawkin3 18 18 100
lharmon 18 28 28 9 36 9 12 12 18 36 18 18 18 100
elazzaro 18 28 28 12 12 9 9 18 40 18 18 18 20 20 18 18 21 21 29 29 14 36 14 100
tburley 18 18 9 9 18 40 18 18 100
shenn 18 37 18 9 9 18 40 18 18 18 18 18 18 21 21 100
jgomez5 18 36 18 18 18 18 18 18 14 14 21 40 21 20 20 29 29 100
bniemoel 18 38 18 18 18 18 18 18 18 18 18 21 21 20 20 29 29 100
kriordan 18 18 9 9 18 40 18 18 18 21 21 20 20 29 29 100
jmurph33 18 18 18 18 18 18 18 18 14 14 20 20 29 29 21 21 100
dcorr1 18 28 28 12 38 12 9 36 9 18 40 18 18 18 18 18 100
cemenalo 18 40 18 18 18 20 20 14 14 21 21 29 29 100
yjung2 18 28 28 12 38 12 9 36 9 18 40 18 18 11 11 18 40 18 12 12 20 20 21 21 100
rpappas 18 40 18 18 18 18 14 14 29 29 21 21 20 20 100
mmerric1 18 18 25 25 5 5 18 40 18 18 18 18 18 18 28 28 9 9 12 12 18 18 18 18 18 18 100
mdosch 18 18 28 28 21 21 20 20 29 29 14 14 18 40 18 100
jbettag 18 18 18 18 100
jbernin1 18 18 18 28 28 12 12 9 9 18 36 18 21 21 20 20 29 29 100
ddallava 18 14 14 20 20 21 21 18 40 18 29 29 14 14 20 20 18 40 18 29 29 14 14 20 20 21 38 21 18 40 18 100
cgamboa 18 40 18 14 14 29 29 21 21 18 40 18 14 14 14 14 100
nquartir 18 40 18 21 21 20 20 29 29 18 36 18 100
lfaubion 18 40 18 18 18 18 18 18 14 14 20 20 18 40 18 21 21 29 36 29 100
cwilso24 18 40 18 100
aursino1 18 39 18 18 18 100
msummer2 18 18 18 12 12 18 40 18 18 18 18 18 21 21 20 20 29 29 100
kramm 18 40 18 18 11 11 14 14 18 40 18 18 20 20 29 29 100
jchapple 9 36 9 18 40 18 18 18 18 100
jbonds 18 11 11 14 14 29 29 20 20 21 38 21 100
dbirzer 18 28 28 12 12 9 9 18 40 18 18 18 18 18 18 100
cfish 18 11 11 14 14 18 39 18 14 14 18 40 18 18 18 18 18 20 39 20 14 14 18 37 18 21 21 18 40 18 18 18 29 29 20 20 100
nholmes1 18 36 18 14 14 9 9 12 12 11 11 18 40 18 18 18 21 21 14 14 20 20 29 29 100
ngiovino 18 40 18 18 18 14 14 21 21 20 20 29 29 18 18 100
eherber1 18 40 18 18 14 14 18 40 18 18 18 18 20 20 29 29 21 36 21 18 40 18 100
cgallag3 18 18 18 18 18 14 14 20 20 29 29 21 21 14 14 100
tzheng2 18 18 18 18 18 21 21 29 29 20 20 18 18 18 18 18 100
mgerber 18 18 18 18 11 11 14 14 100
jcolli23 18 14 14 18 40 18 14 14 20 40 20 18 40 18 18 14 14 29 29 18 40 18 14 14 29 29 20 20 21 21 100
awalton3 0 0 18 18 18 18 9 9 14 14 18 18 28 28 18 18 12 12 18 18 18 18 18 21 21 18 37 18 18 14 14 20 20 29 29 100
vwhitmor 18 39 18 18 18 11 11 21 21 20 20 29 29 14 14 100
rpellica 18 14 14 12 12 28 37 28 9 36 9 18 40 18 18 18 18 11 11 18 40 18 100
rmyers9 18 40 18 18 18 18 18 21 38 21 14 14 20 20 29 29 100
mdillon7 18 40 18 18 18 14 14 18 38 18 100
jdoerer 18 12 12 9 36 9 18 40 18 18 100
gbiltz 18 18 100
aheck1 18 40 18 18 18 18 14 14 21 21 20 37 20 29 29 18 40 18 100
ucooper 18 18 18 18 100
rschill1 18 12 12 18 40 18 18 12 12 18 36 18 18 18 18 18 18 18 100
mschlic1 18 28 28 9 36 9 12 12 18 40 18 21 21 20 20 29 29 100
mperry6 18 40 18 18 18 18 20 20 100
jfenton1 18 18 18 18 21 21 20 20 29 29 18 39 18 11 11 100
csauder 18 28 28 9 9 12 12 18 40 18 18 18 18 18 18 11 11 100
alowney 18 28 28 12 12 9 9 18 40 18 18 28 28 12 12 9 9 18 40 18 100
zkagalw1 28 28 9 9 12 12 11 37 11 18 40 18 18 11 11 18 38 18 14 14 100
swilkin4 18 40 18 18 18 18 18 29 29 20 20 21 36 21 100
imarx 18 40 18 14 14 21 21 20 36 20 29 29 18 18 100
cschmid7 18 40 18 28 28 12 12 9 9 18 40 18 11 11 18 40 18 21 21 20 20 29 29 100
awang4 18 18 9 9 12 12 18 40 18 100
abenavi3 18 40 18 18 18 18 18 18 14 14 18 18 21 21 20 20 29 29 100
sweyhmil 18 20 20 100
sgenz 18 28 28 12 12 9 9 18 40 18 18 18 18 18 18 14 14 18 36 18 18 21 21 20 20 29 29 100
mwu4 18 12 12 28 36 28 9 9 18 40 18 18 18 100
jleporte 18 28 28 9 9 12 12 18 40 18 18 18 29 29 21 21 26 26 19 19 3 3 18 40 18 21 21 20 20 29 29 100
adichris 18 14 14 11 11 18 40 18 18 21 21 20 20 29 29 18 37 18 100
scrotty1 18 18 21 21 18 40 18 20 36 20 18 18 29 29 100
pfarring 18 40 18 18 18 14 14 20 20 29 29 21 21 18 37 18 100
pdesousa 18 39 18 18 28 28 9 9 18 40 18 18 18 12 12 20 20 100
mkuehl 18 18 18 18 20 20 29 29 21 21 100
lfitter 12 12 28 39 28 9 9 18 40 18 18 18 18 18 18 18 100
kenriett 18 28 28 12 38 12 9 9 100
jruan 0 0 18 36 18 18 18 18 18 18 14 14 18 40 18 21 21 20 20 18 40 18 14 14 29 39 29 100
hzahour 28 28 12 12 9 9 18 40 18 18 18 18 100
emostyn 18 36 18 18 18 18 1 1 14 14 18 40 18 18 18 29 29 18 40 18 21 21 20 20 14 14 11 38 11 100
edohert1 18 18 18 18 18 18 14 14 29 29 20 20 21 39 21 18 37 18 100
amellert 12 12 9 9 18 40 18 18 18 18 18 100
aandrade 18 40 18 18 18 18 18 18 18 18 18 18 21 21 20 20 29 29 100
tdann 18 40 18 18 18 18 100
sielusic 18 37 18 18 18 18 21 21 20 20 29 29 18 18 100
mlicursi 18 18 18 18 18 14 14 21 21 20 20 29 29 100
mdrake2 18 18 18 18 14 14 20 20 100
lhe3 18 18 14 14 12 12 28 38 28 9 36 9 18 18 18 18 18 14 14 29 29 18 18 20 20 21 36 21 100
inegroro 18 12 12 28 39 28 9 9 18 40 18 14 14 20 20 29 29 21 21 100
afonash 18 38 18 18 18 18 14 14 21 21 20 20 29 29 100
obarnard 18 18 20 20 29 29 21 21 100
nbenz 18 40 18 18 14 14 20 36 20 18 40 18 21 21 29 37 29 18 39 18 100
lhuang3 18 40 18 18 18 18 18 18 18 18 11 11 21 36 21 20 20 29 29 18 40 18 18 100
jwessele 18 21 21 20 20 29 29 100
jmastron 18 40 18 21 21 20 20 29 29 14 14 18 37 18 100
dmarino 18 18 21 21 20 20 29 29 18 37 18 100
cpickfor 18 40 18 18 14 14 20 20 29 29 21 21 100
obaitlot 18 100
kmollenk 18 18 12 12 18 40 18 18 31 31 18 40 18 21 21 20 20 29 29 14 14 100
ccarlso2 18 18 14 14 20 20 21 21 29 36 29 100
bmoreno1 18 18 28 28 18 18 18 18 18 12 12 18 18 9 9 18 39 18 18 18 100
smanriqu 18 18 14 14 13 36 13 20 20 21 21 29 29 18 40 18 100
mmillado 18 28 28 12 12 9 9 18 18 18 18 18 14 14 100
mferrel2 18 18 18 18 18 18 12 12 28 28 9 9 100
ldougla3 18 40 18 18 21 21 20 20 29 29 21 36 21 100
jmcconn1 28 28 12 12 9 9 18 40 18 18 18 18 18 21 21 20 20 29 29 100
ecahill 18 18 18 21 21 18 40 18 20 20 29 29 100
dshaw4 18 40 18 18 18 14 14 20 20 29 29 21 21 100
alucche1 18 18 28 28 14 14 12 12 9 9 14 37 14 18 40 18 18 18 18 14 38 14 18 18 29 29 20 20 21 21 100
odonnel1 18 9 9 28 28 12 12 18 40 18 18 18 18 18 18 12 12 18 18 100
mpirko 18 40 18 18 14 14 18 40 18 14 14 29 29 20 20 21 21 100
mlyden1 18 40 18 18 18 18 14 14 11 11 21 36 21 20 36 20 29 29 100
mdekold 18 18 28 28 14 14 9 9 12 12 18 40 18 11 11 18 18 18 21 21 29 29 20 20 100
eschnaut 18 40 18 18 12 12 100
esalina1 18 40 18 18 18 14 14 18 40 18 21 21 20 20 29 29 14 14 18 40 18 100
adiederi 18 40 18 18 18 21 21 18 40 18 20 20 29 29 14 14 21 21 100
sholtz1 18 40 18 18 18 14 14 21 21 29 29 20 20 100
sdann 18 18 18 18 18 18 18 18 18 14 14 21 21 29 29 20 20 100
pkolek 18 39 18 18 18 14 14 18 40 18 21 21 20 20 29 29 100
nhaymond 18 40 18 18 18 18 21 21 20 20 29 29 18 18 100
kmuha 18 40 18 18 18 18 18 18 14 14 21 21 20 20 29 29 100
kfeehan 18 40 18 18 18 21 21 29 29 20 20 100
kalme 18 18 18 18 14 14 21 21 9 9 29 29 20 20 18 40 18 18 14 14 20 20 29 29 18 40 18 100
ivaldess 18 40 18 18 18 14 14 18 18 18 21 21 20 37 20 29 29 100
esmith30 18 18 18 12 12 28 28 9 9 18 40 18 14 14 11 11 18 40 18 18 18 18 18 20 20 29 29 100
ctoudouz 18 40 18 18 18 20 20 100
sreddy4 18 40 18 18 21 21 20 20 29 29 100
rboylan 18 18 18 18 18 21 38 21 20 20 29 29 100
ncheng 18 18 18 21 21 20 20 29 29 14 14 18 39 18 100
jzelinsk 18 40 18 14 14 29 29 20 20 21 21 100
jcuji 18 18 12 12 18 40 18 18 28 28 9 9 18 40 18 18 18 11 11 18 40 18 18 18 18 18 100
gworthin 18 40 18 18 18 18 14 14 20 20 29 29 18 40 18 18 18 18 14 14 21 21 100
dfabrega 18 40 18 18 18 18 18 18 18 11 11 18 39 18 14 14 100
angov 18 40 18 18 14 14 20 20 29 29 21 37 21 100
adunniga 18 18 18 18 18 18 21 21 20 20 29 29 100
skolda 18 40 18 18 14 14 21 21 20 36 20 29 29 100
scrippes 18 40 18 18 18 18 100
mschutze 18 18 18 14 14 18 18 21 21 20 20 29 29 18 36 18 100
mpavloff 18 37 18 18 18 14 14 18 18 21 21 20 20 29 29 100
lnixon1 18 18 18 18 18 18 21 21 20 36 20 29 29 100
kmurray7 18 40 18 18 18 14 14 29 29 20 20 21 21 100
jshard 18 37 18 18 14 14 21 21 20 38 20 29 29 100
hthomps4 18 37 18 0 0 18 18 18 18 18 29 29 20 20 21 21 100
ewood1 18 36 18 18 18 18 28 28 9 9 18 37 18 18 21 21 20 20 29 29 18 39 18 100
estrouse 18 18 21 21 20 20 29 29 18 18 14 14 18 40 18 21 21 100
sekanay1 18 40 18 14 14 18 18 21 21 29 36 29 100
odegnim 18 40 18 18 21 21 100
kcox5 18 40 18 18 18 18 18 14 14 20 20 29 29 21 21 18 18 100
kborotho 18 9 9 12 12 18 38 18 18 21 21 100
jbertram 18 18 14 14 100
hbyrne 18 40 18 18 100
ggulyas 18 40 18 18 21 21 14 14 20 36 20 29 29 100
ekeuler 18 18 21 21 20 20 29 29 18 18 18 18 100
egeyer1 18 40 18 18 11 11 21 21 29 29 20 20 14 14 100
dlong2 18 40 18 18 14 14 29 29 20 20 21 39 21 100
bpierpoi 12 12 9 36 9 18 40 18 18 18 18 18 18 18 18 100
apavelka 18 40 18 11 11 18 40 18 18 21 21 20 20 29 29 100
rbartle1 18 40 18 100
nyusko1 18 40 18 18 18 18 18 18 21 21 20 20 29 29 100
motten1 18 40 18 18 18 20 20 29 29 21 21 100
molsen3 18 14 14 21 21 20 20 29 29 100
mdambros 18 12 12 18 40 18 12 12 18 36 18 9 9 28 28 18 40 18 20 20 100
kmountf1 18 36 18 18 18 11 11 21 21 20 20 29 29 14 14 18 40 18 21 21 20 20 29 29 18 36 18 100
jeversol 18 36 18 18 18 18 14 14 29 29 20 20 21 40 21 18 36 18 100
etorrent 18 18 18 11 11 18 40 18 18 18 21 21 20 20 29 29 14 38 14 100
ereynol5 18 40 18 21 21 20 20 29 29 14 14 18 40 18 29 29 100
epark5 18 40 18 18 21 21 20 20 29 29 18 40 18 18 18 11 11 14 14 20 20 29 29 21 21 100
dpatel2 18 40 18 18 18 14 14 21 21 20 20 29 36 29 18 38 18 100
cmoreno5 18 18 28 28 18 36 18 9 9 12 12 18 40 18 18 18 18 18 18 11 11 21 21 20 20 29 29 100
bgawel 18 40 18 21 21 29 29 20 20 100
bconlon 18 38 18 12 12 18 36 18 9 9 18 40 18 18 18 14 14 21 21 18 18 100
apanousi 18 28 28 12 12 9 9 18 40 18 18 18 21 21 20 20 29 29 100
tngochi 18 40 18 11 11 21 21 20 20 29 29 14 14 100
tdasso 28 28 12 12 9 37 9 18 40 18 18 100
rwittmer 18 28 28 12 12 9 36 9 18 40 18 18 18 18 18 21 39 21 100
rvazza 18 40 18 18 11 11 21 21 20 20 29 29 100
nhong 18 39 18 21 21 20 20 29 29 13 39 13 15 15 18 18 18 18 18 100
mrohling 18 28 28 18 18 12 12 9 9 18 40 18 18 18 18 11 11 18 39 18 1 1 22 22 100
dsmith53 18 40 18 18 18 18 100
cdowicz 18 18 18 18 18 18 100
bnakfoor 18 40 18 21 37 21 20 20 29 29 18 40 18 100
akhemani 18 12 12 28 28 9 9 18 40 18 18 100
ahughes8 18 37 18 12 12 9 36 9 18 40 18 21 21 100
tperey 18 40 18 18 18 14 14 21 21 20 20 29 29 100
pbetz 18 28 28 12 12 9 9 18 40 18 18 18 100
mmccor15 18 18 18 14 14 20 20 18 40 18 21 21 100
mgray10 18 38 18 18 18 29 29 21 21 20 20 14 14 100
mfraizer 18 18 18 12 12 28 28 9 9 18 40 18 18 18 18 18 1 1 18 40 18 18 100
lherna11 18 40 18 18 19 19 18 40 18 21 21 20 20 29 29 14 36 14 2 2 11 11 24 24 100
jmolumph 18 40 18 14 14 18 40 18 18 21 21 20 37 20 29 29 100
hzweberl 18 40 18 18 18 18 14 14 29 29 20 20 21 21 100
dserafin 18 40 18 18 14 14 18 40 18 21 21 29 29 20 20 100
bpowell4 18 40 18 18 18 18 18 18 18 14 14 20 20 21 21 100
mdownin1 18 40 18 18 14 14 21 21 20 36 20 29 29 100
lduggan 18 40 18 18 18 14 14 29 29 20 20 21 36 21 100
kmclaug3 18 18 28 28 12 12 9 9 18 40 18 18 18 18 100
kbulleit 18 40 18 18 18 18 18 14 14 18 18 18 21 21 18 40 18 18 20 20 29 29 100
jplas 18 100
jbrown36 18 28 28 9 9 12 12 18 18 18 18 18 100
dkim30 18 40 18 18 18 18 21 21 20 20 29 29 100
cpantin 18 28 28 9 9 12 12 18 40 18 18 100
cmyers11 18 40 18 18 14 14 18 40 18 21 21 20 36 20 29 29 100
amora2 18 40 18 18 18 18 21 21 29 29 20 20 100
adrisco2 18 40 18 18 14 14 21 21 20 20 29 29 18 40 18 18 18 100
xtsai 28 36 28 29 29 20 20 12 12 9 9 18 40 18 18 100
kmurph44 18 40 18 18 18 18 11 39 11 21 21 20 20 29 29 18 39 18 100
ibushue 18 14 14 20 40 20 18 40 18 29 37 29 18 40 18 21 21 18 18 14 40 14 100
hadams3 21 21 20 20 9 36 9 100
enichol4 18 40 18 21 21 20 20 29 29 14 14 100
egroth 18 40 18 18 14 14 20 20 29 29 21 36 21 100
aheinzma 18 40 18 100
adecker1 18 12 12 18 40 18 28 28 9 9 18 40 18 18 18 100
aameen 18 40 18 18 21 21 29 29 20 20 18 39 18 100
zwall 18 36 18 18 18 11 11 21 21 20 20 29 29 100
smonaha1 18 18 18 18 21 21 18 38 18 14 14 11 11 18 40 18 20 37 20 29 29 18 38 18 13 40 13 15 15 18 36 18 18 18 100
sdeschne 18 40 18 18 14 14 20 20 29 29 21 40 21 100
mowen 18 18 18 14 14 20 20 29 29 21 36 21 100
lwatts1 18 40 18 18 14 14 21 21 20 39 20 29 29 100
krochefo 18 28 28 9 9 18 18 12 12 18 18 18 18 18 18 100
gniforat 18 28 28 18 18 18 18 12 12 18 18 9 9 18 40 18 18 21 21 29 29 20 20 18 36 18 100
evandier 18 18 18 18 18 100
eclapp 18 18 100
awaldsch 18 18 18 18 18 11 11 18 18 18 18 18 18 18 18 18 18 18 18 21 21 18 36 18 100
adevito1 18 40 18 18 18 18 21 21 20 20 29 37 29 100
tsilva1 18 28 28 12 12 9 9 18 40 18 18 21 21 20 20 29 29 100
oivan 18 40 18 18 18 14 14 20 20 29 29 21 36 21 100
mmarti45 18 40 18 18 21 21 18 18 20 20 29 29 100
mjorden 18 21 21 20 20 29 29 14 14 100
ldorenko 18 40 18 14 14 20 20 21 21 29 29 18 37 18 100
ktracey 18 40 18 18 14 14 20 20 29 29 21 21 100
krothmey 18 40 18 21 21 20 20 29 29 100
kbiladea 18 18 18 18 18 18 18 100
jweas 18 18 11 11 21 21 20 20 29 29 18 18 14 14 100
jgoldsch 18 40 18 18 11 11 18 40 18 18 14 14 21 21 20 20 29 29 100
jdraves 18 40 18 11 11 21 21 20 20 29 29 14 14 100
gotte1 18 12 12 9 9 100
etruesda 18 40 18 21 21 20 20 29 29 100
emeara 18 18 21 36 21 20 36 20 14 14 29 29 100
cnilsen 18 40 18 20 20 18 18 18 20 20 21 21 100
bmurph24 18 40 18 18 29 29 14 14 18 40 18 18 14 14 29 29 20 20 21 21 100
azammit 18 18 18 100
arabbitt 18 28 28 12 12 9 9 18 40 18 18 20 20 18 40 18 20 20 21 21 100
wcheong 18 20 20 12 12 18 18 18 18 18 18 18 14 14 21 21 20 20 29 29 100
kmoran11 18 40 18 18 18 18 21 21 20 20 18 18 29 29 100
kgalla21 18 40 18 18 18 14 14 18 40 18 21 21 29 38 29 20 20 100
kgalla20 18 40 18 18 18 18 18 18 21 21 100
jsutton3 18 28 28 18 18 12 12 9 9 18 40 18 18 100
jhegart2 18 100
japplew1 18 28 28 18 18 12 12 18 39 18 9 9 18 40 18 18 18 21 21 100
imurrer 18 40 18 21 21 20 20 29 29 100
fschemel 18 40 18 14 37 14 18 18 20 20 21 21 29 29 100
fprimozi 18 18 18 18 18 18 18 18 20 20 18 37 18 100
elinares 18 18 18 18 18 18 18 18 18 21 21 21 21 29 29 20 20 100
cmulshin 18 40 18 18 21 21 20 20 29 29 18 18 14 14 100
cmagnuss 18 40 18 18 18 18 20 20 29 29 21 36 21 100
ccleary1 18 18 18 18 100
abohling 18 14 14 21 38 21 20 20 29 29 18 40 18 100
mscanish 18 40 18 18 18 100
mkirven 18 40 18 18 100
lkim3 18 18 21 21 20 20 29 29 100
lgrabows 18 40 18 18 18 29 29 21 39 21 100
lcaffar1 18 18 18 18 18 14 14 18 40 18 11 11 21 21 20 36 20 29 29 100
kliang2 18 28 28 12 12 9 9 18 40 18 18 18 100
jnowak4 18 18 18 18 100
hcheng1 18 28 28 12 12 9 9 18 40 18 18 21 21 20 20 29 29 100
bmerrick 18 40 18 14 14 18 18 21 21 29 29 20 20 100
bgagnon 18 18 12 12 28 28 9 36 9 18 18 18 18 18 100
tmansell 18 40 18 100
rrocco 18 11 11 18 40 18 18 14 14 21 21 20 20 29 29 18 40 18 11 11 18 39 18 18 18 13 13 15 15 18 37 18 18 100
rpuno 18 18 18 14 14 21 40 21 20 20 29 29 100
lyan4 9 9 18 40 18 18 21 21 20 20 29 29 18 18 100
kpresteg 18 12 12 18 18 28 28 18 18 9 9 18 40 18 18 18 11 11 21 21 100
jbaines 18 40 18 100
blemay 18 18 18 100
aromano2 18 12 12 28 28 9 9 18 40 18 14 14 21 36 21 20 20 29 29 18 18 100
alongsta 18 40 18 18 18 18 21 21 20 20 29 29 100
szachari 18 40 18 18 14 14 20 20 29 29 21 21 100
spalumb1 18 40 18 18 18 21 21 14 14 29 29 20 20 100
pcamara 18 38 18 18 18 100
operez2 18 40 18 18 11 11 14 14 21 21 20 20 29 29 18 40 18 18 100
nvincent 18 40 18 18 20 20 21 40 21 29 29 18 38 18 14 14 100
lgelin 18 40 18 21 21 20 39 20 29 36 29 100
ldomenel 18 28 28 12 12 18 36 18 9 9 18 40 18 18 18 18 100
lcho 18 40 18 18 18 18 100
jpaul2 18 100
ischmitz 18 40 18 18 18 18 18 21 21 29 29 100
egorman5 18 40 18 18 14 14 20 20 29 29 21 40 21 18 18 100
dallen13 18 28 28 18 18 12 12 9 9 18 40 18 18 100
cdenzel 18 40 18 18 14 14 20 20 29 29 21 21 100
asowell 18 28 28 12 12 9 9 18 40 18 18 18 18 21 21 20 20 29 29 100
yzou2 18 100
speter14 18 28 28 12 12 9 9 14 14 18 40 18 18 18 21 21 100
pmcmonag 18 40 18 19 19 14 14 10 10 21 21 18 40 18 29 29 20 20 100
kpaulsen 18 40 18 18 18 21 39 21 18 40 18 12 12 20 20 29 29 100
kjacoby1 18 40 18 18 18 14 14 29 29 21 21 20 36 20 100
jruane 18 18 14 14 21 21 20 36 20 29 29 100
jdodig 18 12 12 5 40 5 18 40 18 100
gcramer1 18 40 18 18 18 18 18 100
everhey 18 36 18 18 18 11 11 18 18 21 21 20 20 29 29 100
esoller 18 40 18 18 18 21 21 20 20 29 38 29 100
egorman6 28 28 12 12 9 9 18 40 18 18 18 11 11 18 18 100
ckotseos 18 18 18 18 18 21 21 18 18 20 20 29 29 100
cganley 18 38 18 18 18 18 18 20 20 21 21 29 29 14 14 100
bfraser 18 18 18 18 18 14 14 20 20 29 29 21 36 21 18 40 18 18 100
asweet 18 18 28 28 9 9 12 12 18 40 18 18 18 5 5 18 40 18 100
apaik 18 18 18 28 28 9 9 18 40 18 18 18 18 28 28 9 9 14 14 18 18 12 12 18 18 18 18 21 21 29 29 20 20 11 11 18 18 14 14 100
thuber1 18 40 18 18 100
sincera 18 18 12 12 28 36 28 9 9 100
phennes2 18 12 12 9 9 18 36 18 18 18 100
msahd 18 18 28 28 14 14 9 36 9 12 12 18 36 18 18 18 18 28 28 14 14 21 21 29 29 20 20 100
mcabrer1 18 18 21 21 29 29 20 36 20 100
kkolleck 18 40 18 18 14 14 20 20 29 29 21 36 21 100
jreeg 18 12 12 18 18 18 9 9 18 40 18 18 28 28 18 40 18 100
jgonnard 18 40 18 15 15 18 40 18 100
hsarkey 18 18 9 9 18 18 12 12 18 40 18 18 18 18 18 11 11 100
hholden 18 40 18 18 18 18 100
epil 18 18 18 18 14 14 100
awitte 18 40 18 18 21 21 20 20 29 29 100
trogers6 18 18 18 18 14 14 21 21 29 36 29 20 20 100
tfross 18 18 18 21 21 20 20 29 29 14 14 100
taguirre 18 38 18 18 18 18 21 21 20 20 29 29 18 18 100
sbindel 18 18 18 18 18 100
rmaqbool 18 12 12 18 18 9 9 18 40 18 18 18 18 18 100
kcockrel 18 18 18 18 14 14 21 21 29 29 20 20 100
jmarino6 18 40 18 11 11 18 18 18 18 29 29 20 20 21 36 21 100
eguenthe 18 40 18 100
ecaradon 18 12 12 28 28 9 9 18 40 18 18 18 18 18 100
creid4 18 40 18 18 18 14 14 21 21 20 36 20 29 29 100
carizama 18 28 28 12 12 9 9 100
anataraj 18 40 18 18 18 11 11 18 40 18 18 11 11 14 14 20 20 29 29 18 18 21 39 21 100
svukovit 18 40 18 18 18 18 18 18 21 21 29 29 20 20 100
msteph11 18 40 18 21 21 20 20 29 29 11 11 14 14 100
mraster 18 18 14 14 18 40 18 21 21 20 20 29 29 100
lbognar1 18 40 18 29 29 21 21 20 20 100
lbakke 18 40 18 21 21 18 40 18 18 29 29 20 20 100
jzacher 18 18 18 18 18 21 21 20 20 29 29 100
jheath3 18 40 18 14 14 21 21 20 20 29 29 100
hduan 18 28 28 18 36 18 12 12 18 18 9 9 18 40 18 100
gvargas 18 18 14 14 18 40 18 20 20 29 29 18 18 21 36 21 100
erogan 18 40 18 18 18 14 14 20 20 18 18 28 40 28 21 21 14 14 29 36 29 100
epuntill 18 40 18 18 14 14 18 40 18 29 29 20 20 21 21 18 18 100
ebarthel 18 28 28 12 38 12 9 9 18 40 18 18 18 21 21 100
eallgaie 18 12 12 28 28 9 9 18 18 18 18 18 18 100
dlipa 18 40 18 14 14 20 20 29 29 21 36 21 100
csmith71 18 40 18 18 18 18 21 21 14 14 100
clucas4 18 40 18 18 18 14 14 20 20 29 29 21 21 100
clowney1 18 40 18 18 18 18 14 14 29 29 20 20 21 21 100
bsailer1 18 40 18 18 11 11 14 14 21 21 20 36 20 100
bburger 18 40 18 18 21 21 20 20 29 29 14 14 18 36 18 100
bbishop2 18 40 18 18 14 14 20 20 29 29 21 21 100
alifka 18 1 1 12 12 18 40 18 14 14 21 21 18 36 18 20 20 29 40 29 100
alee25 18 40 18 18 11 11 18 40 18 29 29 20 20 21 21 14 14 100
ttarkles 18 39 18 18 18 18 21 21 20 20 29 29 100
tkhong 18 18 18 18 18 18 11 11 18 40 18 21 21 29 36 29 20 20 100
sschmit1 18 40 18 21 21 20 20 29 29 100
rsulli13 18 18 12 12 9 36 9 18 40 18 18 18 100
plally 18 18 18 18 18 18 18 21 21 20 20 29 29 11 11 18 18 100
mwhelan3 18 40 18 21 21 20 20 29 29 21 21 20 20 20 20 18 18 21 21 29 29 100
mmccabe6 18 18 28 28 9 9 18 40 18 18 18 14 14 18 18 21 21 100
mkeller6 12 12 28 28 9 36 9 18 18 18 18 18 18 18 100
mhare1 18 40 18 14 14 21 21 20 20 29 29 100
mdadamio 18 40 18 18 14 14 18 40 18 20 20 29 29 21 21 100
khinish 12 12 18 36 18 18 18 18 18 18 18 25 25 18 18 5 5 18 36 18 18 14 14 18 18 100
hschwart 18 40 18 18 18 14 14 21 21 29 29 20 20 18 40 18 100
hparkhil 18 40 18 18 18 18 18 18 18 21 40 21 20 20 29 29 18 40 18 100
emcdowel 12 12 9 9 18 40 18 18 18 18 100
dnaquin 18 14 14 18 40 18 18 21 21 20 20 18 18 29 29 100
abenedic 18 18 21 21 20 20 29 29 14 14 100
wdefaria 18 12 12 18 18 28 28 9 36 9 18 40 18 18 100
tcomer 18 40 18 18 18 18 18 18 21 21 29 29 20 20 14 14 100
tcarnes 18 18 21 21 20 37 20 29 29 100
rduffy3 18 40 18 18 18 18 11 11 14 14 21 21 20 20 100
narmbrus 18 28 28 9 9 12 12 18 40 18 18 18 18 18 11 11 18 40 18 21 21 20 20 29 29 100
mritten 18 18 14 14 18 40 18 14 14 29 29 20 20 21 38 21 100
mdonne10 18 18 18 18 18 20 20 29 29 21 21 100
kperez4 18 36 18 9 9 18 40 18 18 18 18 18 29 29 20 20 21 21 100
jsuttman 18 18 18 9 9 12 12 18 40 18 18 21 21 29 29 20 20 100
jgriff12 18 18 18 11 11 14 14 21 21 29 36 29 20 20 100
jables 18 40 18 14 14 18 40 18 18 21 21 20 36 20 29 29 100
eforbes1 18 40 18 14 14 18 40 18 18 18 14 14 29 29 20 20 21 21 100
ccorse 18 18 12 12 18 40 18 12 12 18 36 18 28 28 18 40 18 9 36 9 18 40 18 100
asmith56 28 28 12 12 18 18 12 12 9 9 18 36 18 18 18 18 21 21 20 20 29 29 14 14 100
acook8 18 18 28 28 9 9 12 12 14 36 14 18 40 18 18 21 21 11 11 14 14 20 20 29 29 100
abojczuk 18 28 28 12 12 9 37 9 18 40 18 18 100
zliang3 18 40 18 18 18 14 14 18 39 18 18 14 14 29 29 20 20 21 21 100
ychen30 18 28 28 12 36 12 9 9 18 40 18 18 100
tkacius 18 40 18 14 14 20 20 29 29 18 36 18 21 21 100
szabala 18 40 18 21 21 20 20 29 29 100
swallac3 18 40 18 14 14 21 21 20 20 29 29 100
sbattali 28 28 9 9 12 12 18 38 18 18 18 18 100
ojacobse 18 18 18 12 12 18 36 18 9 9 18 18 18 18 18 100
npatidar 18 40 18 20 20 21 21 29 29 14 14 100
ngiannot 18 36 18 18 18 11 11 14 14 18 40 18 20 20 29 29 18 40 18 21 36 21 100
mstebbi1 12 12 18 40 18 18 18 18 12 12 9 9 18 40 18 100
mkelley9 18 18 12 12 28 39 28 9 9 18 40 18 18 21 21 20 20 29 29 100
kwhite14 18 40 18 28 28 12 12 9 9 18 40 18 18 14 14 100
kmchugh6 18 40 18 18 11 11 14 14 21 37 21 20 20 29 29 100
kconese 18 40 18 18 18 18 21 21 20 39 20 100
jstacho1 18 100
jslaugh2 18 40 18 18 18 18 11 11 14 14 21 21 20 20 29 29 100
gwilson6 18 28 28 12 37 12 9 37 9 100
gpernico 28 28 9 9 12 37 12 18 40 18 100
drea 18 40 18 18 18 18 14 14 18 18 29 29 20 20 21 36 21 100
dkelly13 18 18 11 11 14 14 29 29 20 20 21 21 18 18 100
cschust4 18 40 18 18 18 18 18 14 14 20 20 29 29 21 21 18 38 18 100
cprince 18 40 18 18 18 18 21 21 20 20 29 29 14 36 14 100
bdzubara 18 18 12 12 9 9 28 28 18 18 18 18 100
akurz 18 18 18 18 100
acrowle1 18 12 12 28 28 9 9 18 40 18 14 14 18 18 18 100
zzovko 18 100
ztulausk 18 18 29 29 20 20 21 21 14 14 18 18 100
tfolwell 18 18 18 18 18 18 14 14 20 20 29 29 21 36 21 100
sharri11 18 40 18 18 21 21 20 20 29 29 100
mphelan5 18 14 14 29 29 18 40 18 21 21 20 36 20 18 18 29 29 100
mkocher2 28 28 12 12 9 9 18 40 18 18 21 21 18 18 100
ksteenvo 18 40 18 21 21 20 20 29 29 100
kmehta2 18 18 18 18 18 12 12 9 9 18 40 18 18 18 18 18 18 100
kaiello1 18 18 18 14 14 11 11 20 40 20 21 21 29 36 29 100
jrhiling 18 40 18 14 14 21 21 20 20 29 29 100
jmcclin1 18 40 18 18 18 21 21 20 20 29 29 100
eolsen2 18 40 18 14 14 18 40 18 20 20 18 39 18 21 21 100
egrammer 18 40 18 18 20 37 20 21 21 29 29 100
dngo2 18 40 18 21 21 20 20 29 29 18 40 18 18 20 20 21 21 29 29 100
czhou4 18 36 18 18 18 18 11 40 11 14 14 18 40 18 21 21 29 36 29 20 20 100
csedore 18 40 18 18 18 21 21 20 20 29 29 18 36 18 100
awood8 18 18 14 14 21 21 20 36 20 29 29 100
astaresi 18 40 18 18 14 36 14 1 1 18 18 20 36 20 29 29 21 21 100
areymer 18 40 18 20 20 21 21 29 29 18 40 18 20 20 100
ahays1 18 18 18 18 14 14 18 40 18 20 20 18 40 18 21 21 29 29 100
abatkoff 18 28 28 18 18 12 12 9 9 18 40 18 18 18 18 18 100
xzhang24 18 12 12 18 40 18 11 11 21 21 20 20 29 29 14 14 18 40 18 100
skoo1 18 18 21 21 29 29 20 20 100
rsong 18 40 18 14 14 20 40 20 29 29 21 21 100
rbanuelo 28 28 9 9 12 12 18 40 18 18 11 11 21 21 20 20 29 29 18 18 100
psansone 18 28 28 18 36 18 18 12 12 18 36 18 9 9 18 40 18 100
npassina 18 18 18 20 20 21 21 29 29 100
mlarson3 18 40 18 18 11 11 18 40 18 21 21 29 29 20 20 100
mhagan2 18 18 12 12 9 9 18 38 18 11 11 18 40 18 18 18 18 14 14 21 21 20 20 29 29 100
mcrawf10 18 18 21 21 20 20 29 29 18 40 18 14 14 28 36 28 18 18 100
jbelluc2 18 18 18 18 21 21 20 20 29 29 100
jander21 28 28 9 9 12 12 18 40 18 18 20 20 21 40 21 29 29 100
ioteroto 18 40 18 28 28 12 12 9 9 18 40 18 18 18 21 21 20 20 29 29 100
ejones15 18 39 18 18 20 20 21 21 29 29 100
ecummin2 18 40 18 18 14 14 29 29 20 20 21 21 100
dventer 18 40 18 14 14 21 21 20 20 29 29 11 11 100
ccastil4 18 40 18 18 14 14 18 40 18 18 21 21 20 20 29 29 100
cbarahon 18 28 28 28 28 12 38 12 9 9 18 40 18 18 100
zeggers 12 36 12 18 40 18 12 36 12 9 36 9 18 40 18 21 21 20 20 29 29 100
skeller5 18 18 0 0 18 40 18 18 18 14 14 29 29 20 20 21 21 100
nholmes2 18 40 18 18 14 14 18 18 18 20 40 20 21 21 29 39 29 100
mtagovai 18 18 18 18 18 18 18 18 100
mryan32 18 18 28 28 12 12 18 18 9 9 18 40 18 100
mmatusk1 18 18 18 100
mflanag8 18 28 28 9 9 12 40 12 18 40 18 18 18 18 18 18 100
mdoyle19 18 40 18 14 14 29 29 100
lfalquez 18 18 18 18 11 11 18 18 21 21 100
jmarvin2 18 18 20 20 18 40 18 18 20 20 11 11 18 40 18 29 29 21 21 100
hchoudhu 28 28 9 9 12 12 18 40 18 18 100
edell 18 40 18 12 12 21 21 20 39 20 29 29 14 36 14 18 18 100
delwell 18 28 28 14 14 9 9 12 12 18 40 18 18 100
cpawelek 18 12 12 18 37 18 18 9 9 18 40 18 100
cgotuaco 18 12 12 28 36 28 29 36 29 9 9 18 40 18 20 20 21 21 29 29 100
ccasper 18 40 18 18 18 14 14 20 20 18 36 18 100
bbrown14 18 40 18 21 21 20 20 29 29 100
ychen31 18 28 28 12 12 9 9 18 38 18 18 18 18 100
vkareh 18 18 18 21 21 11 11 20 20 29 29 14 14 18 40 18 100
rwilso18 18 40 18 14 14 21 21 18 40 18 20 20 29 29 100
rmelotik 28 36 28 12 12 9 37 9 18 40 18 14 14 18 18 18 100
pkollma1 18 39 18 18 18 18 21 21 14 14 29 29 20 20 100
phaley1 18 28 28 12 12 9 9 18 18 18 21 21 20 20 29 29 100
oeaddy 18 40 18 18 28 36 28 12 12 9 9 14 14 18 37 18 18 18 100
mzakowsk 18 40 18 21 21 18 18 14 14 20 20 29 29 100
mmoufawa 18 36 18 9 9 18 40 18 20 20 29 29 100
mmaldona 18 18 18 21 21 20 20 29 29 100
mlake2 18 100
mhoffm12 18 40 18 18 100
mcurlis2 18 36 18 11 11 18 40 18 21 21 14 14 29 29 20 20 100
kwardlow 18 28 28 18 40 18 9 9 12 36 12 18 38 18 18 100
kround 18 18 28 28 12 40 12 9 9 100
kmoeinva 18 40 18 18 18 100
jsong3 18 40 18 18 20 20 21 21 100
jsimone 18 40 18 18 14 14 18 18 100
jnagle7 18 18 12 12 9 9 18 40 18 18 100
jmullen6 18 40 18 21 21 29 29 20 20 100
jhuber4 18 40 18 21 21 20 36 20 29 29 100
gvonuhle 18 28 28 12 12 9 9 18 40 18 18 21 21 20 20 29 29 14 14 100
esienko 18 40 18 18 18 14 14 29 29 20 20 21 21 100
ekiszla 9 9 18 40 18 18 21 21 20 20 29 29 14 14 100
ekenney1 18 40 18 18 18 21 36 21 14 14 29 29 20 20 100
edoyal 18 40 18 29 29 18 40 18 14 14 28 28 12 12 21 21 20 20 29 29 18 40 18 100
dmikovit 18 18 21 21 20 20 29 29 18 18 11 11 100
dkim28 18 18 28 28 12 12 9 9 18 18 18 18 11 11 21 36 21 100
clink4 18 40 18 18 14 14 18 40 18 21 21 29 29 20 20 100
bferris1 18 18 18 11 11 18 18 14 14 18 40 18 21 21 20 20 29 29 100
asiguler 18 9 9 18 40 18 18 21 21 29 29 20 20 14 36 14 100
syi3 12 39 12 9 36 9 18 40 18 18 100
swolfe1 18 18 12 12 9 9 18 40 18 14 14 20 20 29 29 18 18 100
shatfie1 18 40 18 21 21 20 20 29 29 14 14 100
rtaraboc 18 40 18 20 20 14 14 21 21 29 36 29 20 20 100
rmazzini 18 40 18 18 14 14 20 20 29 29 21 21 100
nllauro 18 18 12 12 28 37 28 9 9 18 40 18 20 20 14 14 18 40 18 21 21 29 29 20 20 100
mvander4 18 40 18 14 14 20 20 29 29 21 21 18 40 18 100
mtapp 28 28 12 36 12 9 39 9 18 40 18 18 18 20 20 21 21 29 29 100
mmirer 18 12 12 18 40 18 100
mesteve 18 40 18 18 21 21 20 20 29 29 18 40 18 100
mbutle14 18 40 18 18 18 100
mbutle13 18 40 18 14 36 14 20 20 29 29 21 21 100
lrodrig6 18 40 18 18 18 14 14 11 11 18 40 18 18 20 20 29 29 21 21 100
kkubik 18 40 18 18 14 14 20 20 29 29 21 36 21 100
kflanag4 18 28 28 12 12 9 9 18 37 18 18 21 21 20 20 29 29 14 14 18 36 18 100
jcorbin2 18 40 18 18 18 21 21 20 20 29 29 100
ihornung 18 12 12 28 39 28 9 9 18 40 18 18 21 21 29 29 18 37 18 20 20 18 18 100
gpetrosi 18 40 18 18 18 11 11 14 14 20 20 21 21 18 40 18 18 18 18 18 20 20 29 29 21 21 100
edownin1 18 28 28 9 9 12 36 12 18 40 18 14 14 20 20 29 40 29 18 40 18 21 36 21 100
coleary2 18 40 18 14 14 21 40 21 29 29 20 20 100
cmeyers3 18 18 21 21 20 20 29 29 100
cfitzgib 18 40 18 14 14 29 29 25 25 21 21 20 20 14 14 100
ccocco 18 28 28 9 36 9 12 12 18 40 18 100
apeter14 18 12 12 28 28 9 9 18 40 18 11 11 100
aander27 18 39 18 18 18 21 21 20 20 29 29 100
yfeng3 18 18 28 28 9 9 12 12 18 40 18 18 21 21 20 20 29 29 100
risrael1 18 40 18 18 18 14 14 21 21 20 20 29 29 100
piannell 18 40 18 18 18 14 14 21 21 20 20 29 29 100
nmattei1 18 40 18 18 18 11 11 18 40 18 18 21 21 20 20 100
mvondras 18 40 18 11 11 18 40 18 18 14 14 18 40 18 21 21 14 14 29 36 29 20 36 20 100
mretoske 18 11 11 18 40 18 18 18 21 21 20 20 29 29 14 14 100
mplante 18 40 18 18 21 21 20 20 29 29 100
mlegersk 18 40 18 21 21 20 20 29 29 100
mjohns57 18 18 18 18 18 18 18 29 29 20 20 21 21 100
mheli 18 38 18 9 9 18 40 18 18 18 11 11 18 40 18 18 21 21 20 20 29 29 14 37 14 100
mbianco 18 12 12 9 37 9 28 39 28 18 40 18 18 100
lstephe3 18 40 18 18 18 11 11 21 36 21 20 36 20 18 40 18 29 36 29 14 36 14 100
kmccahan 18 18 12 12 9 36 9 18 40 18 14 14 29 29 20 20 21 21 100
jriver11 28 28 9 9 18 40 18 18 18 18 20 20 100
jmrozek 18 28 28 9 9 12 12 18 40 18 18 100
jhirshor 18 40 18 11 11 18 40 18 18 21 21 20 20 29 29 100
jgarci22 18 28 28 9 9 12 12 18 40 18 21 21 29 29 20 20 100
gnguyen 18 40 18 14 14 20 20 29 29 21 21 100
eriojas 18 18 9 9 18 36 18 18 21 21 20 20 29 29 100
ebrown20 18 40 18 18 14 14 20 20 29 29 21 39 21 100
dadams13 18 18 28 28 9 9 18 40 18 14 14 18 37 18 18 100
cdito 18 40 18 18 14 14 21 21 29 29 20 20 100
apasin 18 40 18 14 14 20 20 29 29 21 21 100
alaboe 18 40 18 18 18 11 11 18 40 18 18 21 21 20 20 29 29 100
ablanch2 18 28 28 12 12 9 9 18 37 18 18 18 18 21 21 20 20 29 29 100
yhe9 18 37 18 18 11 11 21 21 29 40 29 20 20 14 36 14 100
wzhu2 18 100
wschemel 18 40 18 14 14 20 20 29 29 21 36 21 100
tkoewler 18 11 11 14 14 20 20 21 21 18 18 100
scannova 18 40 18 14 14 18 18 29 29 20 20 21 40 21 100
samezqui 28 28 12 36 12 9 36 9 18 40 18 12 12 18 40 18 18 100
rchan3 18 40 18 21 21 20 20 29 29 14 14 100
poconno6 18 40 18 18 18 18 18 21 21 20 20 29 29 14 14 100
ohatch 12 12 9 9 18 40 18 18 21 21 20 20 29 29 100
nho1 18 40 18 18 11 11 21 21 20 20 29 29 100
mwinche1 18 40 18 29 40 29 20 20 21 21 100
msteeves 18 40 18 14 14 20 20 29 29 21 21 100
mmccans 18 40 18 18 20 20 21 21 29 29 18 18 14 14 100
mhanley1 18 40 18 18 14 14 18 18 28 28 12 36 12 18 40 18 18 18 100
mguggenb 18 40 18 18 18 18 21 21 14 14 29 29 20 20 100
mfarleka 18 9 36 9 18 40 18 18 14 14 20 20 21 21 100
mcasasga 18 20 20 21 36 21 14 14 29 36 29 18 40 18 18 18 100
kthomp21 18 40 18 20 20 29 29 21 36 21 100
kmccabe4 18 28 28 9 36 9 12 12 18 40 18 100
khuffert 28 28 12 12 9 9 18 40 18 14 14 20 20 29 29 21 21 100
jxu9 18 28 28 12 12 9 37 9 18 40 18 21 21 20 20 29 29 100
jstellon 18 18 12 12 28 28 9 9 18 40 18 100
jboateng 18 18 18 18 11 11 18 39 18 21 21 29 29 20 20 100
iedgar 18 40 18 14 14 21 21 18 40 18 21 21 20 20 29 29 14 14 100
ekeefe2 18 28 28 12 12 9 9 18 18 18 100
eheidenr 12 12 18 40 18 14 14 18 40 18 28 28 25 25 9 9 18 39 18 14 14 18 40 18 21 21 29 36 29 20 20 18 40 18 18 18 18 18 18 18 18 18 18 100
dfeldman 18 14 14 21 21 29 29 20 20 21 39 21 100
cpalor 18 18 18 12 12 18 18 28 28 18 18 18 18 9 9 18 40 18 11 11 18 40 18 18 21 21 29 39 29 20 20 100
ccahill6 18 21 21 20 20 29 29 14 14 100
bdrummo1 18 40 18 18 21 21 20 20 29 29 100
bcarmody 18 28 28 12 12 9 36 9 18 40 18 18 21 38 21 18 18 18 100
amurph14 18 28 28 12 12 9 37 9 18 40 18 18 18 18 100
amarti55 18 40 18 18 18 18 14 14 21 21 29 29 20 20 100
agerman 18 40 18 20 20 29 29 21 21 14 14 18 40 18 100
afemrite 18 40 18 14 14 20 20 29 29 21 36 21 100
tpagessa 18 40 18 18 18 14 14 20 20 21 21 29 36 29 18 18 100
tjohns29 18 40 18 18 21 21 29 29 20 20 100
pbald 18 28 28 12 12 9 9 18 40 18 18 18 21 21 100
mnieves1 18 40 18 18 18 100
mbrombac 18 18 18 18 14 14 11 11 20 20 29 29 21 21 100
mbeinlic 18 40 18 18 21 21 20 20 29 29 14 14 11 11 18 37 18 100
lmedinab 18 40 18 11 11 29 29 20 20 21 21 18 39 18 100
lmcphill 18 12 12 18 40 18 12 12 18 18 28 28 9 9 18 40 18 18 100
kwoodwa3 18 18 18 8 8 18 40 18 18 11 11 21 21 20 20 29 29 14 14 18 18 18 100
kperry7 18 28 28 12 36 12 18 39 18 9 39 9 18 36 18 18 100
kmoran10 18 18 12 12 9 9 18 40 18 18 100
kabe1 18 18 9 9 18 40 18 21 21 20 20 29 29 100
jusher 18 100
jmusema 18 18 18 11 11 20 20 18 18 21 21 18 40 18 11 11 21 21 29 36 29 18 40 18 14 14 100
jkirkham 18 40 18 100
jhall15 18 18 18 18 18 18 20 20 29 29 14 14 21 21 100
jcharbon 18 40 18 18 14 14 18 36 18 21 21 14 14 29 29 20 20 18 37 18 100
gverfurt 18 18 14 14 21 21 20 37 20 29 29 18 40 18 100
gmcdermo 18 40 18 11 11 18 39 18 18 18 100
eyeager 12 12 28 28 9 9 18 40 18 18 18 21 21 100
esulli14 28 28 12 12 9 9 18 40 18 18 20 20 100
edewane 18 40 18 18 14 14 20 20 29 29 21 36 21 100
dmoran5 18 40 18 11 11 14 14 29 29 20 20 21 21 100
dbodewig 18 40 18 18 18 18 21 21 20 20 29 29 100
bni 18 18 14 14 18 40 18 18 18 18 21 21 20 20 29 29 18 36 18 14 14 100
aseketa 18 38 18 18 18 18 100
amitch13 18 36 18 18 14 36 14 20 37 20 29 29 21 37 21 14 38 14 100
amarti54 18 40 18 21 21 20 20 29 29 14 14 100
zwang17 18 28 28 9 9 12 12 18 40 18 14 14 20 38 20 29 29 21 21 100
rmcclain 18 28 28 9 36 9 12 12 18 40 18 21 21 18 18 100
pmcgee 18 28 28 12 12 9 9 18 40 18 100
oramire1 18 18 28 28 12 12 9 9 18 40 18 18 11 11 0 0 18 40 18 18 18 21 21 20 20 29 29 100
olombard 9 36 9 12 12 18 40 18 100
myoung12 18 18 18 18 18 11 11 18 40 18 18 18 14 14 29 29 20 20 21 36 21 100
mmoreno3 18 28 28 12 12 9 39 9 18 40 18 100
mmcelro2 18 40 18 14 14 21 21 18 40 18 18 29 29 20 20 100
mgroark 18 9 9 12 12 18 40 18 18 18 18 100
mcurrie2 18 40 18 21 21 20 20 29 29 100
mcarro10 9 9 28 28 12 12 9 9 18 40 18 100
lschwar2 18 21 21 28 28 12 12 9 9 18 40 18 21 21 20 20 29 29 18 18 100
labreha 18 40 18 20 20 14 14 100
kmullan4 18 40 18 18 18 20 20 18 18 14 14 18 40 18 21 21 29 29 100
jstuppy 18 40 18 18 21 21 20 20 29 29 100
jluk 12 12 28 39 28 9 9 18 40 18 18 18 11 11 14 14 29 29 20 20 18 40 18 21 21 18 40 18 100
jigiede 18 40 18 18 21 21 20 20 29 29 100
jhlavin 12 12 28 36 28 9 9 18 40 18 18 18 14 14 22 22 18 40 18 18 100
jgripens 18 12 12 9 9 28 28 18 40 18 18 100
jfabreg2 18 18 18 18 18 14 14 18 40 18 100
jedward4 18 40 18 21 21 20 39 20 29 29 14 14 100
jburhann 18 40 18 100
hfertitt 18 18 20 20 21 21 29 29 100
garboled 12 12 18 40 18 28 28 9 9 18 40 18 18 21 21 20 20 29 29 100
edidonat 18 40 18 18 14 14 18 40 18 20 20 29 29 21 21 100
ealbi 18 40 18 21 21 20 20 29 29 18 18 100
dmacatan 18 40 18 14 14 20 20 29 29 21 21 100
dharvey1 18 18 18 28 28 18 18 12 12 18 18 9 9 18 40 18 21 21 29 29 20 20 100
crichte2 12 12 28 28 9 9 18 40 18 18 18 11 11 18 40 18 18 100
cdunlea1 18 18 9 9 12 36 12 100
awolfe4 18 40 18 28 28 9 9 18 40 18 18 100
aturzai 18 40 18 18 100
aosorio 18 40 18 21 21 100
aherna13 18 12 12 28 37 28 9 9 18 40 18 18 100
zhan1 28 28 12 37 12 9 36 9 18 40 18 18 18 18 100
tsong2 18 40 18 18 14 14 29 29 20 20 21 21 100
smurph19 18 40 18 100
sjo 18 18 18 18 18 11 11 14 14 100
sbsales 18 40 18 14 14 20 20 29 29 21 21 100
rpozasg1 18 40 18 18 20 40 20 21 21 29 29 14 14 100
rhughes7 18 40 18 18 28 28 18 18 9 9 18 40 18 18 21 21 100
rbarnes2 18 40 18 18 11 11 14 14 20 20 18 40 18 29 29 28 36 28 21 21 100
msimon6 18 40 18 21 21 20 20 29 29 14 14 100
mgorman5 18 12 12 18 40 18 14 14 28 28 29 29 20 20 100
mbond1 18 14 14 18 40 18 21 21 21 40 21 29 29 20 36 20 100
jwoods8 18 37 18 100
jplocher 18 40 18 18 20 20 18 40 18 21 21 100
jlugg 18 40 18 18 18 29 29 14 36 14 21 36 21 18 40 18 100
jlehn 18 40 18 11 11 14 14 21 21 20 37 20 29 29 100
jdemarc1 18 12 12 28 28 9 9 18 40 18 18 14 14 29 29 20 20 21 21 100
ezahoric 18 40 18 14 14 21 21 20 20 29 29 100
elopez7 18 18 18 100
ddelliso 18 12 12 9 37 9 18 40 18 21 21 18 18 100
cwhalen2 18 18 14 14 18 18 21 21 20 20 29 29 100
cjacobs3 18 40 18 18 18 14 14 21 21 18 36 18 29 29 100
chowell2 18 28 28 9 36 9 12 12 14 40 14 18 40 18 21 21 20 38 20 29 40 29 18 36 18 14 14 100
blyons1 18 18 9 9 18 40 18 14 14 21 21 20 20 100
bklaus 18 40 18 18 11 11 21 21 20 20 29 29 14 14 100
zsurma 18 40 18 14 14 21 21 20 37 20 29 29 100
tpopps 18 40 18 18 21 21 20 20 29 29 100
tissa 18 40 18 18 18 14 14 20 20 29 29 21 40 21 100
svorne 18 18 18 18 21 21 20 20 29 29 100
sryan9 18 14 14 18 39 18 21 21 29 29 20 20 100
pgorman2 18 40 18 20 20 14 14 21 38 21 100
olanchon 18 40 18 21 21 20 20 29 29 100
nmunozol 28 28 12 36 12 9 9 18 40 18 21 40 21 20 20 29 29 100
nkelly3 18 28 28 12 12 9 9 18 40 18 100
nferguso 28 40 28 12 12 9 39 9 18 40 18 21 21 18 18 100
mhawit 18 40 18 18 14 14 20 20 21 21 29 29 100
kwhite13 18 40 18 18 14 14 18 40 18 20 20 29 29 28 38 28 21 21 100
jzepf 18 40 18 14 14 29 29 20 20 21 36 21 100
jgirardo 18 40 18 14 14 21 21 20 20 29 29 100
jfrane 18 28 28 18 18 12 12 9 9 18 40 18 18 18 14 14 20 20 29 29 100
iroberts 18 12 12 9 9 18 18 18 18 18 100
hferrero 18 100
ginglis 0 40 0 18 40 18 18 14 14 29 29 20 20 21 21 18 18 18 100
esherloc 28 28 12 36 12 9 36 9 18 40 18 18 21 21 20 20 29 29 100
ellano1 18 28 28 12 12 18 40 18 18 18 100
dreynoso 18 28 28 12 12 9 9 18 40 18 21 21 20 20 29 29 18 18 100
dphill14 18 18 9 9 18 40 18 18 21 40 21 11 11 20 20 29 29 14 14 100
ctsevis 18 18 28 37 28 18 40 18 18 12 12 18 40 18 18 100
clangle1 12 12 28 28 9 9 18 40 18 18 100
apines1 18 18 21 21 20 20 29 29 14 14 18 40 18 14 14 21 21 20 20 29 29 100
aorsinel 18 40 18 14 14 20 36 20 29 29 21 21 18 37 18 100
amcfadd1 28 28 9 9 12 12 18 40 18 18 18 100
abiondo 18 12 12 18 40 18 14 14 21 21 20 20 100
tmcginn1 18 18 9 9 12 12 18 40 18 18 100
thartle 28 28 20 20 29 29 12 36 12 9 9 18 40 18 18 18 100
tbendeck 18 38 18 18 21 21 20 20 29 29 14 14 100
ssitarsk 18 40 18 21 21 20 20 29 29 14 14 100
sdutta2 18 14 14 18 18 21 21 20 20 29 29 100
pjohns21 18 18 18 18 20 20 29 29 21 38 21 100
pjachim 18 28 28 12 12 18 40 18 11 11 14 14 18 18 100
mperez19 18 12 12 28 36 28 9 9 18 40 18 21 21 20 20 29 29 100
mpenn1 18 40 18 21 21 12 12 14 14 20 20 29 29 100
mgabouer 18 12 12 18 18 9 9 18 18 28 28 18 40 18 20 20 100
lwukie 28 28 12 12 9 9 18 40 18 18 18 18 18 18 14 14 100
lsimon2 18 40 18 18 18 18 18 21 21 20 20 29 29 14 14 100
llontoc 18 28 28 12 12 9 9 18 40 18 18 18 100
ldevito 18 28 28 12 12 9 9 18 18 18 18 18 18 100
lbode 18 40 18 14 14 21 21 29 40 29 20 20 100
layuyao 18 36 18 18 18 21 21 20 20 29 29 100
ktran1 18 40 18 18 18 20 20 14 14 29 40 29 18 18 21 36 21 18 37 18 100
kdiggin1 18 21 21 20 20 29 29 100
kbockhol 18 12 12 18 40 18 18 18 100
jybanez1 21 40 21 29 40 29 20 20 100
jswift2 12 12 9 9 28 28 18 40 18 18 18 18 100
jmoawad 12 12 9 36 9 18 40 18 18 14 14 18 40 18 100
jduffy8 28 28 18 36 18 12 12 9 36 9 18 40 18 18 100
jchandle 18 40 18 14 14 21 21 20 20 29 29 100
jbrunne1 18 12 12 9 36 9 18 40 18 100
jbordall 18 40 18 18 21 21 20 20 29 29 100
ielizond 18 40 18 18 28 28 9 9 18 40 18 20 20 100
hwakelin 18 36 18 18 18 20 20 100
gcampoli 12 12 28 40 28 9 36 9 18 40 18 100
eutley 18 29 29 20 20 21 21 18 36 18 18 18 100
esagun 18 40 18 18 18 18 14 14 20 20 18 18 12 12 29 29 29 29 21 21 100
eobrie14 28 28 18 40 18 12 12 9 9 18 40 18 18 100
ehoran3 18 21 21 29 29 20 36 20 14 14 100
dkrivda 18 18 18 18 100
dgarci18 18 18 100
csmith72 18 40 18 14 14 21 21 12 12 20 20 29 29 18 36 18 100
cholmes6 18 18 14 14 18 40 18 18 18 18 18 18 18 18 100
cgrunha2 28 28 12 12 9 36 9 18 40 18 21 37 21 18 18 100
cdelane2 18 40 18 21 21 20 20 29 29 14 39 14 18 36 18 100
ccahill5 18 40 18 18 9 9 18 40 18 21 21 20 20 29 29 100
btournat 18 18 12 12 18 18 9 9 18 40 18 18 18 21 21 20 20 29 29 100
akeller5 18 18 11 11 21 21 20 20 29 29 100
adaniele 18 40 18 18 20 20 100
aclark13 18 40 18 18 14 14 18 18 11 11 18 40 18 21 21 20 36 20 29 36 29 100
aboyd2 18 18 12 12 28 28 9 9 18 37 18 18 100
wmckee 18 36 18 12 12 9 9 18 40 18 100
wfine 18 40 18 21 21 29 29 20 20 100
srodawig 18 40 18 18 18 21 21 29 29 20 20 100
slee51 18 18 9 9 18 40 18 100
rmcgove1 18 100
pwasuwan 18 18 18 11 11 18 40 18 21 21 20 20 29 29 100
ojazbuti 18 12 12 9 37 9 18 40 18 14 14 18 40 18 100
nskora 18 40 18 21 21 20 20 29 29 100
nmarti12 18 28 28 12 12 9 9 18 40 18 18 18 100
nhelm 18 40 18 21 21 29 29 20 20 100
nbest1 28 40 28 12 12 9 36 9 18 40 18 18 14 14 18 18 100
mpaulran 25 25 28 28 12 12 9 36 9 18 40 18 1 1 18 40 18 100
mmurph50 18 40 18 21 21 14 14 29 29 20 20 100
kheldt 18 40 18 21 21 20 20 29 29 18 18 14 14 18 40 18 100
jspence6 18 40 18 18 14 14 20 20 21 36 21 29 29 18 37 18 100
jminor1 18 39 18 21 21 100
jlabadie 18 40 18 18 21 37 21 18 18 18 20 20 29 29 100
jguerra3 18 12 12 9 9 18 40 18 18 100
jesposi2 18 40 18 11 11 14 14 21 21 29 36 29 100
igese 18 12 12 28 28 9 9 18 40 18 18 18 100
hsun2 18 40 18 100
emangels 18 18 11 11 18 40 18 20 20 21 21 29 29 100
eleahy1 18 40 18 18 18 14 14 20 20 29 29 21 36 21 100
ehiestan 18 40 18 21 21 29 29 20 20 14 14 100
ebrady7 28 28 12 12 9 9 14 14 18 40 18 21 21 20 20 29 29 100
dkolkebe 18 40 18 21 21 20 20 29 29 18 18 100
clewis13 18 18 12 12 9 40 9 18 40 18 100
chanzel 18 40 18 11 11 14 14 18 40 18 28 28 21 21 29 36 29 20 20 100
cbowden 18 36 18 12 36 12 18 40 18 18 18 18 21 21 29 29 20 20 18 18 100
cbartlet 18 36 18 18 21 21 20 40 20 29 29 14 14 100
bsoaresd 18 12 12 28 39 28 9 36 9 18 40 18 18 18 12 12 9 40 9 18 38 18 100
bknarr 18 40 18 18 18 21 21 21 21 21 21 21 21 18 18 21 21 100
bdages 18 40 18 21 21 14 14 20 20 29 29 100
atreacy 18 14 14 13 13 15 15 2 2 6 6 30 30 31 31 18 40 18 100
asood1 18 37 18 12 12 18 40 18 100
alehanka 18 40 18 14 14 21 21 20 20 29 29 100
vzona 18 18 28 36 28 9 36 9 18 39 18 18 29 29 14 14 20 20 21 21 100
vdavis1 18 40 18 18 14 14 21 21 20 20 29 29 100
tmcguir2 18 40 18 18 21 21 18 40 18 20 20 29 29 100
tlynch3 18 40 18 18 18 18 18 18 21 21 20 20 29 29 100
sfore 18 28 28 9 9 12 12 18 36 18 18 18 100
rsabnani 18 40 18 18 18 11 11 21 21 20 20 29 29 100
rkenyon 18 40 18 18 14 14 21 21 18 36 18 18 20 20 29 29 100
rhughes8 18 40 18 14 14 21 21 20 20 29 29 100
mzachlin 18 40 18 21 21 29 29 20 20 14 14 18 40 18 100
mriss 18 40 18 14 14 20 20 29 29 21 21 100
moconn20 18 12 12 28 36 28 9 9 18 40 18 18 100
mmaron 18 40 18 18 18 11 11 21 21 20 20 29 29 14 14 100
mhepbur1 18 21 21 14 14 29 29 100
mgreene3 18 40 18 18 11 11 21 21 100
kmcfarl1 18 28 28 12 12 9 9 18 40 18 18 100
jyu7 18 14 14 18 40 18 28 28 12 36 12 9 9 18 40 18 18 20 20 18 40 18 18 18 18 20 20 29 29 21 40 21 18 39 18 100
jrombals 18 18 18 18 18 18 18 21 40 21 20 20 29 29 100
icorreia 18 40 18 14 14 20 20 21 21 29 36 29 100
gklaus 18 40 18 18 14 14 20 20 29 29 18 18 21 21 100
eromero3 18 40 18 18 21 21 20 20 29 29 100
eeschwei 18 28 28 12 12 9 9 18 40 18 21 21 29 29 20 20 100
ebabcoc1 18 18 9 9 12 12 28 28 18 40 18 100
dyefreme 18 28 28 12 12 9 9 18 40 18 100
dpark5 18 18 18 29 29 21 21 100
dobrie13 18 40 18 18 14 14 21 21 20 20 29 29 100
dkenned7 18 40 18 100
crodri12 18 40 18 18 18 14 14 20 20 21 21 29 29 18 37 18 100
coakley2 18 40 18 18 100
cgreeley 18 36 18 9 9 18 37 18 18 18 100
cgehan 12 12 9 9 14 14 18 40 18 18 14 14 20 20 28 40 28 29 29 100
cdulal 18 40 18 14 14 18 36 18 20 20 29 29 21 36 21 100
