dtorgers 18 18 18 18 18 19 19 18 18 18 18 18 18 18 18 19 19 18 18 18 18 18 18 18 18 18 18 18 18 18 18 18 19 19 18 39 18 18 18 18 18 18 18 18 18 18 18 18 18 18 18 18 18 18 18 18 18 18 18 19 19 18 39 18 18 18 18 18 18 18 18 18 18 18 18 18 18 18 18 18 18 18 18 18 18 18 18 
cdavin1 18 40 18 18 18 24 24 18 40 18 18 24 24 19 19 17 17 32 36 32 31 31 
alebron1 18 18 19 19 18 40 18 18 18 19 19 18 40 18 18 17 17 31 31 32 32 24 24 
ccooper8 18 40 18 18 18 18 18 18 18 18 18 18 24 24 18 40 18 18 18 18 18 18 18 18 17 17 31 36 31 32 32 
nweindel 18 40 18 18 18 18 18 18 19 19 18 40 18 18 24 24 17 39 17 31 31 32 32 18 39 18 18 
ntownsen 18 18 18 18 18 18 18 18 18 18 24 24 18 36 18 18 12 12 27 27 28 28 18 18 17 17 31 31 32 32 
jberg2 18 18 27 27 12 12 18 37 18 18 18 18 18 18 18 18 18 17 17 31 38 31 0 38 0 11 11 18 36 18 15 15 25 25 7 7 18 39 18 18 19 19 29 29 18 40 18 18 18 18 18 18 29 29 18 40 18 18 19 19 18 40 18 18 18 18 18 18 18 18 18 18 18 18 
fhita 18 18 12 12 27 27 28 28 18 40 18 18 18 18 18 18 18 18 18 18 18 18 18 18 18 18 17 17 32 32 31 31 19 19 
mmcfarli 18 38 18 18 18 18 18 18 18 18 18 18 24 24 19 19 18 40 18 18 18 18 18 17 17 31 37 31 32 39 32 
mlengwin 18 18 18 18 18 18 
kwurl 18 40 18 18 18 19 19 18 40 18 18 18 18 18 18 18 24 24 19 19 18 40 18 18 18 18 18 18 17 17 24 24 31 31 18 18 32 32 
ccampb20 18 40 18 24 24 17 17 32 32 18 37 18 31 31 
pbrown10 18 18 12 12 18 18 27 27 18 40 18 18 18 18 18 18 31 31 24 24 17 17 18 18 
rdiejoma 18 36 18 18 18 18 18 18 18 18 18 18 18 18 18 18 18 18 18 18 18 18 18 17 38 17 18 18 31 31 32 32 
drogers1 18 18 18 18 18 18 
cdelpila 18 18 18 12 12 27 27 27 27 18 18 18 27 27 18 18 28 28 18 18 27 27 18 18 18 18 18 18 18 18 18 18 24 24 17 17 18 39 18 24 24 31 31 
cbolivar 18 37 18 18 18 18 31 31 18 40 18 
muhlenbr 18 36 18 18 18 18 18 18 18 24 24 17 17 31 31 32 36 32 18 18 
msmith75 18 18 18 24 24 17 17 32 36 32 31 31 18 40 18 18 
pmcguir2 27 27 28 28 18 40 18 18 18 18 18 18 18 18 18 18 17 17 31 31 32 32 
jstaten 18 18 18 18 18 18 24 24 17 17 31 36 31 32 32 18 40 18 
mgirod 18 40 18 18 18 18 18 18 18 18 31 31 
zgartenh 18 40 18 18 24 24 17 17 31 31 32 32 18 40 18 18 18 18 18 18 18 18 18 18 17 17 32 32 31 31 18 40 18 18 18 31 40 31 
alabella 18 40 18 18 18 18 18 18 18 18 18 18 24 24 18 18 
bferrer1 18 18 18 18 18 18 18 18 18 18 18 17 17 24 24 18 18 31 31 32 36 32 
pcataldi 18 18 18 27 27 12 12 28 28 18 40 18 18 18 18 18 18 
aohri 18 18 18 18 13 13 12 12 27 27 28 28 18 40 18 18 
pklekamp 18 40 18 18 33 33 21 21 18 40 18 18 19 19 18 40 18 18 18 17 40 17 18 40 18 18 18 31 31 
amccar10 18 19 19 12 12 18 18 28 28 27 27 18 40 18 18 18 18 18 
nwamble 18 12 12 27 27 28 28 18 40 18 18 18 18 18 18 18 17 17 
wwu5 18 18 18 18 18 18 18 18 18 18 18 18 18 18 24 24 18 40 18 18 18 18 17 17 31 31 32 32 
wsuter2 18 40 18 18 18 18 18 17 17 31 31 32 32 18 39 18 
thowe1 18 18 18 18 18 20 20 0 0 11 11 
mmian 18 18 18 18 18 18 18 18 18 18 18 18 18 18 
jhouge 18 40 18 18 18 18 18 18 18 18 18 18 18 18 32 32 18 40 18 18 18 18 
slemaign 18 36 18 18 18 18 18 18 18 17 17 31 31 18 40 18 17 17 32 32 24 24 
ldamoose 18 37 18 18 18 18 18 18 18 18 18 24 24 18 40 18 18 31 31 24 24 18 40 18 17 17 32 32 
sburnbau 18 18 18 18 18 18 18 18 18 18 32 32 18 18 27 27 18 36 18 28 28 
nwarren 18 18 18 18 18 18 18 24 24 12 12 27 27 18 40 18 18 18 18 18 18 18 24 24 17 17 31 31 32 32 
bconnol3 18 18 24 24 17 17 31 31 32 32 18 40 18 18 
rheitkam 18 40 18 18 18 18 18 19 19 31 39 31 18 40 18 18 18 18 17 17 32 32 31 31 24 36 24 
jmullike 18 40 18 18 18 28 28 18 40 18 18 18 18 18 18 18 18 18 18 18 18 18 18 24 24 17 17 31 31 32 32 
chickey3 18 12 12 27 27 28 28 18 40 18 18 18 18 
athoma24 18 38 18 18 18 18 18 18 18 17 17 18 36 18 31 31 32 37 32 
rgensler 18 40 18 18 18 18 18 18 18 18 17 17 31 36 31 
kthornt4 18 12 12 27 27 28 28 18 39 18 18 18 18 18 18 18 18 18 18 18 18 18 18 18 18 18 18 18 18 18 18 18 18 18 18 17 17 31 31 32 32 24 37 24 
pvlandis 18 18 18 18 31 31 18 40 18 
mmizraji 18 18 18 24 24 17 17 31 40 31 18 40 18 18 
zpavlin 18 18 24 24 18 40 18 17 17 18 36 18 
ydeng3 18 18 18 31 31 17 17 32 32 18 40 18 0 37 0 11 11 20 20 15 39 15 25 25 7 7 18 40 18 18 19 19 18 40 18 5 5 14 14 10 10 24 24 18 40 18 
kfox8 18 40 18 18 18 18 18 18 18 18 31 36 31 17 40 17 24 24 18 18 32 32 
lsulli11 18 40 18 18 18 18 18 18 18 18 17 17 31 31 32 32 18 40 18 
jgorman6 18 12 12 28 28 18 18 18 18 18 18 18 30 30 18 18 18 
enunez 18 18 18 18 31 31 18 40 18 18 18 18 18 19 19 18 40 18 18 18 18 18 
jdirksen 18 18 18 12 12 27 36 27 28 36 28 18 37 18 24 24 18 38 18 18 18 18 18 18 18 24 24 
whornby 18 12 12 18 18 27 27 28 28 18 40 18 18 18 18 18 18 18 18 24 24 18 18 
jwade5 18 40 18 18 18 18 18 18 18 18 18 18 18 18 18 18 18 18 
mblatt1 18 40 18 18 18 18 19 19 18 40 18 18 18 18 18 18 18 18 18 18 18 18 18 18 21 36 21 18 18 18 16 16 9 9 18 18 6 6 18 40 18 18 18 17 17 31 31 32 32 
mmang 18 24 24 12 12 27 27 28 28 18 36 18 18 18 18 24 24 
waberger 18 40 18 18 18 24 24 17 17 18 18 31 31 18 40 18 24 24 
llombar2 18 40 18 18 18 18 18 18 18 18 17 17 31 31 32 32 24 24 
gkaiser 18 40 18 18 18 18 18 18 18 18 18 18 17 17 24 24 31 31 32 32 
koconn27 18 37 18 18 12 40 12 27 27 18 40 18 18 18 18 18 18 18 18 18 
aweishan 18 18 24 24 18 40 18 24 37 24 18 40 18 31 31 17 17 32 32 
mcaskey 18 17 17 31 36 31 32 36 32 18 40 18 18 18 0 0 11 11 20 20 24 24 18 39 18 25 25 15 36 15 7 36 7 18 40 18 18 
jguarino 27 27 18 36 18 18 18 18 
cseymou2 18 40 18 18 18 18 24 24 17 17 31 31 32 32 
dplagenz 18 40 18 18 18 18 18 18 18 18 18 18 17 17 24 24 31 31 
csasso 18 40 18 18 18 18 18 18 18 18 18 24 24 18 40 18 17 17 31 40 31 32 38 32 
amccar11 18 18 19 19 18 40 18 18 18 19 19 24 24 18 40 18 18 17 17 18 18 31 31 32 38 32 18 37 18 
yshi6 18 18 18 
minoue2 18 18 18 17 17 32 32 24 24 31 31 
jwinebre 12 12 27 27 28 39 28 18 40 18 18 24 36 24 18 40 18 18 18 18 18 18 18 18 24 24 18 18 
sgalbens 18 12 12 27 27 28 28 18 40 18 18 18 17 17 24 24 18 18 
jlazzara 18 37 18 18 18 18 18 18 18 18 18 18 18 18 24 24 17 17 
vruesch 18 18 18 18 17 17 32 32 31 31 24 24 20 36 20 15 39 15 19 19 18 40 18 18 18 18 18 
nniere 18 18 18 19 19 18 40 18 18 18 19 19 18 40 18 18 19 19 18 40 18 18 18 18 
ghong 18 36 18 18 17 17 31 31 32 32 18 40 18 18 18 18 18 18 18 18 18 18 18 18 18 18 18 17 17 32 32 31 31 18 40 18 18 
bhogan1 27 27 12 12 28 28 18 40 18 18 18 18 18 18 
wdu 18 15 15 25 25 7 40 7 18 40 18 18 18 18 18 18 18 
tmercier 18 40 18 24 39 24 18 37 18 18 19 19 18 18 17 17 31 39 31 
esunshi1 18 40 18 18 18 18 18 24 24 
eevans9 18 19 19 28 28 12 12 27 36 27 18 37 18 31 31 17 17 32 32 24 24 18 39 18 0 0 18 40 18 11 11 20 36 20 18 18 25 37 25 7 7 15 15 18 39 18 18 18 18 18 18 18 18 18 18 18 18 18 18 
bkenney1 18 12 12 27 27 28 28 18 40 18 18 30 30 18 40 18 17 17 
cdieckma 18 40 18 18 18 0 0 18 40 18 18 18 17 17 31 31 32 32 
mcoggins 18 40 18 18 18 17 40 17 31 31 32 32 
lblitzer 12 40 12 27 36 27 28 28 18 40 18 18 18 18 18 18 18 31 31 17 17 
jdelledo 18 40 18 24 24 18 18 18 18 17 17 31 31 
mfreedlu 18 40 18 18 18 18 17 17 31 31 32 32 
tprice4 18 18 12 36 12 18 40 18 18 18 18 
lbarret2 18 40 18 18 18 18 18 18 18 18 18 31 31 24 36 24 32 32 18 40 18 17 17 
eralph 18 18 18 18 18 18 18 18 18 18 18 18 18 18 18 18 18 18 17 39 17 31 31 32 32 
bhalliga 18 40 18 
sroennec 18 40 18 18 24 24 18 40 18 18 18 24 40 24 18 40 18 18 18 17 17 31 31 32 32 
jmurph32 18 40 18 18 18 17 17 18 40 18 18 18 18 18 18 18 18 17 17 31 40 31 32 32 18 40 18 
cfrentze 18 18 18 18 18 18 24 24 17 17 31 31 18 40 18 17 17 32 32 
mnewcome 18 24 24 18 40 18 18 17 17 31 31 32 32 24 24 
jsitarsk 12 12 27 27 28 28 18 40 18 18 18 18 18 
tpreko 18 19 19 18 40 18 24 24 
mtreacy 18 18 17 17 31 31 32 36 32 0 37 0 11 40 11 20 20 24 24 18 40 18 7 7 15 15 25 36 25 18 40 18 18 
ccampb21 27 36 27 28 28 18 40 18 18 18 24 24 18 18 17 17 
rrivera8 18 31 31 18 40 18 19 19 18 40 18 31 31 18 18 18 
rblack4 18 40 18 18 17 17 31 31 32 32 
jwelsch 18 40 18 18 18 18 17 17 31 31 32 32 
jgately1 18 12 12 18 40 18 27 36 27 28 28 18 40 18 18 18 31 31 32 32 
gdean 18 18 18 17 17 31 31 32 36 32 18 40 18 18 
ewigutow 18 18 18 18 18 18 17 17 31 31 32 32 
cmorton2 18 18 18 18 12 12 27 36 27 28 36 28 18 40 18 18 18 18 18 
mrooney6 18 40 18 19 19 18 40 18 17 17 31 31 32 32 24 24 18 40 18 
mmoran12 18 36 18 17 38 17 31 31 32 36 32 11 11 0 36 0 18 18 18 25 25 15 15 7 36 7 19 39 19 18 39 18 18 18 18 18 18 18 18 
jwalte10 18 12 12 28 28 27 27 18 40 18 18 18 17 17 31 31 32 32 
jcarney6 18 40 18 17 17 32 32 31 31 18 39 18 
pmeyer3 18 40 18 24 24 18 38 18 17 17 31 31 
icallaha 18 38 18 18 18 31 31 24 24 18 40 18 18 18 17 17 31 37 31 32 38 32 
dtoth1 18 28 28 18 18 19 19 18 40 18 18 18 
kkostola 18 40 18 18 18 18 18 18 17 40 17 18 40 18 18 18 18 18 31 31 32 32 
dlee26 18 18 18 18 18 24 24 
yying 27 27 28 28 18 18 18 18 18 18 18 
swagy 18 40 18 18 18 18 18 
rroque1 12 12 27 27 28 28 18 18 18 18 18 18 18 18 17 17 
kdantoni 18 18 18 18 24 24 12 12 17 17 31 31 
wmohler 18 17 17 31 39 31 24 24 32 32 31 31 
lklein1 18 17 17 19 40 19 18 40 18 17 17 31 31 0 36 0 11 11 20 20 25 25 15 15 7 7 18 40 18 18 
jbecker9 18 40 18 18 18 18 18 18 
hrague 18 40 18 18 18 18 18 18 18 18 18 24 24 17 17 31 31 32 32 18 40 18 
cott 18 37 18 19 19 18 18 18 19 19 18 18 18 18 18 18 18 17 17 24 24 31 31 32 37 32 
mholzbau 18 18 18 19 19 24 24 18 40 18 18 18 18 18 19 19 18 40 18 18 18 31 31 18 40 18 18 19 19 17 37 17 31 31 32 32 18 39 18 17 17 0 36 0 20 20 11 40 11 25 36 25 7 7 15 15 19 36 19 
mhawkin3 18 40 18 18 18 18 18 18 18 17 17 32 32 31 31 24 24 
lharmon 18 40 18 18 24 24 18 40 18 17 17 31 31 32 32 18 36 18 
elazzaro 18 40 18 18 18 18 18 18 12 12 18 39 18 27 27 28 28 18 36 18 18 18 18 18 
tburley 18 18 18 12 12 27 27 28 28 18 40 18 
shenn 18 18 27 27 18 18 18 18 18 18 18 18 18 18 18 18 18 31 31 32 32 18 40 18 31 31 
jgomez5 18 19 19 24 37 24 20 20 0 0 11 11 15 36 15 25 25 7 7 18 40 18 
jfries3 18 40 18 18 18 18 18 17 17 31 31 32 32 
bniemoel 18 12 12 28 28 27 27 18 40 18 18 18 18 18 18 18 17 17 32 32 31 31 18 40 18 
kriordan 12 12 27 27 28 28 18 40 18 18 18 18 18 18 18 19 19 18 40 18 17 17 31 31 32 32 
jmurph33 18 18 18 2 2 4 4 16 16 18 40 18 18 24 24 17 17 31 31 32 32 
dcorr1 18 12 12 27 27 28 28 18 40 18 18 18 18 18 
cemenalo 18 18 31 31 18 40 18 18 
yjung2 18 18 18 18 
rpappas 18 40 18 18 18 18 18 18 18 17 17 31 31 32 32 
mmerric1 18 18 18 18 12 12 27 36 27 18 40 18 28 28 18 40 18 19 19 18 40 18 
mdosch 18 40 18 18 18 17 17 31 31 32 32 24 24 18 40 18 18 
jbettag 18 8 8 30 30 13 13 18 18 12 12 27 39 27 28 28 24 24 17 17 31 31 32 36 32 18 36 18 0 0 11 36 11 7 40 7 18 40 18 20 20 15 15 19 40 19 18 40 18 18 22 22 18 40 18 18 18 18 18 18 
jbernin1 18 40 18 18 18 18 18 18 18 18 19 19 18 40 18 18 18 
gbruenin 18 19 19 18 40 18 18 18 17 17 31 31 32 32 18 40 18 18 18 18 
ddallava 18 24 24 17 37 17 18 40 18 18 18 24 24 17 17 31 36 31 24 24 18 18 
cgamboa 18 40 18 18 18 18 18 18 18 18 18 18 18 18 18 18 18 18 18 18 18 24 24 
nquartir 18 18 18 17 17 31 31 32 32 18 40 18 18 
lfaubion 18 40 18 18 31 31 17 40 17 18 18 32 32 
cwilso24 18 40 18 18 18 18 24 24 17 17 
aursino1 18 18 12 12 27 27 28 28 18 40 18 18 18 18 19 19 18 40 18 17 17 31 31 32 32 
msummer2 18 40 18 18 18 
kramm 18 40 18 18 24 24 
jchapple 18 40 18 18 18 17 17 
jbonds 24 24 28 28 12 37 12 27 39 27 18 40 18 18 18 18 18 31 31 17 36 17 32 32 24 24 
dbirzer 18 12 12 27 27 28 28 18 40 18 18 18 18 
cfish 18 18 18 18 18 17 17 31 31 32 32 24 24 18 40 18 
nholmes1 18 40 18 24 24 17 17 31 36 31 18 39 18 24 24 17 17 31 31 32 36 32 
ngiovino 18 37 18 18 18 18 24 24 17 17 31 31 32 32 
eherber1 18 18 18 18 17 17 31 31 32 32 18 40 18 18 18 
cgallag3 18 40 18 18 18 18 18 24 24 18 18 24 24 31 31 32 39 32 18 36 18 
tzheng2 18 40 18 18 17 17 31 31 32 32 18 18 
mgerber 18 40 18 17 17 32 36 32 31 31 18 38 18 18 0 0 11 11 20 20 19 19 18 40 18 15 40 15 25 36 25 18 40 18 7 7 18 40 18 18 
jcolli23 24 24 18 40 18 24 24 28 28 24 38 24 18 40 18 28 28 12 12 27 27 18 40 18 18 24 24 18 40 18 18 18 24 24 18 18 
awalton3 18 36 18 18 18 18 18 31 31 18 40 18 17 17 31 31 32 32 
vwhitmor 18 40 18 18 18 17 17 31 31 32 32 24 24 
rpellica 18 40 18 18 24 24 19 36 19 18 38 18 17 17 
rmyers9 18 18 18 18 18 18 17 17 31 31 32 32 24 24 18 18 18 
mdillon7 18 18 27 27 28 28 18 40 18 18 18 18 18 18 24 24 
jdoerer 27 36 27 28 36 28 18 40 18 18 18 18 18 18 18 
gbiltz 18 18 18 18 18 18 18 18 18 
aheck1 18 40 18 18 18 18 24 24 17 17 31 31 32 32 18 40 18 
ucooper 18 12 12 27 27 28 36 28 18 40 18 18 18 18 18 18 
rschill1 18 18 
mschlic1 18 40 18 5 5 18 40 18 18 31 31 18 37 18 
mperry6 18 12 12 18 40 18 31 31 32 32 17 17 
csauder 18 18 12 12 27 27 28 28 18 18 18 18 18 
alowney 18 36 18 12 12 27 27 28 28 18 40 18 18 18 18 
zkagalw1 27 27 28 36 28 18 40 18 18 18 19 19 18 40 18 18 18 18 18 
swilkin4 18 40 18 18 18 18 18 18 18 18 17 17 32 32 31 31 24 24 
imarx 18 40 18 18 24 24 31 31 17 37 17 32 32 
cschmid7 18 40 18 17 17 31 31 32 32 18 18 
awang4 18 18 18 12 12 18 40 18 18 12 12 27 27 28 28 18 36 18 27 27 18 40 18 18 17 17 31 31 32 32 
abenavi3 18 40 18 18 18 17 17 31 31 32 32 24 24 
sweyhmil 18 40 18 18 18 18 17 17 32 32 
mwu4 18 12 12 27 27 28 28 18 40 18 18 18 24 24 
jleporte 18 40 18 18 18 18 18 24 24 
adichris 18 40 18 21 21 5 5 9 9 13 13 8 8 27 27 18 40 18 24 24 17 17 31 31 32 32 
scrotty1 18 40 18 17 38 17 31 31 32 32 
pfarring 18 40 18 24 24 18 39 18 18 24 40 24 12 12 27 27 18 40 18 18 24 24 
pdesousa 18 18 27 27 28 28 18 40 18 18 18 18 18 
mkuehl 18 40 18 18 18 31 31 17 39 17 
lfitter 12 40 12 27 27 28 36 28 18 40 18 18 18 18 18 18 
kenriett 18 18 17 17 
jruan 18 40 18 18 24 24 18 40 18 17 17 31 31 32 32 24 24 18 38 18 
hzahour 18 18 18 18 18 24 24 
emostyn 18 40 18 31 31 17 40 17 32 32 
edohert1 18 24 24 19 19 18 40 18 18 18 18 18 18 18 18 24 24 17 17 
amellert 27 27 12 12 18 40 18 18 18 18 
aandrade 18 37 18 18 18 18 18 17 17 31 31 32 32 24 24 
tdann 18 40 18 18 18 18 18 17 40 17 
sielusic 18 18 0 0 11 11 18 18 18 18 
mlicursi 18 40 18 24 24 17 36 17 31 31 32 32 
mdrake2 18 40 18 18 18 24 24 
lhe3 18 40 18 18 18 18 18 24 24 17 17 18 39 18 
afonash 18 36 18 18 31 31 24 24 
obarnard 18 18 28 28 31 31 17 17 32 36 32 
nbenz 18 40 18 24 24 18 36 18 17 17 31 36 31 32 36 32 18 36 18 
lhuang3 18 40 18 18 18 18 17 17 31 31 32 32 
jwessele 18 18 18 17 17 31 31 32 32 24 24 18 40 18 
jmastron 18 40 18 31 31 18 40 18 
dmarino 18 37 18 
cpickfor 18 40 18 17 17 24 24 31 36 31 31 31 
obaitlot 18 28 28 12 12 27 27 18 40 18 17 17 31 31 32 32 24 24 
kmollenk 18 28 28 12 12 18 40 18 18 18 18 31 31 18 40 18 17 17 32 32 24 24 
ccarlso2 18 18 18 18 24 24 17 17 31 31 32 36 32 18 40 18 
bmoreno1 18 12 12 18 18 27 27 18 18 28 28 18 40 18 18 18 18 
smanriqu 18 40 18 18 31 31 17 17 32 32 18 18 24 24 18 40 18 
mmillado 18 38 18 18 18 18 18 18 
mferrel2 12 12 27 27 28 28 
ldougla3 18 40 18 18 17 17 31 31 32 32 
jmcconn1 12 12 27 27 12 36 12 18 40 18 18 18 18 18 18 18 18 18 31 31 
ecahill 18 12 12 27 27 18 40 18 28 28 18 40 18 18 18 11 11 18 40 18 18 18 24 24 18 18 17 17 31 31 32 36 32 
dshaw4 18 40 18 18 18 18 24 24 17 17 31 31 32 36 32 
alucche1 18 40 18 18 18 18 24 24 18 40 18 17 17 24 24 
odonnel1 12 12 27 27 18 18 28 28 18 40 18 18 18 18 18 24 24 
mpirko 18 18 18 18 18 24 24 19 19 17 39 17 31 31 32 40 32 
mlyden1 18 40 18 18 18 18 18 18 24 24 31 31 17 17 
mdekold 18 18 19 19 18 40 18 31 31 18 18 18 18 17 17 32 36 32 
eschnaut 27 27 12 12 28 28 18 18 24 24 17 17 18 18 18 11 11 0 0 7 36 7 25 25 15 15 18 40 18 18 18 18 18 18 18 19 19 18 40 18 18 
esalina1 18 40 18 18 18 18 
adiederi 18 40 18 31 31 17 17 32 32 24 36 24 18 40 18 
sholtz1 18 18 19 19 18 40 18 17 17 32 32 31 31 18 40 18 18 
sdann 18 18 18 18 18 18 18 31 31 17 17 18 40 18 31 31 18 40 18 17 17 32 32 
pkolek 18 37 18 18 18 18 18 24 24 18 18 0 0 31 31 17 17 24 24 32 32 
nhaymond 18 18 18 31 31 18 40 18 17 17 32 32 18 40 18 
kmuha 18 18 18 18 18 24 24 17 17 31 31 18 40 18 18 24 24 
kfeehan 18 40 18 18 18 18 18 18 31 31 17 17 
kalme 18 24 24 12 12 27 27 28 28 18 40 18 18 18 18 24 24 17 17 31 31 32 36 32 18 40 18 24 24 18 18 
ivaldess 18 18 24 24 17 40 17 31 31 24 36 24 
esmith30 18 18 28 28 27 27 12 12 18 40 18 
ctoudouz 18 18 18 18 18 17 17 31 31 32 32 18 40 18 24 24 18 40 18 18 18 18 18 18 
sreddy4 18 18 18 18 18 18 17 17 31 31 32 32 18 18 24 24 19 19 0 0 11 11 20 20 18 36 18 17 36 17 18 40 18 
rboylan 18 18 17 17 31 31 32 32 
ncheng 18 40 18 18 18 24 24 17 17 32 32 31 31 18 40 18 17 17 
jzelinsk 18 40 18 
jcuji 18 18 12 12 27 36 27 18 40 18 
gworthin 18 40 18 18 24 24 
dfabrega 18 40 18 18 18 18 24 24 17 17 31 36 31 18 40 18 
angov 18 40 18 26 26 18 40 18 18 18 18 18 18 18 18 18 24 24 18 40 18 17 17 31 31 32 32 
adunniga 18 40 18 18 18 18 17 17 31 31 32 36 32 18 36 18 18 
skolda 18 18 18 18 18 18 19 19 18 18 24 24 32 32 31 31 17 36 17 7 39 7 18 18 18 
scrippes 18 28 28 12 36 12 27 27 18 40 18 18 18 18 18 
mschutze 18 40 18 18 18 24 24 17 17 31 31 32 32 18 39 18 
mpavloff 18 40 18 18 18 18 18 18 18 18 17 17 31 36 31 32 32 18 18 18 18 24 24 
lnixon1 18 17 17 31 31 32 32 
kmurray7 18 40 18 18 24 24 17 17 31 31 32 32 
jshard 18 18 18 18 17 17 19 19 31 31 32 37 32 18 37 18 18 0 0 11 37 11 18 40 18 20 20 19 37 19 18 40 18 18 18 
hthomps4 18 18 18 18 18 18 12 12 27 27 28 28 
ewood1 18 37 18 15 15 25 25 7 7 19 36 19 18 40 18 18 18 18 18 30 30 18 40 18 18 
estrouse 18 24 24 17 17 18 40 18 31 31 32 32 12 36 12 18 40 18 18 17 17 18 40 18 
sekanay1 18 40 18 18 24 24 31 40 31 17 37 17 32 32 
odegnim 18 40 18 18 18 18 17 17 31 31 32 32 
kcox5 18 18 17 17 31 31 32 32 
kborotho 18 13 36 13 18 36 18 8 8 18 18 30 30 18 18 18 18 28 28 
jbertram 18 18 24 24 18 40 18 30 30 13 13 8 8 19 19 12 12 18 18 30 30 27 27 18 18 28 28 18 18 17 17 32 32 31 38 31 20 36 20 0 0 15 15 18 40 18 18 19 19 11 11 0 0 25 25 7 7 15 36 15 18 40 18 
hbyrne 18 18 18 24 24 17 17 31 31 32 32 18 39 18 
ggulyas 18 40 18 18 18 18 18 18 18 
ekeuler 18 18 18 18 12 12 27 27 28 28 18 37 18 18 17 37 17 31 31 32 32 0 0 11 11 20 20 18 40 18 18 18 18 18 18 18 18 18 18 18 18 15 15 25 25 7 7 18 40 18 18 18 18 
egeyer1 18 40 18 24 24 32 32 31 31 17 17 
dlong2 18 18 
bpierpoi 27 27 12 12 18 40 18 18 18 18 18 18 18 
apavelka 18 40 18 31 31 18 40 18 18 17 17 32 32 
rbartle1 18 40 18 18 18 18 18 17 17 31 31 32 32 
nyusko1 18 40 18 18 18 18 12 12 27 27 28 28 24 24 18 18 
motten1 18 36 18 18 18 18 24 24 17 17 31 31 32 32 
molsen3 18 40 18 18 18 18 18 18 18 31 31 17 17 32 32 18 40 18 
mdambros 18 18 18 18 
kmountf1 18 40 18 12 12 27 27 18 40 18 18 17 36 17 31 31 32 32 18 18 
jeversol 18 18 18 18 18 24 24 17 17 31 31 32 38 32 
etorrent 18 40 18 18 18 18 18 31 31 18 40 18 17 17 32 32 18 40 18 
ereynol5 18 40 18 18 18 17 17 31 31 32 32 24 24 18 18 
epark5 18 18 18 18 18 0 0 24 24 11 36 11 20 20 25 36 25 18 40 18 18 
dpatel2 18 40 18 18 24 24 17 17 31 31 
cmoreno5 18 40 18 17 17 
bgawel 18 12 12 27 27 28 28 18 37 18 18 18 18 
bconlon 28 28 27 27 18 40 18 18 18 24 24 17 17 
apanousi 18 18 18 12 12 27 27 28 28 18 40 18 18 18 18 18 18 17 17 31 31 32 32 
tngochi 18 37 18 28 28 18 40 18 18 18 24 24 18 40 18 17 17 31 31 32 32 18 40 18 17 17 24 24 
tdasso 18 40 18 18 18 24 24 17 17 31 31 18 40 18 32 32 
rwittmer 12 12 27 27 28 28 18 40 18 18 18 18 18 
rvazza 18 40 18 18 17 17 31 31 32 32 18 40 18 
nhong 18 18 18 
mrohling 18 28 28 27 27 18 40 18 18 24 24 18 18 17 17 32 32 
dsmith53 18 18 18 18 17 17 31 31 32 32 
cdowicz 18 12 12 8 8 27 27 30 30 28 28 18 18 18 18 17 17 18 18 24 24 
bnakfoor 18 40 18 18 18 17 17 32 32 18 40 18 31 31 
akhemani 18 18 18 18 18 12 12 27 27 28 28 18 40 18 18 
ahughes8 18 18 27 27 18 18 28 28 18 40 18 18 18 17 17 31 31 32 32 
tperey 18 40 18 18 18 18 18 24 24 17 17 31 31 32 36 32 
mmccor15 18 18 24 24 18 40 18 17 17 31 31 32 36 32 18 40 18 0 0 11 11 18 40 18 24 24 11 11 15 36 15 25 25 7 7 18 40 18 18 19 19 18 40 18 
mgray10 18 40 18 17 17 31 31 32 32 24 24 
mfraizer 18 12 12 27 27 28 28 18 40 18 18 18 18 18 17 17 31 31 32 32 24 24 
lherna11 18 40 18 18 18 17 17 
jmolumph 18 18 17 17 18 40 18 17 36 17 31 31 32 36 32 18 18 
hzweberl 18 40 18 24 24 31 31 
dserafin 18 40 18 18 24 24 17 17 32 32 31 31 
bpowell4 18 40 18 18 18 18 18 18 18 18 
mdownin1 18 40 18 18 18 18 18 24 24 17 17 31 31 32 32 
lduggan 18 40 18 24 24 
kbulleit 18 40 18 24 24 18 40 18 
jplas 18 18 18 18 18 24 24 17 17 18 18 18 31 31 32 32 18 40 18 18 18 
jbrown36 18 40 18 
dkim30 18 40 18 18 18 17 17 32 32 31 31 
cpantin 18 12 12 27 27 28 28 
cmyers11 18 17 39 17 31 31 32 40 32 18 37 18 18 
amora2 18 40 18 18 18 18 18 
adrisco2 18 18 24 24 19 19 18 18 12 12 27 27 28 36 28 18 40 18 18 18 18 24 24 17 17 31 31 32 32 19 19 18 40 18 18 18 
xtsai 12 12 18 40 18 18 32 32 18 18 
nisakson 18 12 12 18 40 18 18 18 
kmurph44 18 18 18 18 18 24 24 31 39 31 17 17 
ibushue 18 18 24 24 31 31 18 40 18 32 32 18 40 18 17 17 
enichol4 18 18 17 17 31 31 32 32 
egroth 18 40 18 29 29 18 40 18 18 18 24 24 17 17 31 31 32 36 32 
aheinzma 18 18 24 24 17 17 31 31 32 39 32 
adecker1 18 40 18 18 18 18 18 10 10 18 40 18 18 18 
aameen 18 40 18 29 39 29 18 40 18 18 18 24 24 18 40 18 18 18 17 17 32 39 32 31 31 
zwall 18 36 18 18 18 18 18 17 17 31 31 32 32 
smonaha1 13 13 8 8 12 36 12 28 39 28 24 24 18 40 18 18 18 18 24 24 24 40 24 18 18 18 15 15 25 36 25 7 7 18 40 18 18 18 18 18 18 18 18 
sdeschne 18 24 24 31 31 17 40 17 32 32 
mowen 18 36 18 17 17 18 40 18 32 32 18 36 18 18 18 18 18 18 18 
lwatts1 18 12 12 27 27 28 28 18 40 18 18 24 24 18 18 17 17 31 31 32 32 
krochefo 18 40 18 18 18 18 18 18 
gniforat 18 18 12 12 27 27 28 28 18 40 18 17 17 31 31 32 32 
evandier 18 40 18 17 17 24 24 31 31 32 36 32 18 18 
eclapp 18 37 18 27 27 28 28 18 40 18 18 18 18 18 18 18 24 24 18 40 18 18 18 18 18 18 18 
awaldsch 18 18 18 18 18 18 18 18 17 17 32 32 31 36 31 
adevito1 18 40 18 18 18 17 17 31 31 32 32 
tsilva1 18 40 18 18 18 12 12 27 27 28 28 
oivan 18 40 18 18 18 18 18 18 18 18 19 19 18 40 18 24 24 17 17 
mmarti45 18 13 13 8 8 30 30 18 18 18 18 18 18 18 28 28 12 12 27 27 24 24 18 40 18 24 24 17 17 31 31 32 32 18 36 18 
mjorden 18 39 18 18 17 17 31 31 32 32 24 24 18 40 18 
ldorenko 18 40 18 24 24 17 17 18 40 18 24 24 18 18 17 17 31 31 32 37 32 18 36 18 
ktracey 18 40 18 31 31 17 17 32 32 18 40 18 18 24 24 
krothmey 18 40 18 18 18 18 17 17 31 31 32 32 
kbiladea 27 27 28 28 18 40 18 18 17 17 31 31 32 32 
jweas 18 40 18 18 17 17 31 31 32 32 18 18 24 24 18 40 18 
jgoldsch 18 18 18 12 12 24 24 27 27 28 28 18 18 18 18 18 24 24 17 17 31 31 32 32 
jdraves 18 40 18 18 18 18 24 24 17 17 32 32 31 31 
gotte1 18 27 27 12 12 28 28 18 40 18 18 18 
etruesda 18 17 17 31 31 32 32 
emeara 18 18 17 17 31 36 31 18 40 18 0 0 11 11 20 20 18 18 15 15 25 25 7 7 18 40 18 18 18 18 
cnilsen 18 18 18 31 31 32 32 24 24 
bmurph24 18 40 18 24 38 24 17 17 31 31 32 32 
azammit 18 40 18 18 18 19 19 18 40 18 18 19 19 18 40 18 
arabbitt 18 12 12 18 40 18 27 27 18 40 18 24 24 18 40 18 18 18 
wcheong 18 12 12 27 27 28 28 18 40 18 18 18 17 17 31 31 32 32 24 24 
kmoran11 18 40 18 18 18 18 
kgalla21 18 40 18 18 24 24 18 40 18 18 24 24 17 17 31 39 31 32 36 32 18 36 18 
kgalla20 18 40 18 18 31 31 17 39 17 32 32 19 19 
kfranz1 18 40 18 18 17 17 31 31 32 32 24 24 24 40 24 
jsutton3 18 12 12 27 27 28 28 18 40 18 18 18 24 24 17 17 31 37 31 
jhegart2 18 18 12 12 27 27 28 28 18 18 18 18 
japplew1 18 18 12 12 27 27 28 28 18 40 18 18 18 12 12 27 27 17 17 31 31 32 32 
imurrer 18 40 18 
fschemel 18 40 18 24 24 31 31 17 17 
fprimozi 18 18 18 18 
elinares 18 17 17 32 32 31 31 18 36 18 
cmulshin 18 40 18 18 24 40 24 17 17 31 36 31 32 32 
cmagnuss 18 27 27 12 12 28 28 18 40 18 18 18 18 18 18 24 24 17 17 31 31 32 32 18 40 18 
ccleary1 18 40 18 18 18 18 18 17 17 31 31 32 32 
abohling 18 27 27 18 40 18 18 
mscanish 18 18 18 18 18 31 31 18 37 18 
mkirven 12 12 27 37 27 28 28 18 40 18 18 18 18 
lkim3 18 18 18 17 17 31 31 32 32 24 24 
lgrabows 18 18 18 18 17 17 31 31 32 32 
lcaffar1 18 40 18 18 18 18 24 24 17 17 31 31 32 38 32 18 40 18 18 
kliang2 18 12 12 27 27 28 28 18 40 18 18 17 17 31 31 32 32 
jnowak4 18 40 18 
hcheng1 8 8 30 30 18 36 18 12 12 27 27 28 28 18 36 18 24 24 17 17 31 31 32 32 18 40 18 
bmerrick 18 40 18 18 24 24 
bgagnon 18 40 18 31 31 24 24 18 40 18 18 
tmansell 18 40 18 18 18 17 17 18 18 24 24 19 19 31 39 31 32 32 18 40 18 
rrocco 18 18 24 24 17 17 31 31 32 36 32 18 40 18 
rpuno 18 40 18 18 18 18 18 17 17 24 24 31 36 31 32 36 32 
lyan4 18 40 18 18 17 17 31 31 32 32 18 40 18 18 
kpresteg 18 40 18 18 18 18 31 31 17 17 32 32 
jbaines 18 18 18 18 18 24 24 18 18 17 17 18 39 18 31 31 32 32 
blemay 18 
aromano2 18 18 24 24 31 31 17 17 18 40 18 32 32 18 37 18 
alongsta 18 40 18 18 18 17 17 31 31 32 32 
szachari 18 40 18 19 19 18 40 18 31 31 17 17 24 24 18 18 18 32 32 
spalumb1 18 32 32 18 40 18 18 18 18 17 17 24 24 31 39 31 32 36 32 
pcamara 27 27 28 28 18 40 18 
operez2 18 40 18 18 18 18 18 18 24 24 17 17 31 36 31 
nvincent 18 40 18 17 17 31 31 32 32 18 37 18 18 18 
lgelin 18 18 17 17 31 31 32 36 32 
ldomenel 18 18 12 12 27 27 18 39 18 18 18 
lcho 18 40 18 18 28 28 18 40 18 18 18 17 17 31 31 32 32 
jpaul2 18 30 30 28 28 18 18 18 24 24 19 19 18 40 18 18 31 31 32 32 
ischmitz 18 40 18 31 31 17 17 32 32 
egorman5 18 40 18 24 24 18 40 18 
eeagle 18 40 18 18 17 17 31 31 32 32 
dallen13 18 27 27 18 40 18 19 19 18 40 18 
cdenzel 18 40 18 18 18 24 24 18 40 18 31 31 18 40 18 16 16 18 40 18 18 18 
asowell 18 40 18 18 18 18 17 17 31 31 32 32 
yzou2 18 18 27 27 18 40 18 18 18 18 18 
speter14 18 
pmcmonag 18 40 18 17 17 31 31 32 32 24 24 18 37 18 
kpaulsen 18 40 18 18 24 24 17 17 31 36 31 32 36 32 
kjacoby1 18 40 18 18 18 18 
jruane 18 18 18 17 39 17 31 36 31 32 36 32 
jdodig 12 12 27 27 18 40 18 18 18 
gcramer1 27 27 12 12 18 40 18 18 
everhey 18 18 27 27 28 28 18 40 18 18 17 17 31 31 32 32 18 18 
esoller 18 18 18 18 17 17 31 31 
egorman6 18 12 12 27 27 28 28 18 40 18 18 18 
ckotseos 18 18 20 20 
cganley 18 40 18 31 31 17 17 32 32 24 24 18 40 18 24 24 
bfraser 18 40 18 18 18 18 18 18 18 18 24 24 17 17 31 36 31 32 39 32 
asweet 18 24 24 12 12 18 18 27 27 28 28 18 40 18 18 18 19 19 18 40 18 18 18 18 18 
apaik 18 40 18 27 27 12 12 18 18 18 24 24 18 40 18 32 32 15 36 15 11 39 11 7 7 18 36 18 
thuber1 18 40 18 18 24 24 
sincera 18 18 12 12 27 27 28 28 18 40 18 18 18 18 18 18 18 17 17 31 31 32 32 
phennes2 18 8 8 13 13 30 30 18 40 18 18 27 27 12 12 28 28 18 18 18 18 18 18 24 24 
msahd 18 40 18 31 31 
mcabrer1 18 40 18 18 17 17 32 32 31 31 
kkolleck 18 18 18 17 17 31 31 32 36 32 
jreeg 18 40 18 28 28 18 18 18 18 31 31 32 32 17 17 
jgonnard 18 
hsarkey 18 18 12 12 27 36 27 28 28 18 40 18 18 18 
hholden 18 40 18 18 18 18 18 
epil 18 18 18 31 31 32 32 17 17 18 18 24 24 
awitte 18 40 18 18 32 32 17 17 31 31 
trogers6 18 18 18 24 24 17 17 31 31 18 40 18 
tfross 18 40 18 17 17 31 31 32 32 24 24 18 40 18 17 17 31 31 32 32 24 24 
taguirre 18 38 18 18 17 17 31 31 32 32 18 36 18 
sbindel 18 12 12 27 27 18 40 18 
rmaqbool 12 12 18 40 18 18 18 27 38 27 12 38 12 18 40 18 18 18 
kcockrel 18 40 18 18 18 18 18 18 18 18 18 12 12 27 27 28 28 17 17 31 31 32 32 24 24 
jmarino6 18 38 18 18 31 31 19 19 18 40 18 17 36 17 31 31 18 40 18 32 32 
eguenthe 18 18 17 17 31 31 32 32 
ecaradon 18 40 18 24 24 17 17 31 31 32 36 32 18 18 
creid4 18 40 18 17 40 17 24 24 31 36 31 32 36 32 
carizama 18 40 18 18 24 24 17 39 17 18 18 24 24 
anataraj 18 40 18 18 18 18 18 24 24 18 40 18 17 17 32 39 32 18 40 18 
svukovit 18 18 18 18 18 17 17 31 31 32 32 
msteph11 18 40 18 17 17 32 32 18 40 18 17 17 32 32 31 31 24 24 
mraster 18 40 18 18 18 24 24 24 24 18 40 18 17 17 31 31 32 32 24 24 
lbognar1 18 40 18 29 29 18 37 18 18 18 18 24 24 18 40 18 
lbakke 18 40 18 17 17 
jzacher 18 40 18 17 17 31 31 32 32 18 40 18 17 38 17 32 32 
jheath3 18 40 18 32 32 18 18 18 18 24 24 31 31 13 39 13 32 32 17 17 
hduan 18 18 27 27 18 40 18 18 28 28 18 40 18 18 18 17 17 18 40 18 32 32 31 31 24 36 24 
gvargas 18 40 18 18 18 
erogan 18 31 31 24 24 17 37 17 32 37 32 
epuntill 18 40 18 18 18 24 24 17 17 31 31 32 32 
ebarthel 12 12 27 27 18 40 18 31 31 18 39 18 17 17 32 32 
eallgaie 18 18 18 12 12 27 27 18 18 28 28 18 40 18 18 18 
dlipa 18 40 18 18 18 24 24 17 17 31 36 31 
csmith71 18 36 18 18 17 17 18 18 
clucas4 18 40 18 18 24 24 18 40 18 24 24 17 17 
clowney1 18 40 18 18 24 24 31 31 
bsailer1 18 40 18 18 18 24 24 31 31 31 40 31 
bburger 18 18 17 17 31 31 32 32 24 24 18 38 18 
bbishop2 18 40 18 18 24 24 17 17 31 31 32 32 
alifka 18 40 18 18 24 24 17 17 31 31 32 36 32 
alee25 18 40 18 24 24 31 31 32 36 32 18 40 18 17 17 
ttarkles 18 12 12 27 36 27 28 28 18 40 18 18 18 17 17 31 31 32 32 24 24 
tkhong 18 18 18 18 18 17 17 31 31 32 36 32 
sschmit1 18 40 18 17 17 31 31 32 32 
rsulli13 18 12 12 27 27 18 18 28 40 28 18 40 18 
plally 18 40 18 18 18 18 17 17 31 36 31 32 32 
mwhelan3 18 30 30 8 8 13 13 18 18 28 28 18 37 18 12 12 27 27 18 40 18 18 18 18 
mmccabe6 18 12 12 27 27 28 28 18 40 18 18 18 17 17 
mkeller6 28 36 28 12 12 27 27 18 40 18 18 18 24 24 18 40 18 18 18 
mhare1 18 40 18 18 31 31 24 24 17 17 
mdadamio 18 40 18 18 18 18 24 24 17 17 31 31 18 40 18 
khinish 18 12 12 18 40 18 27 27 24 24 18 40 18 
hschwart 18 27 27 32 36 32 18 40 18 17 17 18 36 18 18 24 24 17 17 31 36 31 
hparkhil 18 18 
emcdowel 12 12 27 27 28 28 18 40 18 18 18 18 9 9 18 18 
dnaquin 18 40 18 18 17 17 31 36 31 32 36 32 
abenedic 18 40 18 17 39 17 31 40 31 24 24 18 40 18 18 32 32 
wdefaria 18 12 12 27 36 27 28 28 18 40 18 18 18 18 17 17 32 36 32 31 39 31 
tcomer 18 18 18 18 18 18 12 12 24 24 
tcarnes 18 40 18 18 17 40 17 24 24 31 31 
rduffy3 18 40 18 18 24 24 17 17 31 31 32 36 32 
narmbrus 18 40 18 18 22 22 18 40 18 18 17 17 31 31 32 32 24 24 
mritten 18 40 18 18 24 24 17 17 31 31 32 32 
mdonne10 18 18 17 17 31 31 32 32 24 24 18 37 18 0 0 11 11 20 20 15 36 15 7 7 18 40 18 18 18 25 25 
kperez4 18 28 28 27 27 18 18 18 18 31 31 17 17 
jsuttman 18 36 18 27 27 18 18 18 18 18 17 17 31 31 32 32 
jgriff12 18 18 18 18 
jables 18 18 18 18 24 24 17 17 31 31 32 32 18 40 18 
eforbes1 18 40 18 18 2 2 18 40 18 18 24 24 18 40 18 24 24 
ccorse 18 12 12 27 36 27 18 36 18 28 28 18 40 18 18 18 
asmith56 18 18 18 18 18 18 17 17 32 32 31 31 18 18 
acook8 18 18 27 27 18 18 28 28 18 40 18 17 17 18 18 
abojczuk 12 12 27 27 28 28 18 40 18 18 
zliang3 18 40 18 18 18 24 24 17 17 31 31 32 36 32 
ychen30 18 40 18 18 17 17 31 31 32 32 
tkacius 18 40 18 18 18 18 18 18 24 24 17 17 18 40 18 31 31 32 36 32 
szabala 18 40 18 17 17 31 36 31 32 37 32 
swallac3 18 40 18 24 24 12 12 27 36 27 28 28 
sbattali 18 40 18 18 18 18 
ojacobse 18 18 18 18 28 28 18 40 18 18 18 12 12 18 18 27 27 18 18 28 28 18 40 18 18 18 
ngiannot 18 40 18 18 24 24 18 40 18 17 39 17 31 31 32 36 32 
mstebbi1 30 30 8 8 13 13 12 12 27 27 18 40 18 18 18 18 
mkelley9 18 40 18 12 12 27 27 28 28 17 17 31 31 32 32 0 0 11 11 20 20 15 15 25 25 7 7 15 15 25 25 7 7 24 24 18 40 18 18 18 18 18 
kwhite14 18 18 18 17 17 31 31 32 32 
kmchugh6 18 40 18 17 17 31 31 32 32 
kconese 18 18 18 18 18 17 17 18 40 18 31 31 18 37 18 
jstacho1 18 7 7 18 40 18 18 18 
jslaugh2 18 18 18 18 17 38 17 24 24 31 31 
gwilson6 18 28 28 27 27 12 12 18 40 18 18 18 24 24 11 11 31 31 
gpernico 18 40 18 
drea 18 40 18 18 18 24 24 32 32 31 36 31 
dkelly13 18 18 18 18 31 31 24 24 17 17 32 36 32 
cschust4 18 40 18 18 18 18 24 40 24 17 17 31 31 32 32 
cprince 18 40 18 17 17 31 36 31 32 32 18 37 18 
bdzubara 12 12 27 27 28 28 18 40 18 18 18 18 
acrowle1 18 40 18 18 18 
zzovko 18 18 18 
ztulausk 18 40 18 18 18 18 17 17 31 31 32 32 
tfolwell 18 18 18 18 18 24 24 17 17 31 36 31 32 32 
sharri11 18 40 18 17 17 32 32 18 18 24 24 18 40 18 18 18 18 18 
mphelan5 18 40 18 24 24 18 38 18 17 17 32 32 31 31 18 40 18 
mkocher2 18 18 27 27 12 12 28 28 18 40 18 18 
ksteenvo 18 12 12 27 27 28 28 18 40 18 
kmehta2 18 
kaiello1 18 40 18 18 18 18 24 24 17 17 31 31 32 38 32 
jrhiling 18 17 17 32 32 31 31 18 40 18 
jmcclin1 18 40 18 
eolsen2 18 40 18 18 18 18 31 31 24 24 
egrammer 18 40 18 18 17 36 17 31 31 32 32 18 40 18 32 32 18 40 18 17 17 32 32 31 31 
dngo2 18 19 19 18 40 18 31 31 17 17 32 32 18 40 18 
czhou4 18 40 18 17 17 24 24 18 40 18 31 31 32 36 32 
csedore 18 40 18 18 18 18 18 18 17 17 31 31 32 32 
awood8 18 40 18 18 17 17 31 31 
astaresi 18 18 18 18 12 12 18 40 18 24 24 27 27 28 28 18 37 18 18 24 24 18 18 18 18 18 17 17 32 32 31 31 18 18 
areymer 18 40 18 18 30 30 28 28 18 40 18 17 17 31 31 32 32 
ahays1 18 40 18 18 17 17 31 31 
abatkoff 18 18 18 12 12 28 28 27 27 18 39 18 18 18 
xzhang24 18 40 18 18 18 24 24 17 17 31 31 20 20 32 32 
skoo1 18 18 18 18 31 31 17 17 18 18 
rsong 18 40 18 18 18 18 18 18 18 24 24 17 17 31 31 32 32 
rbanuelo 18 40 18 17 17 31 31 32 36 32 18 18 
psansone 18 12 12 27 27 18 40 18 18 24 24 18 40 18 18 
mlarson3 18 40 18 18 17 17 32 32 31 31 
mhagan2 18 18 18 24 24 18 18 17 17 31 31 18 39 18 32 32 0 40 0 11 11 20 20 19 36 19 15 15 7 7 18 40 18 18 18 18 18 
mcrawf10 18 18 18 17 17 32 32 31 31 18 18 24 24 18 40 18 
jbelluc2 18 40 18 18 18 
jander21 18 36 18 18 18 18 13 13 18 40 18 18 17 17 32 32 31 31 24 24 
ioteroto 12 12 27 27 28 28 18 36 18 18 17 17 32 32 31 31 18 18 18 18 0 0 11 11 20 20 
ejones15 18 40 18 18 17 17 31 31 32 32 
ecummin2 18 40 18 24 36 24 17 17 31 31 32 32 
dventer 18 40 18 18 18 18 18 17 17 31 31 32 32 24 24 
ccastil4 18 24 24 17 17 31 31 32 32 18 18 
cbarahon 27 40 27 12 12 28 36 28 18 40 18 18 18 18 19 19 18 40 18 18 
zeggers 18 18 18 
skeller5 18 40 18 18 18 18 24 24 18 18 18 18 
nholmes2 18 40 18 17 17 24 24 31 31 32 37 32 
mtagovai 18 18 18 30 30 18 40 18 18 18 18 18 18 18 
mryan32 18 12 12 18 40 18 18 18 
mmatusk1 18 40 18 18 27 27 28 28 18 40 18 
mflanag8 18 12 12 18 40 18 
lfalquez 18 40 18 18 18 18 18 17 17 31 31 32 32 
jmarvin2 18 40 18 18 17 17 31 31 32 39 32 19 36 19 18 40 18 
hchoudhu 12 12 27 27 18 40 18 18 18 18 
edell 18 18 18 18 18 18 17 17 31 31 32 39 32 
delwell 18 18 18 12 12 27 27 28 28 18 40 18 18 17 17 32 32 31 31 18 40 18 
cpawelek 18 40 18 18 17 17 31 31 32 32 18 40 18 
cgotuaco 18 18 18 12 12 27 27 28 28 18 40 18 
ccasper 18 40 18 18 18 18 24 24 
bbrown14 18 38 18 18 18 18 18 17 17 31 31 32 32 18 40 18 18 18 18 
ychen31 18 18 12 12 27 27 28 28 18 40 18 18 18 18 17 17 31 31 32 32 24 24 18 40 18 
vkareh 18 40 18 17 17 31 31 32 32 
rwilso18 18 40 18 18 18 17 17 24 24 18 40 18 31 31 32 36 32 
rmelotik 18 18 18 18 12 12 27 27 28 28 18 18 18 18 18 18 18 18 18 
pkollma1 18 40 18 18 18 17 17 
phaley1 18 40 18 17 17 31 31 32 32 
oeaddy 18 40 18 18 18 
mzakowsk 18 40 18 18 24 24 17 17 31 31 17 40 17 18 40 18 32 32 
mmoufawa 18 40 18 0 0 11 11 20 20 
mmaldona 18 40 18 18 18 17 17 31 31 32 32 
mlake2 18 40 18 17 17 31 31 32 32 24 24 
mhoffm12 18 40 18 18 18 18 17 17 31 31 32 32 
mcurlis2 18 40 18 18 17 17 
kwardlow 18 18 18 
kround 27 27 28 28 18 40 18 18 
kmoeinva 18 18 18 
jsong3 18 
jsimone 18 12 12 27 27 24 36 24 18 40 18 18 24 24 
jnagle7 27 39 27 28 28 18 40 18 18 29 29 18 18 19 19 18 40 18 18 17 17 17 17 
jmullen6 7 7 18 39 18 7 7 15 15 25 25 18 40 18 18 18 19 19 18 40 18 18 
jhuber4 18 40 18 18 24 24 17 17 31 31 18 40 18 32 32 18 40 18 7 7 18 40 18 
gvonuhle 18 40 18 17 17 31 31 32 32 
esienko 18 40 18 18 18 18 18 24 24 31 31 17 40 17 32 32 
ekiszla 18 40 18 18 17 17 31 31 32 32 24 24 
ekenney1 18 18 18 18 17 17 17 17 18 39 18 18 24 24 24 24 
edoyal 18 24 37 24 17 17 31 31 32 32 
dmikovit 18 40 18 18 7 7 18 40 18 17 17 31 31 32 32 24 24 
dkim28 18 18 18 18 
clink4 18 40 18 18 18 24 24 17 36 17 18 40 18 31 31 32 32 
bferris1 18 17 17 31 31 32 32 24 24 
asiguler 18 36 18 18 18 17 17 31 31 32 32 
syi3 18 
swolfe1 18 17 17 31 31 32 37 32 18 40 18 
shatfie1 18 40 18 17 17 31 31 32 32 24 24 
rtaraboc 18 40 18 18 18 18 17 17 24 24 31 31 32 36 32 
rmazzini 18 40 18 18 24 24 17 17 31 31 32 32 
mvander4 18 40 18 18 29 29 9 38 9 18 40 18 26 26 18 40 18 18 24 24 31 31 17 36 17 32 38 32 
mtapp 18 37 18 18 18 18 31 31 17 17 32 32 
mmirer 18 28 28 18 40 18 12 12 27 27 18 40 18 18 18 18 18 18 18 18 18 18 18 
mesteve 18 17 17 31 31 32 32 
mbutle14 18 18 27 27 12 12 18 40 18 18 18 18 17 17 31 31 32 32 18 18 18 18 
mbutle13 18 24 24 17 17 18 18 32 32 31 31 
lrodrig6 18 18 24 39 24 17 17 31 31 32 37 32 
kkubik 18 40 18 31 31 32 39 32 
kflanag4 18 40 18 17 17 31 31 32 32 24 24 
jcorbin2 18 40 18 18 18 17 17 28 28 31 39 31 32 32 
ihornung 18 40 18 32 32 31 31 17 36 17 
gpetrosi 30 30 8 8 18 40 18 18 18 18 28 28 
edownin1 18 18 18 
coleary2 18 40 18 17 17 24 24 31 39 31 32 36 32 
cmeyers3 18 18 18 24 24 17 17 31 31 32 32 
cfitzgib 18 40 18 18 24 24 18 40 18 
ccocco 18 18 12 12 27 27 28 28 18 40 18 18 18 18 18 
apeter14 18 28 28 18 40 18 12 12 27 27 28 28 18 40 18 18 17 17 31 31 32 32 24 24 
aander27 18 12 12 27 27 28 28 
yfeng3 18 12 12 27 27 28 28 18 40 18 18 17 17 
risrael1 18 12 12 27 27 28 28 18 40 18 18 18 18 17 17 31 31 32 32 24 24 
nmattei1 18 18 
mvondras 18 24 24 18 40 18 18 18 18 24 24 0 36 0 11 11 
mretoske 18 40 18 18 3 3 18 40 18 18 18 18 17 17 24 24 31 31 32 32 
mplante 18 39 18 28 28 18 40 18 18 31 31 19 39 19 18 40 18 17 17 32 32 18 40 18 
mlegersk 18 40 18 18 17 17 31 31 32 32 
mjohns57 18 40 18 18 24 24 17 37 17 31 36 31 
mbianco 18 12 12 27 27 28 36 28 18 40 18 18 18 18 
lstephe3 18 40 18 18 24 24 18 18 18 17 17 31 31 32 32 18 40 18 
kmccahan 12 12 18 40 18 24 24 18 36 18 27 36 27 28 36 28 18 40 18 18 18 18 18 
jriver11 18 12 12 27 27 28 28 18 40 18 18 18 31 31 
jmrozek 18 12 12 27 27 28 28 18 40 18 18 17 17 18 18 
jhirshor 18 40 18 18 17 39 17 31 31 32 36 32 
jgarci22 18 18 12 12 27 27 28 28 18 40 18 18 18 
gnguyen 18 36 18 17 17 32 32 31 31 
eriojas 18 40 18 18 33 33 16 16 18 40 18 17 17 31 31 32 32 
ebrown20 18 18 18 24 24 17 17 31 36 31 20 36 20 32 32 
dadams13 30 30 8 8 18 18 18 18 18 18 18 
cdito 18 40 18 24 24 
apasin 18 40 18 18 24 24 
alaboe 18 18 18 19 19 18 40 18 19 19 18 40 18 17 17 31 31 32 32 18 18 
ablanch2 18 40 18 
yhe9 18 18 18 12 12 27 27 17 17 32 32 31 31 24 40 24 
wzhu2 18 24 24 18 40 18 18 24 24 18 18 17 17 32 37 32 31 36 31 18 40 18 
wschemel 18 40 18 24 24 32 32 17 36 17 
tkoewler 18 40 18 18 24 24 17 17 31 31 
scannova 18 12 12 24 24 27 27 28 28 18 18 18 18 24 24 17 17 32 32 31 31 
samezqui 18 18 18 18 17 17 31 31 32 32 
rchan3 18 40 18 17 17 31 31 32 32 24 24 
poconno6 18 40 18 18 18 18 18 31 31 24 24 
ohatch 12 12 27 27 28 28 18 40 18 18 17 17 31 31 32 32 
nho1 18 36 18 28 28 12 12 18 40 18 18 18 18 18 18 32 32 17 17 31 31 18 36 18 24 24 
mwinche1 18 40 18 18 18 18 24 24 
msteeves 18 40 18 18 18 18 24 24 18 40 18 17 17 31 31 32 32 24 24 18 39 18 
mmccans 18 40 18 16 16 18 40 18 31 31 24 37 24 
mhanley1 18 40 18 18 18 17 17 24 24 31 31 32 38 32 
mguggenb 18 40 18 18 17 17 32 32 31 31 18 40 18 
mfarleka 18 40 18 31 31 24 24 18 39 18 17 17 32 32 
mcasasga 18 36 18 18 18 17 17 24 24 31 36 31 
kthomp21 18 40 18 17 17 31 31 32 32 
kmccabe4 18 12 12 27 27 28 28 18 40 18 
khuffert 18 40 18 24 24 17 17 31 36 31 32 32 
jxu9 18 40 18 3 3 18 40 18 17 17 31 31 32 32 
jstellon 12 12 27 27 28 28 18 40 18 18 18 
jboateng 18 40 18 18 17 17 32 32 31 31 
iedgar 18 24 24 17 17 31 31 32 32 
ekeefe2 18 18 27 36 27 28 28 18 40 18 18 32 32 17 17 
dfeldman 18 37 18 18 18 24 24 31 31 18 18 17 17 32 32 
cpalor 18 18 28 28 27 27 18 36 18 18 17 17 18 40 18 31 31 32 36 32 24 24 
ccahill6 18 40 18 18 18 18 17 17 31 31 20 20 
bgrier 12 12 27 27 18 40 18 18 17 17 18 40 18 18 18 17 17 31 31 32 32 
bdrummo1 18 40 18 18 18 18 18 17 17 31 31 32 32 
bcarmody 18 18 27 27 28 28 18 40 18 18 18 31 31 
amurph14 18 12 12 27 36 27 28 36 28 18 40 18 18 18 18 
amarti55 18 40 18 18 17 17 32 32 31 31 24 24 
agerman 18 18 18 18 17 17 31 31 32 32 18 18 24 24 
afemrite 18 40 18 18 24 24 18 40 18 17 17 31 31 32 32 
tpagessa 18 39 18 24 24 17 17 32 32 31 31 18 40 18 18 
tjohns29 18 39 18 18 17 17 32 32 31 36 31 
pbald 18 18 18 18 18 28 28 12 12 27 36 27 24 24 18 40 18 18 17 17 31 31 32 32 
mnieves1 18 36 18 18 31 31 32 32 17 17 
mbrombac 18 40 18 18 24 24 17 17 31 31 32 32 
mbeinlic 18 40 18 24 24 17 17 31 31 32 32 18 40 18 17 17 31 31 32 32 
lmedinab 18 28 28 27 27 12 12 18 40 18 
lmcphill 18 18 12 40 12 27 27 18 40 18 18 
kperry7 18 18 24 24 27 27 28 28 12 12 18 40 18 18 18 
kmoran10 18 12 12 27 27 28 28 18 40 18 18 17 17 31 31 32 32 
kmessier 18 40 18 
kabe1 18 18 18 18 17 17 32 32 31 31 
jusher 18 12 12 27 27 28 28 18 40 18 18 18 
jmusema 18 36 18 18 31 31 18 18 17 17 32 32 31 40 31 
jkirkham 18 40 18 18 18 17 17 31 31 32 32 
jhall15 18 40 18 17 17 31 31 32 32 
jcharbon 18 40 18 18 18 17 17 24 24 31 31 
gverfurt 18 18 18 17 17 31 31 32 32 24 24 18 39 18 
gmcdermo 18 18 
eyeager 12 12 27 27 18 36 18 28 28 18 40 18 18 18 
esulli14 12 38 12 27 27 28 28 9 9 18 40 18 18 18 18 28 28 18 40 18 31 31 
dmoran5 18 18 24 24 18 40 18 24 24 17 17 31 36 31 32 36 32 
dbodewig 18 18 18 18 18 18 29 29 14 14 18 40 18 18 
bni 18 37 18 18 18 18 17 17 31 31 32 36 32 24 24 
aseketa 18 40 18 18 18 24 24 18 40 18 31 40 31 
amitch13 18 39 18 18 17 40 17 31 31 32 32 24 24 
amarti54 18 40 18 17 17 31 31 32 32 18 40 18 32 32 24 24 
zwang17 18 40 18 18 18 24 24 17 17 31 31 32 32 18 40 18 
rmcclain 18 18 27 27 28 28 18 40 18 18 17 17 32 32 31 31 
pmcgee 18 40 18 18 18 30 30 18 40 18 17 17 31 31 32 32 
oramire1 18 40 18 18 18 18 17 17 31 31 32 32 
olombard 27 27 24 24 18 18 28 28 18 40 18 18 18 18 18 18 24 24 24 40 24 
myoung12 18 40 18 24 24 31 31 
mmoreno3 18 12 12 27 27 18 36 18 18 18 18 18 
mmcelro2 18 37 18 18 17 17 31 31 32 32 24 24 18 39 18 24 24 
mgroark 18 18 27 27 18 40 18 18 18 
mcurrie2 18 40 18 12 12 27 27 28 28 18 40 18 
mcarro10 18 12 12 27 27 18 40 18 18 17 17 32 32 24 36 24 
lschwar2 18 40 18 17 17 31 31 32 32 18 18 18 24 24 
labreha 12 12 27 27 28 28 18 40 18 17 17 
kmullan4 18 40 18 18 18 24 24 17 17 31 31 32 36 32 
jstuppy 18 40 18 18 18 17 17 31 31 32 32 
jluk 13 13 8 8 30 30 18 40 18 12 12 27 27 28 28 18 40 18 
jigiede 18 37 18 28 28 18 40 18 17 17 31 31 32 32 24 24 
jhlavin 18 37 18 18 18 0 0 11 39 11 24 24 
jgripens 27 27 18 40 18 31 31 
jfabreg2 18 40 18 18 18 18 24 24 17 38 17 
jedward4 18 40 18 18 31 31 18 18 18 31 31 17 17 32 32 24 36 24 
jburhann 18 40 18 31 40 31 32 32 17 17 24 24 
hfertitt 18 18 
garboled 18 40 18 18 18 17 17 31 31 32 32 
edidonat 18 18 24 24 18 40 18 18 24 24 17 40 17 18 40 18 31 36 31 18 18 24 24 
ealbi 18 18 18 18 18 13 13 18 18 18 18 18 12 12 27 27 28 28 18 40 18 18 18 17 17 31 31 32 32 
dmacatan 18 12 12 27 27 18 40 18 18 18 18 28 28 18 40 18 
dharvey1 18 28 28 18 18 27 27 18 40 18 18 31 31 
crichte2 27 27 12 12 30 30 28 28 18 40 18 
cdunlea1 12 12 27 27 28 28 18 18 18 18 18 
awolfe4 18 0 0 11 11 
aturzai 18 32 32 18 36 18 18 18 18 18 18 24 24 32 32 18 18 
aosorio 18 18 
aherna13 18 12 36 12 28 28 18 36 18 18 
zhan1 12 36 12 27 27 28 37 28 18 40 18 18 18 
tsong2 18 40 18 24 24 17 17 31 36 31 32 38 32 
smurph19 18 40 18 18 18 18 18 17 17 24 24 31 31 32 37 32 18 36 18 
sjo 18 39 18 18 19 19 18 40 18 31 31 11 11 0 0 18 40 18 18 18 18 18 
sbsales 18 18 12 39 12 27 36 27 28 28 18 40 18 18 
rpozasg1 18 40 18 17 17 31 31 32 32 
rhughes7 18 12 12 27 27 28 28 18 18 18 18 17 17 
rbarnes2 18 31 31 24 24 18 40 18 17 17 
msimon6 18 40 18 31 31 24 37 24 17 39 17 32 32 
mbond1 18 24 24 31 31 
jwoods8 18 18 18 18 18 17 17 32 32 31 31 24 24 
jplocher 18 40 18 18 18 17 40 17 31 31 
jlugg 18 40 18 24 24 18 40 18 31 31 18 18 
jlehn 12 12 27 27 28 28 18 40 18 17 17 31 31 32 32 24 24 0 38 0 11 11 20 20 
jdemarc1 12 39 12 27 27 28 28 18 40 18 18 18 24 24 
hstone3 18 18 18 17 37 17 31 31 
ezahoric 18 40 18 18 18 17 17 18 18 24 24 32 32 31 31 
elopez7 18 40 18 7 7 18 18 18 24 24 
ddelliso 18 18 18 18 18 18 17 17 18 18 
cwhalen2 18 36 18 18 18 24 24 17 17 31 31 32 32 
cjacobs3 18 40 18 29 29 18 40 18 18 18 24 24 17 17 31 31 
chowell2 18 18 17 17 32 32 31 31 24 24 18 40 18 
blyons1 12 12 28 28 18 40 18 24 24 
bklaus 18 24 24 
zsurma 18 18 18 24 24 18 40 18 18 17 40 17 31 36 31 18 40 18 
tpopps 18 18 18 18 18 18 17 17 31 31 32 32 
tissa 18 40 18 18 24 24 17 17 31 31 
svorne 18 12 12 27 27 28 28 18 40 18 18 17 17 31 31 32 32 
sryan9 18 31 31 17 17 24 24 32 32 18 37 18 
pgorman2 18 40 18 31 31 17 17 32 32 18 18 24 24 
olanchon 18 40 18 18 18 17 17 31 31 32 32 18 18 
nmunozol 18 40 18 18 17 17 31 31 32 32 18 18 
nkelly3 18 
nferguso 18 12 12 27 27 28 28 18 40 18 18 18 18 
mhawit 18 
kwhite13 18 40 18 18 24 24 31 31 17 36 17 32 32 
jzepf 18 40 18 31 31 24 24 17 17 
jgirardo 18 40 18 24 24 17 37 17 31 31 32 32 
jfrane 12 12 27 27 28 28 18 40 18 18 18 18 18 18 18 18 
iroberts 18 18 18 27 27 18 18 12 12 18 18 8 8 18 40 18 
hferrero 18 
ginglis 18 18 18 24 24 18 40 18 24 24 17 40 17 31 31 
esherloc 28 28 12 12 27 27 18 40 18 
ellano1 18 40 18 18 18 18 18 24 24 
dreynoso 18 12 12 27 27 28 28 18 40 18 18 17 17 31 31 32 32 18 18 18 
dphill14 18 18 18 18 18 18 17 17 31 31 32 32 24 24 
ctsevis 18 30 30 27 27 28 28 18 40 18 18 18 18 
clangle1 18 18 28 28 18 40 18 12 12 27 27 31 36 31 18 40 18 18 18 18 18 
apines1 18 12 12 27 27 28 28 18 40 18 18 18 24 24 18 40 18 18 32 32 17 17 31 31 
aorsinel 18 40 18 18 24 24 17 17 31 36 31 32 36 32 
amcfadd1 27 27 28 28 18 40 18 18 24 24 18 18 
abiondo 18 40 18 18 24 24 
tmcginn1 18 12 12 18 18 27 27 28 36 28 18 40 18 17 17 
thartle 18 28 28 12 40 12 27 27 18 40 18 18 18 
tbendeck 18 37 18 18 17 17 31 31 32 32 
ssitarsk 18 40 18 18 31 31 24 36 24 18 40 18 17 17 32 32 18 18 24 24 18 36 18 
sdutta2 18 40 18 18 24 24 32 32 31 40 31 17 36 17 18 40 18 24 24 20 20 15 15 18 40 18 18 11 36 11 0 0 18 40 18 15 15 25 25 18 40 18 18 24 24 18 40 18 
pjohns21 18 40 18 18 17 17 32 32 31 31 18 36 18 17 17 18 40 18 
pjachim 18 18 18 12 12 27 27 18 40 18 18 18 24 24 
mperez19 18 17 17 31 31 32 32 24 24 18 40 18 
mpenn1 18 40 18 24 24 17 17 31 31 32 36 32 
mgabouer 18 40 18 18 17 17 32 32 31 31 24 24 
lwukie 18 40 18 18 18 18 18 18 17 17 31 31 32 32 
lsimon2 12 12 28 28 18 40 18 
llontoc 18 12 12 27 27 28 28 18 40 18 18 18 
ldevito 18 12 12 18 18 27 27 28 28 18 40 18 18 31 31 
lbode 18 40 18 17 17 31 31 32 32 24 24 
layuyao 18 31 31 18 40 18 17 17 31 31 32 32 
ktran1 18 37 18 18 18 18 18 18 17 17 32 32 31 31 24 24 
kdiggin1 18 40 18 17 17 31 31 32 32 
kbockhol 28 36 28 18 18 18 24 24 18 40 18 18 18 18 18 
jybanez1 18 18 32 40 32 
jswift2 18 18 18 
jmoawad 18 40 18 18 24 24 17 17 31 31 32 32 18 18 18 
jduffy8 18 40 18 18 18 12 12 27 27 28 37 28 18 40 18 18 18 18 
jchandle 18 
jbrunne1 18 27 27 12 12 28 36 28 18 40 18 18 18 18 
jbordall 18 40 18 18 17 17 31 31 32 32 
ielizond 18 40 18 17 17 31 31 32 32 
hwakelin 18 40 18 24 24 32 32 17 17 31 31 
gcampoli 18 12 12 27 27 28 36 28 18 40 18 18 18 
eutley 18 20 20 11 11 0 0 18 40 18 
esagun 18 40 18 18 18 
eobrie14 12 12 27 27 28 28 18 40 18 5 5 18 40 18 18 5 5 18 40 18 18 18 18 17 17 31 31 18 40 18 17 17 32 32 
dkrivda 18 40 18 18 24 24 
dgarci18 12 12 27 27 18 18 18 18 18 18 18 18 24 24 18 18 24 24 18 18 
csmith72 18 40 18 20 20 0 0 11 11 18 40 18 18 18 18 
cgrunha2 12 12 27 27 28 28 18 40 18 18 
cdelane2 24 24 18 18 12 12 27 27 28 28 18 40 18 18 18 18 17 17 24 24 32 36 32 18 18 
ccahill5 18 18 18 18 17 17 31 31 32 32 
btournat 18 12 12 27 27 28 36 28 18 40 18 
akeller5 18 40 18 18 18 17 36 17 31 31 32 32 
adaniele 18 18 18 12 12 27 27 28 28 18 40 18 18 17 17 31 31 32 32 
aclark13 18 40 18 31 31 17 17 32 32 24 24 18 40 18 17 17 
aboyd2 18 18 24 24 31 31 32 32 18 40 18 
wmckee 18 18 27 27 28 28 18 40 18 18 24 24 
wfine 18 18 28 28 18 40 18 18 17 17 31 31 32 32 
srodawig 18 8 8 30 30 27 27 28 28 18 18 12 12 18 40 18 18 
slee51 18 18 27 27 28 28 18 40 18 18 18 18 
rmcgove1 18 24 24 12 12 27 27 18 39 18 28 28 18 40 18 19 19 18 40 18 
pwasuwan 18 40 18 12 12 28 28 27 27 18 40 18 18 18 18 18 
ojazbuti 18 18 27 27 12 39 12 28 28 18 40 18 18 18 18 24 24 
nskora 18 40 18 18 31 31 24 24 
nmarti12 18 40 18 18 18 18 18 31 31 17 17 32 32 24 24 
nhelm 18 40 18 18 18 17 17 32 32 31 31 
nbest1 18 8 8 18 18 13 13 18 40 18 18 24 24 18 18 18 18 27 27 28 36 28 18 40 18 18 18 24 24 18 18 
mpaulran 18 40 18 18 18 18 
mmurph50 18 40 18 18 24 24 31 38 31 17 38 17 32 36 32 18 40 18 
kheldt 18 18 17 17 31 31 32 36 32 24 36 24 
jspence6 18 40 18 31 31 24 24 32 32 18 40 18 
jminor1 18 40 18 18 24 24 18 40 18 
jlabadie 18 40 18 18 17 17 31 31 32 32 
jguerra3 18 18 18 18 24 24 18 40 18 
jesposi2 18 40 18 18 18 17 17 31 31 32 32 
igese 18 40 18 18 18 18 18 
hsun2 18 
emangels 18 31 31 24 24 17 17 32 32 
eleahy1 18 18 18 24 24 
ehiestan 18 40 18 17 17 24 24 32 32 31 31 
ebrady7 18 40 18 17 17 31 31 32 32 
dkolkebe 18 40 18 18 18 18 18 18 18 
clewis13 18 40 18 18 24 24 17 17 18 40 18 31 31 32 40 32 18 18 
chanzel 18 40 18 
cbowden 18 18 18 18 18 18 18 17 17 31 31 32 32 
cbartlet 18 40 18 17 17 31 31 32 32 24 24 
bsoaresd 18 18 27 27 12 36 12 18 40 18 18 
bknarr 18 18 18 18 18 18 24 24 18 37 18 17 17 32 32 18 18 
bdages 18 36 18 18 18 17 17 31 31 32 32 24 24 
atreacy 18 18 31 31 18 36 18 11 11 18 39 18 25 25 7 7 18 40 18 15 15 18 40 18 18 
asood1 18 13 13 8 8 12 12 27 27 28 28 18 40 18 18 
alehanka 18 40 18 18 24 24 17 17 31 38 31 32 32 
vzona 18 12 12 27 27 28 28 18 40 18 17 17 31 31 32 32 24 24 18 18 
vdavis1 18 40 18 18 18 24 24 17 17 18 18 
tmcguir2 18 40 18 31 31 17 17 32 32 
tlynch3 18 40 18 18 18 17 17 31 31 32 32 
sfore 18 40 18 18 24 24 27 27 18 36 18 
rsabnani 18 40 18 18 18 18 17 17 31 31 32 32 
rkenyon 18 37 18 18 18 18 24 24 18 40 18 17 17 32 36 32 31 36 31 
rhughes8 18 40 18 17 17 24 24 32 32 31 31 
mzachlin 18 40 18 17 17 31 31 32 32 
mriss 18 40 18 24 24 18 40 18 17 17 24 24 31 31 32 38 32 
moconn20 18 18 18 18 18 12 12 27 27 28 28 18 40 18 17 17 31 31 32 38 32 
mmaron 18 40 18 31 31 24 24 17 39 17 18 18 32 32 
mhepbur1 18 40 18 18 24 24 
mgreene3 18 40 18 17 17 
kmcfarl1 18 0 0 18 40 18 
jyu7 18 18 24 36 24 17 17 31 31 32 36 32 
jrombals 18 40 18 13 13 8 8 17 17 31 31 32 32 
icorreia 18 40 18 18 24 24 18 40 18 32 36 32 17 39 17 31 31 
gklaus 18 40 18 24 24 17 17 31 31 32 32 
eromero3 18 40 18 17 17 31 31 32 32 
eeschwei 18 40 18 17 17 31 31 32 32 
ebabcoc1 18 18 28 28 12 12 27 27 18 40 18 18 18 18 18 
dyefreme 18 40 18 17 17 
dpark5 18 40 18 18 18 17 17 31 36 31 32 40 32 
dobrie13 18 18 
dkenned7 18 40 18 18 18 18 24 24 
crodri12 18 24 24 18 18 18 18 28 28 12 12 27 27 18 18 24 24 18 40 18 18 18 24 24 17 40 17 31 31 
coakley2 18 40 18 
cgreeley 18 12 12 18 18 28 28 27 27 18 40 18 18 
cgehan 18 39 18 27 27 28 28 18 40 18 18 18 17 17 
cdulal 18 38 18 
cdiallo 18 40 18 17 17 31 31 32 32 
bcahill2 18 18 18 18 18 17 17 24 24 31 37 31 32 37 32 
astensby 18 40 18 
aslevin 18 40 18 12 12 27 27 28 28 
alindema 18 
ahachigi 18 12 12 27 27 28 28 18 40 18 18 18 18 18 24 24 
agraham2 18 12 12 27 27 28 28 24 24 18 40 18 18 
ymao 18 40 18 17 17 31 31 32 32 18 18 
sgonzal8 18 18 24 24 18 40 18 17 17 31 37 31 32 36 32 
sebben 18 40 18 18 24 24 18 18 31 40 31 
ramesbur 18 40 18 18 17 17 32 32 31 31 24 36 24 
pzibelli 18 40 18 24 24 32 32 31 31 18 40 18 17 17 31 31 24 24 18 37 18 
nhammer 27 36 27 28 28 18 40 18 17 17 32 32 28 28 31 31 
mzepf1 18 12 12 27 27 18 18 28 28 18 40 18 17 17 31 31 32 32 18 18 
mlegendr 18 40 18 24 24 17 17 31 36 31 32 36 32 
mlee39 18 40 18 18 18 18 18 17 17 31 31 32 32 24 24 
mdolan5 18 40 18 18 17 17 31 31 32 32 
mbaumbac 18 40 18 18 24 24 18 40 18 31 31 18 39 18 
kstraub 18 12 12 27 27 28 28 18 40 18 18 18 
khilbert 18 40 18 
jpeacoc1 18 12 12 22 22 27 27 28 28 18 40 18 18 18 18 17 17 32 32 18 40 18 31 31 
jomeara3 18 40 18 12 12 27 27 28 28 18 40 18 17 17 31 31 32 32 
jmeek1 18 18 27 27 18 40 18 17 17 32 32 31 31 
jklein6 18 27 27 18 40 18 18 
jkidwel1 18 12 12 27 27 28 28 18 40 18 18 18 18 
jguckenb 18 13 13 8 8 30 30 18 40 18 18 12 12 27 36 27 28 40 28 24 24 18 18 18 18 17 17 31 31 32 32 18 40 18 24 24 
jfox13 18 40 18 18 24 24 17 36 17 
jarmstr2 18 30 30 18 18 18 18 18 18 30 30 18 40 18 18 18 18 18 
ggasper 18 
fharris2 18 40 18 18 24 24 31 31 
eziegle1 18 28 28 12 12 27 27 18 40 18 18 18 18 
etravnik 18 40 18 17 17 31 31 32 32 24 39 24 
etighe 18 40 18 18 24 24 17 17 31 31 32 32 
bpapiern 18 40 18 18 18 18 24 24 17 17 18 18 32 32 31 31 
ajarosik 18 18 17 17 31 31 32 32 
zyin4 12 36 12 27 27 28 28 18 40 18 18 31 31 18 40 18 18 18 18 
zprender 18 18 12 12 27 27 28 28 18 40 18 18 18 18 
trobinet 18 40 18 17 17 31 31 32 32 24 24 
tdougla4 18 40 18 17 17 24 24 32 32 31 31 
smcconv1 18 40 18 17 17 18 18 18 24 24 18 40 18 24 24 
shannon3 18 40 18 18 17 17 31 31 18 40 18 18 32 32 18 40 18 18 
phoward1 18 40 18 24 24 17 17 31 31 32 32 
nmassimi 18 40 18 18 24 24 31 31 32 32 
msheil 18 40 18 18 18 18 24 24 17 17 31 31 32 32 
mrobers1 28 37 28 12 36 12 27 36 27 18 40 18 18 18 18 18 
mmccabe7 18 24 24 31 31 
mkranz 18 40 18 18 24 24 18 40 18 17 17 31 31 32 32 
mjohns56 18 40 18 17 17 32 32 31 31 
mfrench3 18 40 18 18 18 17 17 32 32 31 31 24 24 
messner 18 40 18 17 17 24 24 31 31 32 32 
jspence7 18 36 18 
jmeagher 27 27 12 12 28 36 28 18 40 18 18 18 
jfreund 18 12 12 18 18 27 27 28 28 18 40 18 
jcrawfo8 18 12 12 28 36 28 18 37 18 18 18 
jconway7 18 18 18 12 12 18 18 28 28 18 40 18 17 17 31 31 32 32 
ecottril 18 12 12 27 27 28 28 18 40 18 18 18 
eambrose 27 27 28 28 18 40 18 24 24 31 31 18 37 18 
dgregor5 18 40 18 19 19 24 24 18 36 18 17 17 31 39 31 
csalcedo 18 40 18 18 18 18 17 17 31 31 32 32 24 24 
coatway 18 12 12 27 27 28 28 18 40 18 
clutz 18 40 18 18 
clucey 18 40 18 18 18 18 18 
ckenny2 18 18 17 17 31 31 32 32 
cesheric 27 27 12 12 28 28 18 40 18 18 18 18 
athill1 18 40 18 24 24 31 31 
akowblan 18 18 17 17 32 32 31 31 18 39 18 19 19 11 11 0 0 15 15 25 25 7 7 18 38 18 18 18 
aedward8 18 24 24 17 40 17 31 31 32 32 
aachecar 18 40 18 18 24 24 18 40 18 31 31 
ykim22 18 40 18 18 17 40 17 31 31 32 32 24 24 18 18 18 
sleyden 18 40 18 18 18 18 18 18 24 24 17 17 31 31 
scole4 18 40 18 17 17 31 31 32 32 
sbraynar 18 40 18 18 12 12 18 40 18 18 18 18 24 24 17 17 
rtanczos 18 40 18 18 18 17 17 31 31 18 18 24 24 
rreutima 12 39 12 27 27 28 28 18 40 18 18 18 
pphoa 18 40 18 32 38 32 24 40 24 
omarcian 18 40 18 18 18 17 17 32 32 31 31 24 24 18 18 
ocoyle 27 27 28 28 18 40 18 18 18 18 18 18 18 17 17 31 31 32 32 
nfurneri 18 18 27 27 28 28 18 40 18 
nfenton 18 40 18 18 31 31 18 40 18 32 32 17 17 
mvanblun 18 24 24 17 40 17 31 37 31 32 39 32 
mpiccone 18 40 18 18 17 17 32 32 31 31 
mmarti44 18 40 18 0 0 17 17 31 31 32 32 24 37 24 
mfoley9 18 40 18 31 31 24 24 17 17 
mdrennan 18 40 18 18 17 17 
mbursch 18 18 18 22 22 18 40 18 18 17 17 31 31 32 36 32 
lyoo1 12 12 27 27 18 40 18 
ksitarz 18 40 18 17 37 17 31 31 32 36 32 24 36 24 18 18 18 
kpurk 18 18 18 17 17 31 31 32 32 20 37 20 11 11 0 0 19 19 15 15 25 25 7 7 18 40 18 
kkula 18 18 31 31 17 40 17 32 32 
kebert 18 40 18 18 24 24 17 17 31 36 31 32 32 
jzimlich 12 12 28 28 27 27 18 40 18 
jlibbey 18 18 17 17 31 31 32 32 18 40 18 18 
jappleby 18 18 18 18 18 17 17 31 31 32 32 
gbreslin 18 18 18 12 12 27 36 27 28 28 18 40 18 
emaginn 18 40 18 17 17 31 31 32 32 
ebrown19 18 18 13 13 8 8 30 30 24 36 24 18 40 18 18 
dgomez5 18 40 18 17 17 31 31 32 32 18 38 18 
cvisnic 18 18 18 17 17 24 24 32 32 18 18 31 31 18 39 18 
csofrona 18 
csamagal 18 40 18 18 18 17 17 31 31 32 32 
btompole 18 39 18 18 17 37 17 31 31 
bscholl1 18 18 18 18 17 17 31 31 32 32 18 39 18 
awellen 18 36 18 18 24 24 31 31 17 17 
ashields 18 40 18 18 18 24 24 
aleahy 28 28 27 36 27 18 40 18 18 18 
ajamies1 18 24 24 18 40 18 
aemerson 18 40 18 18 18 24 24 18 40 18 17 17 31 31 32 32 24 24 
znunez 18 
ynuguse 18 40 18 18 18 24 24 18 18 
tmacmill 18 40 18 18 18 18 31 31 24 24 
tford6 30 30 18 40 18 18 18 12 12 27 27 28 28 18 40 18 
tcaffrey 18 40 18 17 17 31 31 32 32 18 18 24 24 
tbrierly 18 36 18 18 31 31 18 40 18 18 24 24 17 17 32 32 
smunson 18 40 18 18 24 24 17 17 18 18 
rscott5 18 40 18 18 17 17 32 32 31 31 
onisbet 18 40 18 18 18 18 31 31 17 17 32 32 24 24 
ohollowa 18 18 27 27 12 12 28 28 18 18 
mschmi17 18 40 18 18 28 28 27 27 12 12 18 40 18 18 18 18 31 31 17 17 32 32 
msalerno 18 40 18 17 17 31 31 32 39 32 
mmcghee3 18 40 18 17 17 31 31 32 32 
mmcdon16 18 12 12 27 27 28 28 18 40 18 18 18 17 17 31 31 32 32 
mmarotta 18 28 28 18 40 18 18 18 
mburbano 18 40 18 17 17 31 31 32 32 
kvidoure 18 18 12 40 12 27 40 27 28 28 18 40 18 17 39 17 24 24 31 31 32 32 18 40 18 
kkleise1 18 40 18 
kjin2 18 40 18 18 18 17 17 31 31 32 32 
kfoley3 18 40 18 18 18 18 24 24 18 18 18 
kerhardt 18 12 12 27 27 28 28 18 40 18 18 17 17 31 31 32 32 18 18 18 
kbrown28 18 40 18 18 13 13 32 36 32 18 38 18 24 24 
jplaza 27 36 27 28 38 28 18 40 18 18 18 18 24 24 18 18 18 18 
iwan 24 24 12 12 8 8 27 27 28 28 18 40 18 24 24 17 17 32 32 
gdibono 18 40 18 17 17 18 18 31 31 32 32 
dgarda 18 18 27 27 18 40 18 18 18 18 
cviracol 18 40 18 18 18 24 24 31 39 31 
cmille39 18 18 
cllanter 18 40 18 31 31 32 32 17 17 
clawlor1 18 19 19 18 40 18 18 19 19 18 40 18 18 19 19 18 40 18 
clachena 18 17 17 31 31 32 32 24 24 
chu3 18 40 18 17 17 31 31 32 32 
cdimpel 18 40 18 24 24 17 17 31 36 31 32 37 32 
bjohns22 18 18 24 24 17 17 31 31 
bhogan2 18 18 18 17 17 31 31 32 32 
aviducic 18 40 18 
agregor1 18 18 18 31 31 
wdisimon 18 36 18 18 18 17 38 17 31 31 32 32 
szheng1 18 40 18 17 17 31 31 32 32 24 24 18 18 
szaccone 18 38 18 18 17 17 31 31 32 32 
skeene 18 40 18 24 24 17 17 31 31 
sbaker8 18 40 18 18 17 17 32 32 31 31 18 40 18 31 31 24 24 
rcriqui 18 40 18 18 18 24 24 
rbartnet 18 40 18 24 24 17 17 32 32 31 39 31 18 40 18 
nruiz2 18 12 12 27 27 28 28 18 40 18 18 17 17 
mmesecar 18 40 18 18 31 31 
mlee38 18 40 18 18 24 24 17 17 31 31 
mkramer7 18 18 18 18 24 24 17 17 31 31 32 36 32 
mknapp4 12 12 27 27 18 40 18 18 27 27 18 40 18 18 18 
mhowat1 18 40 18 18 24 24 17 17 31 36 31 
mfuetter 18 27 27 18 40 18 31 31 
lstone1 18 39 18 27 27 28 28 18 40 18 18 
ldo1 18 40 18 24 36 24 17 17 31 31 32 32 18 40 18 
khemmelg 27 27 18 40 18 24 24 17 17 
kfulk1 18 40 18 18 18 31 31 32 32 17 17 24 24 18 18 
kfliotso 18 40 18 17 17 31 31 32 32 24 24 
kborisia 18 40 18 18 31 31 32 32 17 17 24 24 
jpesola 12 12 27 27 28 28 18 18 18 17 17 31 31 32 32 
jenochs 18 40 18 24 24 17 17 31 31 
jbrooks6 18 18 12 12 18 40 18 17 17 24 24 
jagosti1 18 40 18 18 32 32 31 31 17 17 
htoner 18 40 18 31 31 17 17 
gmatting 18 40 18 31 31 17 17 
ehansen4 18 18 18 18 18 18 12 12 27 27 28 28 18 40 18 18 18 32 32 17 17 31 36 31 
eevans8 18 40 18 12 12 27 27 28 28 18 40 18 17 17 31 31 32 32 
csumner 12 12 18 40 18 12 12 28 28 27 27 18 40 18 18 17 17 31 31 32 32 
claracey 18 40 18 18 17 17 31 31 32 32 24 24 18 18 18 
cbontra1 18 12 12 27 27 18 40 18 31 31 
bmorrell 18 18 18 18 17 17 31 31 
bgriffi3 18 27 27 18 40 18 18 
bdicanio 18 12 12 27 27 28 28 18 18 18 18 
amorejo1 18 37 18 27 27 18 40 18 18 17 17 31 31 32 32 
aconway 18 40 18 18 24 24 
zzhang14 18 40 18 
shealy3 18 40 18 24 24 17 17 31 31 32 32 
scarlino 12 12 27 36 27 18 40 18 18 
sbryant4 18 40 18 18 17 17 18 40 18 
rnavin 18 12 12 27 27 28 28 18 18 18 
rarroyo 18 28 28 12 40 12 27 39 27 18 40 18 31 31 
psainagh 18 40 18 17 17 32 32 
pkinkopf 18 40 18 17 17 31 31 32 32 18 18 
ngomezbo 18 
mshackl2 18 40 18 24 24 18 40 18 24 24 31 39 31 
mroddy 18 37 18 18 18 18 17 37 17 31 31 32 32 
mleonar8 18 18 31 31 18 40 18 32 40 32 17 17 
mlamber7 18 40 18 18 24 24 
mfitzg15 18 24 24 31 31 
lcarrol3 18 40 18 18 17 17 32 32 31 31 
kmehari 18 18 18 17 17 24 24 18 18 18 
klawren4 18 40 18 18 32 32 17 17 31 31 
jstump1 18 12 12 27 27 28 28 18 40 18 32 32 31 31 
jkeenan4 18 
eshanno4 27 27 12 12 18 40 18 
elipnick 18 40 18 24 24 31 31 17 38 17 
dwaszak 18 
dmarque4 27 27 12 12 18 40 18 18 12 12 28 40 28 18 40 18 32 32 
dlee27 18 18 18 18 17 17 31 31 32 37 32 
dewell 18 18 13 13 18 36 18 18 18 18 18 27 27 18 40 18 
cyoun 18 28 28 27 27 18 18 18 12 12 18 18 17 17 31 31 32 32 
ckuehl 18 40 18 18 
cking9 18 18 18 18 27 27 12 12 28 28 18 40 18 18 
cbutler3 18 17 17 31 31 32 32 24 24 
blefkowi 12 12 27 27 18 40 18 18 
bbatas 12 40 12 27 27 28 28 18 40 18 
aveon 18 12 12 27 27 28 28 18 40 18 
afranco5 18 18 17 17 31 31 32 32 24 24 
abeacom 18 40 18 12 12 27 27 28 28 18 40 18 18 18 18 18 18 
wtumbela 12 12 27 27 28 37 28 18 40 18 18 18 24 24 
wbona 18 40 18 18 17 40 17 31 31 32 32 
spantano 18 28 28 18 40 18 18 18 18 
sgay 18 40 18 18 18 18 24 24 
rschaef1 18 37 18 18 18 18 31 31 17 17 32 32 
pbrady 18 40 18 24 24 17 40 17 18 36 18 32 32 18 18 
mtwargos 18 40 18 17 17 31 31 32 32 24 24 
mschierl 18 18 18 18 18 18 12 12 27 27 28 28 18 40 18 
mramsey1 18 40 18 30 30 18 40 18 24 24 17 17 31 36 31 32 39 32 
mmaransk 18 40 18 18 18 18 18 18 17 17 31 31 32 32 
mlink3 18 17 17 31 31 32 32 
mkirchmi 18 40 18 24 24 17 17 31 36 31 32 32 18 18 
meisenme 18 40 18 24 24 17 36 17 32 32 31 31 
lrubino 18 18 18 31 31 17 40 17 32 36 32 
llingle1 18 40 18 24 24 
lfraser 18 12 12 27 36 27 28 28 18 40 18 18 
klaurenc 18 37 18 18 18 31 31 17 17 32 32 24 24 
khermann 18 12 12 27 27 18 40 18 
kbaile11 18 37 18 18 17 17 31 31 32 32 18 40 18 18 
jlee73 18 40 18 
jknowle1 18 24 24 12 12 27 27 28 28 18 40 18 17 39 17 24 24 31 31 32 32 
jkling 18 40 18 17 17 31 31 32 32 
jgambard 18 40 18 12 36 12 27 27 28 28 18 40 18 18 18 17 17 18 18 
gzhang6 18 40 18 17 17 31 31 32 32 
fkenney 18 40 18 
dbender 18 12 12 18 18 27 27 28 28 18 37 18 18 18 18 18 18 17 17 32 32 31 31 
cchen10 18 40 18 18 18 17 17 18 40 18 17 17 31 31 32 32 
bxie 18 18 12 12 27 27 18 18 18 18 
bwatson3 18 40 18 17 17 31 31 32 32 
awhite20 18 40 18 18 17 17 32 32 31 31 
avanblun 28 28 18 40 18 24 24 5 5 18 40 18 18 18 
aritten 18 18 24 24 17 17 31 31 32 32 
amorcus 18 40 18 18 24 24 17 17 31 31 32 32 18 18 
afulwide 18 40 18 17 17 31 31 32 32 18 18 
adorranc 18 18 12 12 27 27 28 28 18 40 18 18 31 31 17 37 17 32 32 24 24 18 18 18 
treynoso 18 40 18 17 17 31 31 32 38 32 18 18 24 24 
tgetty 18 40 18 24 24 17 17 31 37 31 18 18 32 36 32 
slouden 18 40 18 18 18 17 17 31 31 32 32 
rdesouza 18 36 18 18 17 17 31 31 32 36 32 
pdelcamp 12 37 12 27 36 27 28 36 28 18 40 18 18 
nbaumer 18 40 18 24 24 18 18 31 31 18 39 18 17 17 18 40 18 32 37 32 18 36 18 
mstanfo1 18 40 18 17 17 31 31 32 32 24 24 18 40 18 31 31 
mryan33 18 18 18 17 17 31 31 32 32 24 24 
mmille51 18 40 18 17 17 31 31 32 39 32 
mkoshi 18 27 27 12 12 28 28 18 40 18 18 18 17 17 31 31 32 38 32 18 40 18 17 17 32 32 
mkonshie 18 40 18 32 32 17 17 31 31 24 24 18 40 18 
mhoran 18 9 9 24 24 18 40 18 22 22 30 30 13 13 8 8 
mgaborek 18 40 18 18 18 17 17 32 32 31 31 24 24 
mechols 18 18 12 12 27 27 28 28 
mboehner 18 18 
lkesic 18 40 18 18 18 18 24 24 
lcapuano 12 12 27 27 28 28 18 40 18 
kbrauns 18 40 18 17 17 32 32 31 31 24 24 
jschlais 18 39 18 27 27 18 40 18 31 31 
jlittlef 18 40 18 24 24 
gumunyan 12 12 27 36 27 28 36 28 18 39 18 18 18 
gjohanne 18 12 12 27 27 28 28 18 40 18 
esteigau 18 40 18 18 17 17 32 32 31 31 
egamble 18 40 18 17 17 31 39 31 32 36 32 
eascoles 18 40 18 18 18 18 18 24 24 17 17 31 31 32 36 32 
cquast 18 37 18 18 18 12 12 27 27 28 28 18 18 18 17 17 31 31 24 24 
clink3 18 12 12 28 28 18 40 18 
clee30 27 27 28 36 28 18 40 18 18 
cfennel1 18 36 18 18 18 18 18 18 18 17 17 31 31 32 32 
cfamular 18 18 8 8 30 30 18 40 18 12 12 18 37 18 27 27 28 28 18 40 18 18 
bkeanemu 18 39 18 18 18 24 24 17 17 31 31 32 32 
bcartwri 18 40 18 17 17 31 31 32 32 
ahollow2 18 40 18 18 18 12 12 27 27 28 36 28 
abjaller 18 17 17 31 31 32 32 24 24 
abellm 18 40 18 17 17 31 31 32 32 
tmurphy7 18 40 18 18 31 31 17 17 32 32 
swagner4 18 40 18 17 17 31 31 32 32 
sshaw3 12 12 27 27 28 28 18 40 18 18 
slauber 18 40 18 24 24 31 31 17 40 17 32 36 32 
reubanks 18 40 18 18 18 18 0 0 11 11 24 24 17 17 24 39 24 31 31 32 32 
phalpin 18 40 18 18 18 17 17 31 31 32 32 24 36 24 
pgould 18 24 24 11 38 11 31 31 
nreysa 18 12 12 27 27 28 28 18 40 18 18 17 17 31 31 32 32 24 24 
nhernan4 27 27 18 40 18 
mriberas 18 40 18 12 12 28 36 28 18 40 18 31 31 17 17 32 32 18 40 18 
moleary9 18 40 18 17 17 31 31 32 32 24 24 18 40 18 18 0 0 11 11 20 20 
mlaporte 18 
mhorvat8 18 40 18 17 17 18 18 17 17 31 31 
mcole9 8 8 18 40 18 12 12 27 27 18 40 18 18 28 28 18 40 18 18 
lkeeley1 18 40 18 17 17 31 31 32 32 24 24 
lchampio 18 18 18 17 17 31 31 32 32 18 18 
kseidle1 18 24 24 17 40 17 31 31 
kcasey11 18 17 17 31 31 32 32 
jvirzi 18 40 18 18 12 12 27 27 28 28 18 40 18 18 24 24 18 36 18 
jquinn13 18 40 18 18 18 17 17 31 31 32 32 
jherlihy 12 12 27 36 27 28 28 18 40 18 17 17 31 31 32 32 18 18 
jgalden1 18 12 12 27 27 28 28 18 40 18 24 24 
jdavis27 18 18 12 12 27 27 28 28 18 18 18 18 12 12 27 27 28 28 17 17 31 31 32 32 24 24 18 40 18 
hlevinsk 18 12 12 27 27 28 28 18 40 18 
gstephe2 18 40 18 31 31 32 32 18 18 24 24 
esmith36 18 40 18 18 17 17 31 31 32 32 
ekinyon 18 12 40 12 27 27 28 28 18 40 18 17 17 
eferdina 18 40 18 18 21 39 21 18 40 18 18 26 39 26 9 9 18 40 18 18 31 31 18 36 18 
dsimonsa 18 28 28 18 40 18 18 18 
dnelso12 18 18 18 18 24 24 18 40 18 31 37 31 32 32 
csport 18 18 18 17 36 17 31 31 
cmarrder 18 40 18 
bhasara 18 18 18 18 
bdusling 18 40 18 24 24 17 17 31 31 32 36 32 
bbradle4 18 18 18 12 12 27 27 28 28 18 40 18 18 22 22 24 24 
afeda 18 18 31 31 17 17 32 32 
acavuto 18 27 27 18 18 28 28 18 40 18 17 17 
acatao 18 40 18 24 24 18 40 18 13 13 17 17 31 31 32 32 
zyeadon 18 40 18 18 18 18 18 18 18 24 24 12 12 27 27 
tchalmer 18 40 18 
rwester 18 18 
rsang1 18 40 18 18 18 31 39 31 18 38 18 
rgao2 18 27 27 12 12 18 18 18 18 18 18 18 
potoole3 18 40 18 17 17 18 36 18 31 31 32 32 
pmccabe2 18 40 18 18 17 17 31 31 32 32 
pardila1 18 
nviner 12 40 12 18 40 18 
nvanhoff 24 24 27 27 12 12 18 40 18 
msagasta 18 18 18 
mrestivo 18 12 12 18 40 18 12 12 27 27 28 28 18 40 18 18 24 24 
mpfeiffe 18 18 13 13 8 8 30 30 18 40 18 24 24 12 12 27 27 28 40 28 
meiseman 18 27 27 28 28 18 40 18 18 17 17 18 18 
mdugan1 18 18 18 18 
jzhang17 18 40 18 
jwhelan3 18 40 18 
jsennati 18 18 18 12 12 18 18 27 27 18 40 18 18 18 18 
jpassman 18 40 18 24 24 
jmille76 18 
jmahone7 12 12 27 36 27 28 36 28 18 40 18 18 
jlembo 12 12 27 27 28 28 18 40 18 17 17 
jirwin3 18 40 18 17 17 31 31 32 32 
jhuang14 18 40 18 18 31 31 24 24 17 17 
jdspain 18 40 18 24 24 18 40 18 17 17 24 24 31 31 32 36 32 
jcaggian 18 40 18 18 18 17 17 31 31 32 32 
gsmith19 18 40 18 
ggallant 18 18 28 28 18 40 18 
elauer1 18 40 18 24 24 17 17 31 31 32 32 
ehurm 18 18 18 18 
eglendon 18 12 12 27 27 18 40 18 17 17 32 32 31 31 
ebrigham 18 40 18 24 24 31 39 31 17 17 
cwaltonr 18 18 17 17 32 32 31 31 
cosulli2 18 18 18 18 18 18 
cmacclar 18 12 12 27 27 28 28 18 18 
bcopp 18 28 28 18 40 18 24 24 12 12 27 27 18 40 18 24 24 31 31 
azawojsk 18 40 18 18 17 17 31 31 32 32 
ahymes 18 40 18 17 36 17 31 31 32 36 32 24 24 
wmoyers 18 27 27 18 40 18 24 24 12 12 18 40 18 24 24 18 40 18 24 24 17 17 31 36 31 
wblocher 18 40 18 17 17 31 31 32 32 
vtrombet 18 40 18 
smarti29 12 12 28 28 27 27 18 40 18 18 18 18 
sjohnsto 18 12 12 27 27 28 28 18 40 18 17 17 31 31 32 32 
shopkin3 18 40 18 24 40 24 17 17 31 37 31 32 38 32 
rsmith53 18 40 18 18 18 17 17 32 32 31 31 
ringal 18 24 24 
rbarber 18 18 18 18 17 17 24 24 31 31 32 37 32 18 18 
mmetersk 18 40 18 31 31 17 17 32 32 
mletran 12 36 12 27 27 28 36 28 18 40 18 
mjames11 18 
melliot3 18 18 18 17 17 31 31 32 32 18 40 18 
kmalik1 18 38 18 18 17 17 31 31 32 32 
kholman 18 40 18 24 24 17 37 17 31 36 31 32 36 32 
jrosta 18 40 18 18 18 18 31 31 17 17 32 32 
jmonthio 18 12 12 27 27 18 40 18 
jlynch8 18 18 18 24 24 17 17 31 31 32 32 
jjarvis2 18 12 12 27 27 18 40 18 
jbailey7 12 12 18 18 27 27 28 28 18 40 18 18 
hchristm 18 40 18 17 17 24 24 31 31 32 36 32 
glyman 18 18 17 17 32 32 31 31 0 40 0 11 40 11 20 36 20 7 7 25 25 15 15 19 19 29 29 18 40 18 
gevans 18 40 18 18 24 24 18 40 18 17 17 32 32 31 39 31 
fhernan7 18 40 18 18 18 24 24 
fbirch 18 18 18 19 19 18 40 18 17 17 31 31 32 32 18 18 
egilber1 18 40 18 18 18 31 31 
driehm1 18 40 18 17 17 31 31 32 32 
ctorre10 18 40 18 31 31 24 24 
cspang 18 40 18 
csabers 18 40 18 
cnobuhar 18 39 18 28 28 18 40 18 17 17 
cfranke1 18 40 18 
bwright7 12 36 12 27 27 28 28 18 40 18 18 
bsabey 18 12 12 27 27 28 28 18 18 18 18 
bmooney3 28 28 27 36 27 12 12 18 40 18 18 18 18 18 
aperson 18 40 18 18 31 37 31 17 17 32 32 
akokot 18 18 27 27 18 40 18 
aguerra2 18 39 18 18 18 18 17 17 31 31 32 32 
agomez13 28 28 12 12 27 27 24 24 18 40 18 18 18 18 18 17 17 32 32 31 31 
afinster 18 12 12 27 27 28 28 18 18 18 
ydwyer 18 18 18 17 17 31 31 32 37 32 
twilso15 12 40 12 27 27 28 28 18 40 18 7 7 18 40 18 
sschraer 18 40 18 18 18 31 31 32 36 32 17 17 
scascio 18 12 12 27 27 28 28 18 40 18 17 17 31 31 32 32 
saragon 18 28 28 18 18 27 27 18 40 18 18 24 24 18 18 
rkenny1 18 40 18 18 18 24 24 18 18 18 18 24 24 31 38 31 
ptaylor3 18 18 12 12 28 28 18 40 18 18 
pcaslin 18 
pbaltes 18 40 18 18 17 17 31 40 31 32 32 24 36 24 
niovino 18 40 18 18 28 28 12 12 27 36 27 18 40 18 18 18 18 18 17 17 11 11 31 31 24 24 
ndeely 18 40 18 17 17 31 31 32 32 
mroche3 18 12 12 18 40 18 27 27 28 28 18 40 18 18 18 17 17 
mnowotar 18 40 18 12 12 28 28 18 40 18 18 17 17 
mmarsh11 18 40 18 18 17 17 31 31 32 32 
mgrandmo 18 40 18 18 17 17 31 31 32 32 
mfay3 18 12 12 18 40 18 
mcamacho 12 12 18 40 18 18 24 24 17 17 18 40 18 18 24 24 0 40 0 11 11 
lmcnama2 13 13 12 12 27 27 18 40 18 18 24 24 18 18 
ldaviso1 18 40 18 18 31 31 32 32 
kcarey4 18 40 18 18 24 24 
jweston 18 40 18 18 24 24 17 17 31 31 32 32 
jtopor 18 18 12 40 12 27 27 28 28 30 30 24 24 18 18 8 8 13 13 18 40 18 18 18 
jsuh3 18 18 17 17 31 31 32 32 
jolmanso 28 36 28 18 40 18 
jharri18 28 28 18 40 18 18 
jeberha2 18 30 30 13 13 8 8 18 40 18 18 
jcasama1 18 18 17 17 31 31 32 32 
jbertsch 18 18 12 12 28 28 18 40 18 18 
jandrad2 12 12 27 27 28 28 18 40 18 17 17 31 31 32 32 
hhalvey 18 40 18 18 17 17 31 31 32 32 
eradomsk 27 27 18 40 18 18 
dsaloome 18 24 24 12 12 27 27 28 28 18 40 18 24 24 17 17 31 31 32 36 32 
dfritz1 18 18 21 21 28 28 12 12 27 27 18 40 18 18 
dberg 18 40 18 17 17 31 31 32 32 
ctrujil4 18 40 18 18 17 17 31 31 32 32 24 24 
cramos5 18 40 18 17 17 31 31 32 32 18 18 
cmcmenem 18 40 18 17 17 31 31 32 32 24 24 
cmcdono6 18 12 12 27 27 28 36 28 18 40 18 24 24 18 18 
cgoethal 18 12 12 27 27 28 28 18 40 18 18 18 17 17 31 31 32 32 
blumb 18 40 18 17 17 31 31 32 32 
bjos 18 12 12 27 27 18 40 18 
bheather 18 12 12 27 27 18 40 18 17 17 32 32 31 31 24 24 
awagner6 18 40 18 17 17 31 31 32 32 
akeys 18 18 18 24 24 12 12 18 40 18 27 27 18 40 18 18 24 24 17 17 18 36 18 
ahapp 18 18 28 28 18 40 18 
agegen 18 40 18 17 17 24 24 32 32 18 39 18 
aalexan9 18 18 18 18 
srodrig7 18 12 12 28 36 28 18 40 18 
rfiegeli 18 12 12 28 28 27 27 18 39 18 18 18 
psconzo 18 12 12 18 18 18 18 24 24 18 18 17 17 
nsimon1 18 
ngodfrey 18 40 18 24 24 17 17 31 38 31 
mshanno5 18 40 18 18 18 
mmatara 18 40 18 17 17 31 31 32 32 24 24 18 18 
mhilger 18 12 12 27 27 28 36 28 18 40 18 
mheredi2 18 40 18 17 17 24 36 24 
mgilber5 18 28 28 12 12 18 40 18 18 24 24 31 31 
mbrannan 18 40 18 31 31 
lalvey 18 40 18 17 17 31 31 32 36 32 
kragan 18 40 18 18 18 24 24 17 17 31 31 32 36 32 18 18 
kmacdon6 18 9 9 18 40 18 18 30 30 18 39 18 18 18 18 18 18 18 
klewis12 18 24 24 12 12 18 40 18 24 24 18 40 18 31 31 32 32 17 37 17 18 37 18 24 24 18 37 18 
kduffy5 18 40 18 17 17 32 32 
kcoogan 18 18 
kbosma 18 40 18 31 31 
kbellasc 18 40 18 17 17 31 31 32 32 24 24 
jzinsky 18 28 28 12 39 12 18 40 18 27 27 18 40 18 18 
johara1 12 12 27 27 18 40 18 18 
jlawren5 18 27 27 12 12 28 36 28 18 40 18 18 18 
jburcham 18 40 18 18 18 18 17 17 32 32 
hwooton 18 40 18 17 17 24 24 31 31 
hhentges 18 40 18 17 17 31 31 32 32 
hdopico 18 30 30 28 28 27 27 12 12 18 40 18 28 28 12 12 18 40 18 
gtanjuat 18 40 18 24 24 12 12 27 27 28 28 
fzornow 18 40 18 18 18 
estratto 18 18 
ereyda 18 40 18 18 17 17 31 31 32 36 32 
egardne3 18 40 18 17 40 17 32 32 31 31 18 40 18 
edoyle8 18 40 18 17 17 31 31 32 32 
ealvarad 18 12 12 27 27 28 28 18 40 18 17 39 17 31 36 31 32 36 32 
dsun2 18 40 18 17 17 31 31 32 32 
cribera 18 18 18 18 18 17 17 
cmitche8 18 40 18 31 31 17 39 17 32 32 
cdorsey1 18 12 12 27 27 28 28 18 40 18 17 17 31 31 32 32 
cdanos 18 40 18 31 31 24 24 17 39 17 32 32 
cchiment 18 18 18 
belder 18 40 18 18 24 24 17 17 31 31 32 38 32 18 18 
bbrady2 18 27 27 18 40 18 18 24 24 
aszpynda 18 40 18 18 17 17 31 37 31 32 32 
areisin2 18 40 18 28 28 12 40 12 27 27 
wjackobo 18 18 27 27 28 28 18 40 18 18 18 18 18 
tmurray6 18 18 18 17 17 32 32 31 31 18 40 18 
rwong3 18 40 18 18 18 24 24 31 31 
rquintal 18 18 18 18 17 17 31 31 32 32 
pwerling 18 40 18 17 17 32 32 31 31 24 39 24 
pkaminsk 18 40 18 18 18 18 18 18 17 17 31 31 32 32 
pjones8 12 12 27 36 27 28 28 18 18 18 18 
patkins 18 40 18 18 24 24 17 17 31 31 32 32 
ogonzal3 27 27 28 28 18 40 18 17 17 
nspring1 18 40 18 24 24 17 17 31 31 32 32 
mjennin5 18 18 12 12 27 27 28 36 28 18 40 18 18 24 24 
mebberwe 18 18 18 18 17 17 31 31 
mdonahu4 18 40 18 17 17 31 31 32 32 
mcruzado 18 18 
kriggs1 18 40 18 
koshea2 18 40 18 18 32 36 32 
kewart 18 40 18 
jlipka 18 27 27 18 40 18 18 18 18 18 18 
jcroddic 18 40 18 17 37 17 
gmarti12 18 40 18 18 24 24 18 40 18 18 24 24 
gdiederi 18 40 18 18 18 
fsegura1 18 17 17 32 32 31 31 
ehancuch 18 38 18 18 18 17 17 31 31 32 32 
eburke7 18 18 12 12 27 36 27 18 40 18 18 
eboldt 18 40 18 17 17 31 31 32 32 
eadams6 18 40 18 17 17 31 31 32 32 
dhousto1 18 40 18 18 17 17 11 11 18 18 32 32 
cocallag 18 18 18 
cdonnel4 18 18 27 27 12 12 18 40 18 31 31 
bwears 12 39 12 27 36 27 28 28 18 40 18 17 17 18 18 18 24 24 31 36 31 32 32 0 36 0 11 11 20 20 15 36 15 25 25 7 7 18 40 18 18 18 
btrosse1 18 18 18 32 32 17 17 31 31 24 39 24 18 40 18 18 24 24 0 36 0 11 39 11 7 7 25 36 25 19 36 19 18 40 18 18 24 24 
awhite19 18 17 17 31 31 32 32 18 37 18 
apreda 27 37 27 12 12 18 40 18 24 24 
agoskowi 18 18 12 12 18 40 18 18 
zenciso 12 40 12 27 27 28 28 18 40 18 18 17 17 31 31 32 32 24 24 18 18 18 
yyoshiok 18 40 18 12 12 18 40 18 18 
tsilva 18 40 18 24 24 
smanfred 18 40 18 18 
rgarret2 18 40 18 17 17 31 31 32 32 
rfedison 18 
rciamarr 18 18 18 18 28 28 12 12 27 27 
pharris5 18 40 18 18 17 17 
ooleshch 18 28 28 18 40 18 18 
oguntin 18 40 18 18 17 37 17 31 31 32 32 18 18 
msasse 18 17 17 31 31 
minteria 18 40 18 
mcoffey1 18 40 18 18 24 24 31 31 
maguillo 18 18 
madamo 13 36 13 8 36 8 18 40 18 18 12 12 27 27 32 32 28 28 18 40 18 18 18 
ksmith69 18 17 17 31 31 32 32 18 40 18 
kmendiol 18 40 18 17 17 31 31 32 32 
kkobaya2 12 12 27 27 28 28 18 40 18 17 17 
kbaten 18 40 18 24 24 17 17 31 40 31 32 32 
kbaert 18 18 
jtanaka2 18 18 27 27 18 40 18 17 17 31 31 32 32 
jsumantr 18 40 18 18 18 18 17 17 31 31 32 32 24 24 
jhelsing 18 12 12 28 36 28 27 27 18 40 18 17 17 31 31 32 32 18 18 
jburton2 18 40 18 32 32 17 17 31 31 24 24 
eunebasa 18 40 18 18 32 32 31 31 17 17 
ddelp 18 18 24 24 
dabdulra 18 40 18 18 17 17 31 31 32 32 18 18 18 
chemm 18 40 18 18 17 17 31 31 
cbine 18 40 18 24 24 17 17 31 31 32 32 
bphelan2 18 40 18 18 17 17 24 24 31 38 31 32 36 32 
bhart5 18 12 12 27 27 28 28 18 40 18 18 17 17 32 32 31 31 
bbuscher 18 40 18 18 24 24 18 40 18 18 24 24 
anisbet 12 12 18 40 18 
aluong 18 12 12 27 27 28 28 18 40 18 18 18 17 17 31 31 32 32 
adinovo 18 40 18 18 31 31 17 40 17 32 32 18 18 24 24 
wsogge 18 18 
whanley 18 12 12 27 36 27 28 28 18 40 18 24 24 17 17 31 36 31 32 32 
wcole1 18 12 12 28 36 28 18 40 18 18 
twine 18 18 24 24 18 40 18 18 18 
tazemar 18 18 17 17 31 31 32 32 
rsernel 18 40 18 31 31 
rklevens 18 40 18 18 18 17 17 31 31 32 32 
rburns6 18 40 18 27 27 12 12 28 28 18 40 18 18 
ralliso1 12 40 12 27 27 18 40 18 18 
owright 18 19 19 18 40 18 
nmattapa 18 27 27 18 40 18 
nitkin 18 30 30 18 18 18 28 28 18 18 18 18 31 31 
ncateris 18 40 18 18 17 17 18 18 32 32 
nargilag 18 37 18 28 28 18 40 18 17 36 17 24 24 31 31 32 32 
muhran 18 12 12 27 27 28 28 18 40 18 31 36 31 
mswineh1 18 40 18 17 17 31 31 32 32 
msitzer 18 40 18 24 24 
mqueal 18 12 12 27 36 27 28 28 18 40 18 24 24 
mmclau21 18 
mduffey1 18 18 28 28 18 40 18 18 18 
maubourg 18 
lpolster 18 40 18 17 39 17 31 31 32 32 18 40 18 
lcorelli 18 
ksiefker 18 40 18 
jmaier3 18 40 18 18 18 18 17 17 32 32 31 31 
jhelmkam 18 40 18 18 17 36 17 31 31 32 32 
jandrew5 18 
hbaldwi2 18 
gbarthel 18 28 28 12 36 12 18 40 18 18 
ejoyce2 18 40 18 18 24 24 17 17 31 36 31 32 36 32 18 40 18 
ecastil2 18 17 17 31 31 32 32 
dshah2 18 40 18 18 24 24 
dpark4 27 27 12 12 28 28 18 40 18 19 19 18 39 18 18 
dhaseno1 12 12 27 27 28 28 18 40 18 17 17 31 31 32 32 
cmurillo 18 40 18 24 24 17 17 31 36 31 32 36 32 
ckmet 18 18 
cjaskows 23 23 12 12 27 36 27 18 40 18 28 28 18 40 18 18 
cfayne 18 40 18 27 27 18 40 18 17 17 31 31 32 32 24 24 
tvail 18 18 12 12 27 27 28 28 18 40 18 18 18 18 
tpero 18 40 18 24 24 
tmoyniha 18 18 27 27 28 28 18 40 18 17 17 
tmccoy1 18 39 18 
sbuzdon 18 40 18 18 17 17 31 31 32 32 
rparikh1 18 40 18 18 24 24 17 17 31 31 
pgota 12 12 27 27 28 28 
penglis2 18 18 12 12 27 27 28 28 18 40 18 18 17 17 31 31 32 32 18 18 
mshan 18 18 24 24 17 17 
mschmi18 18 24 24 
mneal2 18 
mmorley1 18 40 18 17 17 31 31 32 36 32 24 36 24 
mkozak3 18 40 18 24 24 17 17 31 31 32 32 
mhowe 18 27 27 12 40 12 18 18 18 28 28 18 40 18 18 18 
mguilfoi 18 40 18 18 24 24 
lnoe 18 40 18 24 24 
lmolinel 18 17 40 17 32 32 31 31 24 38 24 
lcalvo 18 40 18 18 18 17 17 31 31 32 32 
jshaw7 12 12 27 27 18 40 18 17 17 31 31 32 32 
jlucciol 18 40 18 17 17 31 31 32 32 24 24 
gfernand 18 40 18 17 17 31 31 32 32 
emccart4 18 40 18 31 31 18 40 18 17 17 32 32 24 24 
ehoch 18 40 18 24 24 17 17 
egardey 18 40 18 12 12 18 40 18 17 17 18 40 18 24 24 31 31 32 36 32 
ecook4 18 40 18 
eching 18 18 12 12 18 40 18 18 18 31 31 17 17 32 32 
dchatfie 18 27 27 18 40 18 18 18 
avilleg1 27 27 12 12 18 40 18 18 18 18 18 24 24 
astokes2 18 40 18 31 31 32 32 17 17 
aobert 12 12 28 28 27 27 18 40 18 17 17 31 31 32 32 18 18 
vlamoret 18 40 18 31 31 32 32 17 17 18 40 18 
tgarvey 18 40 18 17 17 18 18 32 32 31 36 31 
tandrew3 18 36 18 28 28 18 40 18 31 31 32 37 32 17 17 
shwang5 18 18 17 36 17 31 31 32 32 24 24 
sanez 12 12 27 36 27 18 40 18 18 
rhammon4 18 40 18 31 31 18 40 18 
ntoroczk 18 40 18 18 24 24 31 31 
msilva1 18 36 18 18 18 
mpfaff2 18 40 18 18 17 17 31 31 32 32 24 24 18 18 
mmille50 18 12 12 27 27 28 28 18 40 18 
mfeldma2 18 40 18 17 17 31 31 32 32 18 18 
mburns10 18 40 18 18 17 17 31 31 32 32 24 24 
kwood11 18 36 18 31 31 32 32 0 36 0 20 20 7 7 18 40 18 18 
koneill9 18 38 18 17 17 18 40 18 0 0 11 36 11 15 40 15 18 40 18 25 25 7 7 18 40 18 18 18 
kkoehnen 18 40 18 18 24 24 
kjamsek 18 40 18 24 24 
khenges2 18 40 18 18 30 30 18 40 18 18 17 17 31 31 32 32 
keichler 18 40 18 18 18 18 
jperretg 12 12 18 40 18 27 27 28 28 18 40 18 18 
jmoss1 18 18 28 28 27 27 12 12 18 40 18 32 32 31 31 17 17 
jmarcion 18 18 32 32 24 24 18 40 18 24 24 
jfollans 27 27 28 28 18 40 18 18 18 24 24 
jbaca1 18 
hoshiro 18 40 18 17 17 31 31 32 32 
gwiechar 18 12 12 27 27 18 40 18 18 
gbrown15 12 12 27 27 28 28 18 36 18 31 31 31 31 17 17 32 32 18 40 18 18 17 17 18 18 
emills1 18 40 18 31 31 17 17 32 32 
ejaques 18 36 18 18 18 17 17 31 31 32 32 
dapollon 27 36 27 12 12 28 28 18 40 18 18 18 18 
coppenhe 12 12 
cedmond3 12 12 27 27 18 40 18 18 
cduggan 18 40 18 17 17 31 31 32 32 
cassam 18 18 29 29 18 40 18 18 
btello 18 40 18 18 24 24 17 17 31 31 
agaraton 30 30 18 40 18 12 12 27 27 18 40 18 24 39 24 
adarrow 18 12 12 27 27 28 28 18 40 18 17 17 18 18 
abriggs3 28 28 18 40 18 17 17 31 31 
aaldave 18 18 18 
zmieczko 18 18 17 17 32 32 24 24 
ylin9 18 22 22 9 9 18 18 30 30 8 8 18 18 12 12 27 27 28 28 
wcumberl 12 12 18 40 18 27 27 28 28 18 40 18 18 17 17 31 31 32 32 
vmallett 18 40 18 31 31 24 24 
vkaranja 18 5 5 18 40 18 5 5 18 40 18 
thull 18 
thintz1 12 12 27 27 18 40 18 18 
swaltrip 18 40 18 18 17 17 31 31 32 32 24 24 
smurra11 18 40 18 17 17 31 31 32 32 24 36 24 18 37 18 
sbaker7 18 18 24 24 
rdesaint 18 12 12 18 39 18 12 12 18 40 18 18 18 
prothroc 18 18 18 18 17 17 31 31 32 32 18 18 
pconway3 18 40 18 24 24 31 37 31 32 32 
ogallahu 18 40 18 17 17 31 31 32 32 
nvadutha 18 
nsow 18 40 18 18 18 17 17 31 31 32 32 18 18 18 
mgouldin 12 12 27 27 28 37 28 18 40 18 18 
mdmochow 18 18 18 
mdauria 18 18 12 12 30 30 28 28 27 27 0 0 11 11 18 40 18 18 
jemory 18 40 18 17 17 31 31 32 32 
jdachill 18 18 12 12 27 37 27 18 40 18 
ilickona 18 40 18 24 24 
gpalmer 18 40 18 18 
eodrobin 18 18 12 39 12 27 27 18 40 18 18 
emoll1 12 12 27 27 28 28 18 40 18 
ebarron3 18 40 18 17 17 31 31 32 32 24 24 18 36 18 
dmcmurt1 18 40 18 
dlavelle 12 12 27 27 28 28 18 40 18 18 18 18 
dgriffi6 18 40 18 17 17 31 36 31 32 36 32 24 24 
cminetos 18 40 18 18 17 17 31 31 32 32 
chyry 18 40 18 18 31 31 
cfagan4 18 19 19 18 40 18 
bverrecc 18 17 17 
began4 27 27 28 28 18 40 18 17 17 18 40 18 17 17 31 31 32 32 
asteven4 18 18 18 12 12 27 27 28 28 18 40 18 18 18 18 18 18 
aoverlac 18 12 12 18 40 18 18 24 24 
ajbara 30 30 24 24 13 13 8 8 18 40 18 17 17 31 31 32 32 24 24 
acoury 18 40 18 24 24 18 18 18 
acontre3 18 
abanks3 18 18 27 27 12 12 18 40 18 18 
zdesch 18 18 18 12 12 27 27 18 40 18 17 17 
tnelson8 12 39 12 27 36 27 18 40 18 18 24 24 17 17 31 31 
sstenge1 18 40 18 17 17 31 31 32 32 
rziegler 18 40 18 30 30 8 8 18 40 18 17 17 
ntownley 18 39 18 27 27 18 18 12 12 18 40 18 24 24 17 17 31 31 32 32 
msteure1 18 18 27 27 18 40 18 17 17 32 32 31 31 
mdunn8 18 40 18 31 31 24 24 17 37 17 32 32 18 40 18 
kmarston 18 40 18 
jrohan 18 40 18 17 17 31 31 32 32 18 37 18 
jmiles7 18 40 18 24 24 17 17 31 40 31 32 37 32 
hpellegr 18 17 17 24 24 31 31 18 40 18 
hhadi 18 28 28 27 27 12 12 18 18 24 24 18 40 18 18 18 
gvalli 18 40 18 24 24 18 40 18 18 24 24 
gking6 18 18 
eolmanso 18 40 18 18 31 31 24 24 18 18 
dpatter6 18 27 27 18 40 18 18 18 18 
cwagne12 18 40 18 24 24 
cragsdal 18 40 18 17 17 31 31 32 32 18 18 
cmartyak 18 40 18 24 24 31 38 31 
cjoynes 18 18 18 17 17 32 32 31 31 
amille43 18 18 28 28 18 38 18 12 12 18 40 18 27 27 18 40 18 
agreer1 18 17 17 31 31 32 32 18 18 18 
acastano 18 12 12 27 27 27 27 28 28 24 24 18 40 18 18 
abakeis 18 40 18 18 18 24 24 
wtjaden 18 31 31 17 17 32 32 24 24 18 36 18 18 18 18 18 
tklein1 18 40 18 31 31 24 24 
srubio1 18 40 18 18 17 17 31 31 32 32 24 24 
sbrown34 18 40 18 24 24 18 18 
sbrady9 12 12 27 27 18 40 18 32 32 
rmille26 18 18 27 27 12 12 18 18 28 28 18 40 18 
omagdale 18 18 
nschoenb 12 12 27 27 28 28 18 40 18 
nsaladin 28 28 18 40 18 31 31 24 24 18 36 18 0 0 11 11 25 36 25 7 7 18 40 18 18 19 19 18 40 18 
norr 18 40 18 18 24 24 
nmungan 18 40 18 17 17 31 31 32 32 
nlukesh 18 18 24 36 24 18 36 18 31 31 
mvaughn1 18 40 18 24 24 
mford3 18 40 18 17 17 31 31 32 32 
lortiz3 12 40 12 27 36 27 28 38 28 18 40 18 18 
ksachen 18 40 18 24 24 17 17 31 36 31 
jtang1 18 40 18 28 28 18 18 12 12 18 40 18 
jsarubb1 27 27 12 12 18 40 18 18 24 24 12 12 18 40 18 32 32 31 31 17 17 
ggallagh 18 40 18 28 40 28 13 36 13 12 12 27 27 18 37 18 18 
gbrach 18 40 18 31 31 
drottenb 18 40 18 18 18 24 24 
csweene8 18 40 18 18 18 17 17 31 31 
crivers 18 
clogo 18 40 18 17 17 31 36 31 32 37 32 
cgrunha1 18 12 12 18 40 18 18 18 18 18 18 18 
amoran6 18 40 18 31 31 
trobbin1 18 40 18 18 27 27 12 12 18 40 18 
tmarvin 18 40 18 24 24 31 31 
teiden 18 38 18 27 27 18 40 18 18 24 24 18 18 
sratigan 18 28 28 27 27 12 12 18 40 18 18 
slee50 18 40 18 18 18 17 17 27 27 31 31 32 32 
sfisher6 18 36 18 27 27 18 40 18 
rcurran1 18 40 18 24 24 
pcliffor 18 40 18 24 24 
orubin 18 40 18 17 17 31 31 32 32 
nyano 18 27 27 28 28 18 40 18 
nskolds 12 12 18 40 18 
npratt 18 40 18 24 36 24 17 17 32 32 
mwinton 18 40 18 31 31 
mtrinh 18 24 24 17 17 31 31 32 32 
lsiela 12 12 18 40 18 
lenglish 18 37 18 18 0 0 11 11 20 20 18 18 17 17 31 31 32 32 
klacosta 18 18 
jzaarour 18 40 18 17 40 17 31 31 32 32 
jtrzask1 18 40 18 17 17 31 31 32 32 
jsheeha9 18 40 18 24 24 17 17 
jirwin2 27 38 27 28 28 18 40 18 
jhollan5 18 36 18 18 12 12 27 39 27 18 40 18 31 31 17 17 32 32 
jhoeksem 18 28 28 27 27 18 40 18 
jboyle8 18 12 12 27 27 28 28 18 40 18 18 18 24 24 
hfoley 8 8 13 13 12 12 27 27 28 28 18 40 18 18 17 17 31 31 32 32 
bcordel1 12 12 27 27 28 28 18 40 18 31 31 17 17 32 32 24 36 24 
amurra10 18 36 18 18 18 31 31 24 24 32 32 
amurph15 18 40 18 18 17 17 31 31 32 32 
aeiteljo 12 12 8 8 27 27 28 28 18 40 18 18 
abernocc 18 12 12 27 27 18 40 18 18 
vsmith3 12 12 27 27 28 28 18 40 18 
shunt3 18 40 18 18 31 31 
rmille27 18 28 28 27 27 12 12 18 40 18 
nwebste1 12 12 27 27 28 28 18 40 18 18 17 17 31 31 32 32 18 18 
nsanford 18 27 27 18 40 18 18 18 
ncasal 18 40 18 
mswiatek 18 40 18 18 17 17 32 32 
mseida 18 18 
meverett 18 40 18 17 38 17 31 36 31 32 32 
mbenz1 18 40 18 
kwatson3 18 40 18 18 17 17 31 31 32 32 
kmettler 27 27 28 36 28 18 40 18 18 
inordan 18 40 18 18 12 12 27 27 28 28 
eshea2 18 40 18 18 31 31 17 36 17 
ebaker11 13 13 8 8 24 24 30 30 18 40 18 18 29 29 18 40 18 12 12 28 28 18 40 18 17 17 31 31 32 32 
dspalins 18 
csusco 18 40 18 18 18 24 24 18 40 18 
ckronenb 18 40 18 18 17 17 31 36 31 32 32 
cdamore1 18 40 18 27 27 18 40 18 17 17 31 31 24 24 32 36 32 
camstut1 17 36 17 18 40 18 
aschomog 18 40 18 17 17 31 31 
tleytham 18 18 28 28 18 40 18 
rsmith54 18 40 18 18 18 17 17 32 32 31 37 31 
rondrula 12 12 18 40 18 18 
pflemin1 18 17 17 31 31 32 32 
mtcheuka 18 18 12 12 18 40 18 18 17 17 32 32 31 31 
msponem 18 40 18 18 18 17 17 31 31 32 32 24 24 
mnguye18 18 40 18 18 18 17 17 31 31 18 40 18 32 32 
mmurph49 18 18 28 28 24 24 12 12 27 27 18 40 18 32 32 18 40 18 17 17 
mmassar1 28 40 28 12 12 27 27 18 40 18 
mmacdon4 18 12 12 27 27 28 28 18 40 18 24 24 
mhellick 18 40 18 17 17 31 31 
mgorski2 18 17 17 31 31 32 32 
lknight1 18 40 18 18 18 18 18 32 32 31 31 17 17 
kdeye 30 30 18 40 18 
jsheehy1 18 40 18 17 17 31 31 32 32 
jharnes1 18 40 18 17 17 31 31 32 36 32 
jgorman7 18 18 18 17 17 
jbotek 18 27 27 12 12 18 40 18 24 24 18 18 
eoduro 18 40 18 17 17 31 31 32 32 24 24 
dobryan3 18 28 28 18 40 18 31 31 
ddelafe 27 27 12 12 28 38 28 18 40 18 18 18 18 
dbryck 18 12 12 18 40 18 24 24 18 18 18 
cmackle 18 27 27 12 12 28 28 18 36 18 18 18 
clance1 18 40 18 24 24 
cdevoto 18 27 27 12 12 18 40 18 31 31 24 39 24 18 18 
cbert 18 18 24 24 
alopez12 18 18 12 12 18 40 18 18 24 24 
zdreznin 18 18 18 18 
yfu1 18 12 12 27 27 28 28 18 40 18 17 17 31 31 32 32 
teckel 18 12 12 27 27 18 40 18 24 24 
tconnor6 18 40 18 18 
srodrig8 18 32 32 17 17 31 31 18 18 
spelayom 18 40 18 18 18 18 
risirahe 18 40 18 
rcole5 18 30 30 18 40 18 18 18 18 
mreisel 18 40 18 17 17 31 31 32 32 
mpiotrow 18 40 18 18 17 17 32 36 32 31 31 
mparson5 18 18 17 17 31 31 32 32 11 36 11 20 20 15 36 15 25 25 18 40 18 7 37 7 19 37 19 18 40 18 18 18 18 18 18 18 18 
mmccor14 18 12 12 27 27 28 28 18 40 18 
mgavigan 18 17 17 32 32 31 31 
mderane1 12 12 18 40 18 17 17 31 31 32 32 
lwesteme 18 18 18 18 31 31 17 17 32 32 
kcalhou3 18 18 12 12 12 39 12 27 27 28 28 18 40 18 24 24 17 17 31 36 31 32 32 
epatton2 18 40 18 17 17 31 31 32 32 
eflynn5 27 27 18 40 18 18 
efitzge4 18 40 18 18 24 24 
dtong 18 24 24 18 40 18 
cfreema5 18 18 12 12 18 36 18 27 27 28 28 18 40 18 
aleos 18 24 24 18 40 18 
tpernett 18 17 17 31 31 32 32 18 18 18 31 31 
tdicker1 28 36 28 12 39 12 27 27 18 40 18 17 17 
tcampbe5 18 17 17 31 31 32 32 
sprice9 18 30 30 18 18 8 8 18 40 18 18 18 18 
sperez3 18 40 18 18 17 36 17 31 31 
smeyer5 18 13 13 8 8 30 30 18 40 18 18 28 39 28 18 18 12 12 27 27 18 40 18 18 
sgarci10 18 40 18 
rward10 18 18 12 12 18 40 18 17 17 32 32 31 31 
rbeebe1 18 40 18 17 17 32 32 31 31 18 18 
oegbuonu 18 36 18 27 27 18 40 18 18 
mdeboske 18 
kweingar 18 13 13 12 12 28 28 27 27 18 40 18 
jhenige 18 40 18 17 17 31 31 32 36 32 18 18 
imckinne 18 31 31 
igrogan 18 40 18 18 17 17 31 31 32 32 18 18 
gsilva1 12 36 12 18 40 18 18 18 
gkim 12 12 27 27 28 36 28 18 40 18 31 31 32 32 
dpalmer4 18 40 18 17 17 31 31 32 32 
cmaher3 18 40 18 18 20 20 18 18 17 17 31 31 32 32 
cmacquar 18 12 12 27 27 28 36 28 18 40 18 18 
chartma2 18 
cbotta 18 18 18 18 18 18 18 
aurquijo 18 39 18 13 13 27 27 12 12 18 40 18 18 
asiegel1 18 40 18 17 17 31 31 32 32 
aherman2 18 27 27 28 28 18 18 18 18 18 18 
tsheeha1 27 27 18 40 18 18 18 18 
rstewar6 18 40 18 
rbrutvan 18 
ralban 18 17 17 32 32 31 31 
msicili1 27 27 12 12 28 28 18 40 18 30 30 18 18 
mquinn9 18 40 18 17 17 31 31 32 32 
marendt 18 27 27 18 40 18 17 17 32 36 32 31 31 
lwilli23 18 40 18 
lsavant 18 40 18 24 24 
jwenger1 12 12 18 40 18 
jknipe 18 18 18 18 12 12 
hvita 18 40 18 17 17 31 31 32 32 
hueland 18 18 31 31 
eospeck 30 30 18 40 18 18 27 27 12 39 12 18 40 18 18 18 
dmorris7 18 40 18 18 
dlagios 12 12 27 27 28 28 18 36 18 18 17 17 31 31 32 32 
csardi 18 40 18 17 17 18 18 
bnavarro 18 18 24 24 31 38 31 
bdahnke 18 18 18 
tleeker 12 12 27 27 24 24 11 39 11 25 25 7 7 15 15 18 40 18 
tcantway 18 18 18 24 24 17 17 
mrush 18 40 18 18 31 31 24 24 18 39 18 17 40 17 32 37 32 
mandrea1 18 40 18 
kmichael 27 27 18 40 18 24 24 31 31 
khogan6 27 36 27 12 12 18 40 18 18 
jhallenb 18 18 
gdoughe1 18 40 18 12 12 27 27 28 28 18 40 18 
efurlo 18 40 18 24 24 
dgrime 18 40 18 18 18 
cyounkle 18 
chult 18 28 28 12 12 27 27 18 40 18 17 17 31 31 32 32 24 24 
carmstr2 18 28 28 12 12 18 40 18 
braimann 18 18 12 12 27 27 18 40 18 
bhuls 17 17 32 32 31 31 
wolafsso 18 28 28 27 27 12 12 18 40 18 18 18 18 
sewart 18 40 18 18 17 17 31 31 32 32 
rcook4 18 18 18 24 24 17 17 
ppilawsk 18 27 27 18 36 18 28 28 18 40 18 
pmagner 18 40 18 
ngaines 18 40 18 13 13 8 8 18 40 18 12 12 27 27 18 40 18 17 17 31 31 32 32 
lsantama 18 40 18 18 17 17 31 31 32 32 
kfarr1 18 12 12 18 40 18 27 27 28 28 18 40 18 18 18 18 18 18 31 31 24 36 24 18 40 18 
jcobb2 18 40 18 
ddonnel1 18 40 18 31 31 32 32 18 18 
cmorin2 18 18 18 18 13 13 27 27 18 18 18 18 
bsantan1 18 36 18 30 30 18 40 18 18 12 12 28 28 18 40 18 
acohen1 18 18 28 28 
tmaloney 18 17 17 32 32 31 31 
swilli32 27 27 12 12 18 40 18 18 18 
smyers5 18 12 12 27 27 28 28 18 40 18 18 24 24 18 18 
shayes6 18 
