dtorgers 18 11 11 100
cdavin1 18 18 18 18 18 18 1 1 18 40 18 18 14 14 18 40 18 1 1 18 40 18 18 14 14 18 40 18 18 25 25 14 14 5 5 100
alebron1 18 25 25 14 14 5 5 18 40 18 18 18 25 25 18 40 18 18 18 18 18 0 0 18 38 18 18 18 18 25 25 5 5 14 14 18 39 18 18 100
ccooper8 18 18 18 18 14 14 18 40 18 18 18 18 18 14 14 18 40 18 18 18 18 18 18 18 18 18 18 18 18 18 18 14 14 18 18 25 25 5 36 5 18 18 18 100
nweindel 18 18 18 18 18 14 14 18 36 18 18 18 18 18 18 18 18 18 18 18 14 14 25 36 25 5 5 100
ntownsen 18 39 18 11 11 24 24 18 40 18 18 18 18 18 18 18 14 14 18 40 18 18 18 14 14 18 40 18 18 18 14 14 18 40 18 5 5 18 18 18 18 18 18 25 25 100
jberg2 18 18 100
fhita 18 100
mmcfarli 18 40 18 18 18 18 18 18 18 18 18 18 14 14 18 40 18 18 25 25 5 5 18 37 18 100
mlengwin 18 18 18 18 18 18 18 18 18 18 25 25 5 5 18 39 18 18 14 14 18 40 18 100
kwurl 18 37 18 18 18 18 14 14 18 40 18 18 18 18 18 18 18 18 14 14 5 5 25 25 100
ccampb20 18 36 18 100
pbrown10 18 5 5 100
rdiejoma 18 40 18 18 18 18 18 0 0 25 25 5 5 18 18 14 14 100
drogers1 18 39 18 18 18 18 18 18 18 18 14 14 25 25 5 36 5 18 36 18 100
cdelpila 18 0 0 27 27 14 14 18 40 18 14 14 18 39 18 18 18 14 14 18 40 18 18 18 14 14 18 18 18 1 1 14 14 18 18 18 18 14 14 5 5 25 25 0 37 0 18 40 18 100
cbolivar 18 25 25 5 36 5 100
muhlenbr 18 18 18 18 18 18 18 18 18 18 18 18 18 18 18 18 18 18 25 25 14 14 5 36 5 18 36 18 100
msmith75 18 18 18 18 14 14 5 5 25 36 25 18 40 18 18 18 14 14 100
pmcguir2 18 18 18 18 18 25 25 5 5 100
jstaten 18 18 18 18 0 0 18 40 18 18 18 25 25 5 5 18 40 18 100
mgirod 18 36 18 100
zgartenh 18 18 18 18 18 18 18 5 5 18 40 18 18 18 0 0 18 18 18 14 14 5 40 5 25 25 18 40 18 100
alabella 18 40 18 18 14 14 25 25 5 36 5 100
bferrer1 18 100
pcataldi 18 40 18 100
aohri 18 18 18 18 18 0 0 0 36 0 18 18 100
pklekamp 18 18 100
amccar10 18 18 1 1 14 14 18 18 18 18 18 18 25 25 5 36 5 100
nwamble 18 18 18 18 18 18 18 18 18 100
wwu5 18 18 14 14 25 25 5 5 100
wsuter2 18 40 18 18 18 18 18 18 18 25 25 5 5 18 40 18 100
thowe1 18 18 18 18 18 18 18 100
mmian 18 25 25 1 1 5 5 100
jhouge 18 18 18 18 18 18 1 1 27 27 18 18 18 18 18 18 18 100
slemaign 18 18 18 18 18 18 18 18 25 25 5 5 14 14 100
ldamoose 18 18 14 14 25 25 18 40 18 5 5 18 39 18 100
sburnbau 18 18 100
nwarren 18 18 18 18 18 18 18 18 18 18 14 14 25 25 5 36 5 100
bconnol3 18 18 18 18 14 14 5 5 25 25 18 18 18 100
rheitkam 18 40 18 18 18 18 18 18 18 18 25 25 14 14 5 5 100
jmullike 18 18 100
chickey3 18 18 18 18 18 18 18 18 18 18 18 18 18 18 18 18 100
athoma24 18 37 18 18 18 18 18 18 18 18 14 14 18 18 18 18 18 18 18 18 18 25 25 5 5 100
rgensler 18 18 18 18 18 18 18 18 18 18 14 14 18 18 18 18 18 14 14 25 25 5 5 100
kthornt4 18 40 18 18 18 18 18 18 18 18 18 18 18 18 18 18 18 18 18 18 25 25 5 5 18 36 18 18 100
pvlandis 18 18 25 25 5 36 5 18 40 18 100
mmizraji 18 40 18 14 14 18 40 18 18 5 5 25 25 18 40 18 14 14 100
zpavlin 18 18 18 18 18 14 14 25 25 5 5 100
ydeng3 18 40 18 100
kfox8 18 39 18 18 18 18 18 18 18 18 18 25 25 5 5 100
lsulli11 18 18 18 25 25 5 5 18 40 18 100
jgorman6 18 18 18 18 18 18 18 100
enunez 18 18 100
jdirksen 18 14 14 18 40 18 18 100
whornby 18 100
jwade5 18 18 100
mblatt1 18 36 18 18 18 18 18 18 18 25 39 25 5 36 5 100
jowusuko 18 0 0 18 18 0 0 18 40 18 18 18 0 0 18 18 14 14 18 18 25 25 5 36 5 18 40 18 100
mmang 18 18 18 18 18 100
waberger 18 18 14 14 5 5 18 18 25 25 18 40 18 18 100
llombar2 18 40 18 14 14 25 25 5 5 100
gkaiser 18 27 27 18 18 14 14 25 25 5 36 5 100
koconn27 18 18 5 5 100
aweishan 18 18 18 14 14 18 40 18 0 0 18 18 14 14 5 37 5 25 39 25 100
mcaskey 18 100
jguarino 18 18 18 18 18 100
cseymou2 18 40 18 18 18 18 18 14 14 25 25 5 5 14 14 100
dplagenz 18 40 18 18 18 25 25 14 14 5 5 18 40 18 5 5 25 25 100
csasso 18 18 14 14 25 25 5 36 5 18 40 18 18 14 14 5 5 25 25 100
amccar11 18 100
yshi6 18 18 14 14 18 18 22 22 18 40 18 8 8 14 38 14 18 18 0 0 1 1 18 40 18 5 5 25 25 18 40 18 18 12 12 28 36 28 9 9 14 14 28 28 18 40 18 18 21 21 29 29 20 20 14 14 18 39 18 18 18 18 18 18 14 14 13 13 15 15 18 40 18 13 13 15 15 14 14 18 36 18 18 18 18 2 2 6 6 30 30 18 36 18 18 18 18 4 4 17 17 31 31 18 40 18 18 18 18 100
minoue2 18 18 18 18 18 18 14 14 25 25 18 40 18 14 14 5 5 100
jwinebre 18 14 14 18 18 25 25 5 5 100
sgalbens 18 100
jlazzara 18 18 25 25 5 5 100
vruesch 18 18 18 0 0 18 18 18 18 18 14 14 18 18 18 18 18 18 25 25 5 5 100
nniere 18 18 27 27 18 36 18 18 18 24 24 18 40 18 18 18 18 11 11 18 40 18 18 18 18 18 0 0 100
ghong 18 18 18 0 0 25 25 5 5 14 14 100
bhogan1 18 37 18 0 0 18 40 18 18 18 18 18 18 18 18 18 14 14 25 25 100
wdu 18 18 18 18 100
tmercier 18 18 18 18 18 18 18 14 14 18 40 18 25 25 5 36 5 100
esunshi1 18 18 18 25 25 5 5 18 40 18 18 18 18 18 18 18 18 18 0 0 100
eevans9 18 18 27 27 1 36 1 18 40 18 18 0 0 18 18 14 36 14 18 40 18 18 100
bkenney1 18 40 18 25 25 5 5 0 0 100
cdieckma 18 5 5 18 40 18 18 0 0 18 36 18 25 25 5 5 100
mcoggins 18 18 25 25 18 18 14 14 5 5 100
lblitzer 18 40 18 100
jdelledo 18 18 18 14 14 18 37 18 25 25 5 36 5 100
mfreedlu 18 18 18 18 18 18 5 5 25 25 18 39 18 100
tprice4 18 36 18 100
lbarret2 18 18 18 18 18 14 14 18 40 18 18 5 5 18 40 18 25 25 100
eralph 18 18 25 25 5 38 5 100
bhalliga 18 18 25 25 5 5 100
sroennec 1 1 14 14 18 40 18 14 14 18 40 18 18 14 14 18 18 18 18 18 18 25 25 5 5 14 14 100
jmurph32 18 39 18 18 18 18 18 18 14 14 18 18 25 25 5 36 5 18 18 100
cfrentze 18 40 18 18 14 14 25 25 5 5 100
mnewcome 18 40 18 100
jsitarsk 18 18 25 25 5 5 100
tpreko 18 40 18 18 18 18 18 14 14 25 25 18 40 18 5 5 14 14 25 25 18 40 18 100
mtreacy 18 18 18 18 25 25 5 38 5 18 18 100
ccampb21 18 18 18 18 18 1 1 18 40 18 18 18 18 18 100
rrivera8 18 5 5 18 40 18 25 25 18 18 14 14 10 39 10 14 14 100
rblack4 18 18 18 18 18 18 25 25 5 5 100
jwelsch 18 18 18 25 25 5 5 100
jgately1 18 40 18 18 18 5 5 100
gdean 18 18 18 18 18 18 18 18 18 18 100
ewigutow 18 100
dgibbon2 18 18 18 18 100
cmorton2 18 18 100
mrooney6 18 100
mmoran12 18 18 18 18 18 18 25 25 5 36 5 18 38 18 100
jwalte10 18 40 18 18 18 18 25 25 5 5 14 14 100
jcarney6 18 18 18 18 5 5 18 40 18 25 25 14 36 14 18 39 18 18 18 100
pmeyer3 18 40 18 18 14 14 18 40 18 18 25 25 5 5 18 36 18 100
icallaha 18 18 18 18 18 5 5 14 14 25 36 25 5 36 5 100
dtoth1 18 18 18 18 18 18 18 25 36 25 5 5 100
kkostola 18 18 14 14 25 25 5 5 100
dlee26 18 14 14 25 25 5 5 100
yying 18 40 18 100
swagy 18 18 18 18 18 18 18 14 14 18 40 18 18 25 25 100
rroque1 18 18 18 18 18 18 18 100
kdantoni 18 18 14 14 25 25 5 5 100
wmohler 18 40 18 18 25 39 25 5 36 5 14 14 18 36 18 18 14 14 100
lklein1 18 18 18 18 25 25 5 5 18 40 18 18 100
jbecker9 18 100
hrague 18 40 18 18 18 18 18 18 18 14 14 25 25 5 5 100
cott 18 40 18 18 25 25 14 14 25 40 25 5 5 14 14 100
mholzbau 18 39 18 5 5 25 25 14 37 14 100
mhawkin3 18 18 18 18 14 14 18 40 18 25 25 14 14 100
lharmon 18 18 18 14 14 18 40 18 25 25 5 36 5 100
elazzaro 18 18 18 18 100
tburley 18 40 18 100
shenn 18 18 18 18 18 18 18 25 25 18 40 18 18 18 18 18 5 5 100
jgomez5 18 18 25 25 5 5 18 38 18 100
jfries3 18 18 25 25 5 5 100
bniemoel 18 18 1 1 14 14 18 40 18 14 14 1 1 18 40 18 18 18 100
kriordan 18 18 18 18 18 18 100
jmurph33 18 18 25 25 14 14 18 18 18 5 5 100
dcorr1 18 18 18 18 100
cemenalo 18 25 25 18 36 18 5 5 100
yjung2 18 40 18 18 18 100
rpappas 18 40 18 18 18 18 18 18 25 25 5 5 100
mmerric1 18 39 18 100
mdosch 18 18 0 0 18 36 18 18 100
jbettag 18 100
jbernin1 18 40 18 25 25 5 5 100
gbruenin 18 0 0 18 18 5 5 25 25 18 40 18 18 100
ddallava 18 18 18 18 18 18 14 14 5 5 18 40 18 5 5 14 14 25 25 18 40 18 100
cgamboa 18 40 18 18 18 100
nquartir 18 40 18 18 5 5 18 40 18 18 18 25 25 100
lfaubion 18 18 100
cwilso24 18 18 18 18 14 14 5 5 25 25 100
aursino1 18 18 14 14 18 40 18 100
msummer2 18 18 18 18 18 18 25 25 5 5 100
kramm 18 40 18 18 25 36 25 18 39 18 5 5 100
jchapple 18 100
jbonds 18 14 14 25 25 5 5 18 37 18 100
dbirzer 18 100
cfish 18 40 18 18 18 0 0 5 5 25 25 12 36 12 20 20 18 40 18 18 5 5 14 14 25 25 18 40 18 100
nholmes1 18 25 25 5 36 5 100
ngiovino 18 14 14 25 25 5 36 5 100
eherber1 18 40 18 25 25 5 5 100
cgallag3 18 18 14 14 18 40 18 18 18 18 25 25 14 14 18 18 5 39 5 100
tzheng2 18 27 27 1 36 1 18 40 18 18 18 1 1 18 40 18 100
mgerber 18 100
jcolli23 18 14 14 5 5 18 40 18 18 18 18 25 25 14 14 5 5 18 40 18 100
awalton3 18 40 18 100
vwhitmor 18 39 18 18 18 18 18 25 25 14 36 14 5 5 100
rpellica 18 14 14 18 18 18 5 5 25 25 100
rmyers9 18 40 18 18 18 25 25 5 5 18 40 18 14 36 14 100
mdillon7 18 40 18 14 14 28 28 100
jdoerer 18 100
gbiltz 18 40 18 100
aheck1 18 18 18 18 18 18 14 14 18 40 18 5 5 25 25 18 18 25 25 100
ucooper 18 40 18 1 1 18 18 18 18 18 18 14 14 25 38 25 5 5 100
rschill1 18 40 18 18 100
mschlic1 18 40 18 0 0 18 18 5 5 100
mperry6 18 36 18 100
jfenton1 18 37 18 5 5 25 25 18 40 18 25 25 14 14 18 40 18 100
csauder 18 18 18 14 14 18 40 18 18 18 1 1 27 27 18 37 18 18 18 18 18 100
alowney 14 14 18 18 18 18 100
zkagalw1 18 5 5 100
swilkin4 18 14 14 18 40 18 18 18 100
imarx 18 100
cschmid7 18 18 18 100
awang4 18 18 1 1 27 27 14 36 14 18 40 18 18 14 14 25 25 5 5 18 18 100
abenavi3 18 18 18 18 5 5 14 14 25 25 100
sweyhmil 18 37 18 100
sgenz 18 18 18 14 14 18 40 18 18 18 25 25 5 5 18 39 18 100
mwu4 18 18 18 18 18 8 8 14 40 14 18 40 18 18 18 18 100
jleporte 18 25 25 5 5 100
adichris 18 18 5 5 25 25 5 36 5 100
scrotty1 18 38 18 18 25 25 5 5 14 37 14 100
pfarring 18 0 0 18 18 18 100
pdesousa 18 1 1 100
mkuehl 18 18 25 25 5 5 18 18 100
lfitter 18 18 18 18 18 100
kenriett 18 18 18 25 25 5 5 100
jruan 18 40 18 100
hzahour 27 27 18 37 18 18 100
emostyn 18 18 25 25 5 36 5 100
edohert1 25 25 100
amellert 18 18 100
aandrade 18 18 0 0 25 25 5 5 100
tdann 18 18 100
sielusic 18 18 100
mlicursi 18 18 14 14 5 5 25 25 100
mdrake2 18 18 18 18 18 14 14 5 39 5 25 25 100
lhe3 18 40 18 100
inegroro 18 40 18 18 18 18 14 14 18 40 18 25 25 5 5 100
afonash 18 18 18 5 5 12 12 25 25 100
obarnard 18 18 25 25 5 5 100
nbenz 18 18 14 14 5 5 18 18 25 25 18 18 100
lhuang3 18 18 18 18 25 25 5 5 100
jwessele 18 18 18 18 18 14 14 25 25 5 36 5 100
jmastron 18 100
dmarino 18 36 18 25 25 5 5 100
cpickfor 18 37 18 9 36 9 5 5 100
obaitlot 18 18 100
kmollenk 18 40 18 100
ccarlso2 18 100
bmoreno1 18 36 18 18 18 18 18 100
smanriqu 18 40 18 18 18 18 25 25 5 5 18 18 14 14 18 40 18 25 36 25 18 37 18 5 5 0 36 0 100
mmillado 18 39 18 18 18 18 18 18 100
mferrel2 18 18 25 25 5 5 100
ldougla3 18 18 18 5 5 25 25 100
jmcconn1 1 1 18 18 27 39 27 18 40 18 18 5 40 5 100
ecahill 18 18 5 5 18 40 18 100
dshaw4 18 40 18 18 18 18 18 14 14 25 25 5 36 5 100
alucche1 18 40 18 18 18 100
odonnel1 18 18 25 25 5 5 100
mpirko 18 18 18 0 0 18 18 14 14 25 37 25 5 5 100
mlyden1 18 40 18 100
mdekold 18 18 14 14 25 25 5 36 5 18 36 18 100
eschnaut 18 40 18 18 18 18 18 18 18 100
esalina1 18 100
adiederi 18 18 14 14 5 5 18 40 18 25 25 14 14 5 5 100
sholtz1 18 40 18 18 25 25 5 5 24 24 11 11 100
sdann 18 36 18 100
pkolek 18 5 5 25 25 18 40 18 100
nhaymond 18 14 14 25 25 5 40 5 100
kmuha 18 40 18 18 14 14 18 40 18 18 18 14 14 25 25 5 5 100
kfeehan 18 100
kalme 18 40 18 18 100
ivaldess 18 0 0 18 40 18 18 14 14 25 25 18 40 18 18 5 5 100
esmith30 18 100
ctoudouz 18 38 18 100
sreddy4 18 100
rboylan 18 18 18 0 0 18 18 0 40 0 18 18 25 25 5 5 100
ncheng 18 18 18 18 5 5 14 14 18 18 25 25 100
jzelinsk 18 18 18 18 18 18 14 14 1 1 25 25 5 5 100
jcuji 18 18 18 100
gworthin 18 40 18 18 14 14 5 5 25 25 100
dfabrega 18 40 18 18 18 18 14 14 18 40 18 100
angov 18 18 18 18 14 14 25 25 18 40 18 18 25 25 5 36 5 100
adunniga 18 18 18 25 36 25 5 5 100
skolda 18 14 14 5 5 25 25 100
scrippes 18 18 25 25 100
mschutze 18 37 18 5 5 25 25 18 18 14 14 100
mpavloff 18 18 14 14 18 37 18 25 25 5 5 100
lnixon1 18 18 18 25 25 5 36 5 18 40 18 100
kmurray7 18 40 18 18 0 0 18 40 18 18 14 14 25 25 5 5 100
jshard 18 18 18 14 14 25 25 18 40 18 5 5 100
hthomps4 18 18 1 1 18 40 18 18 100
ewood1 18 40 18 100
estrouse 18 14 14 5 5 25 25 100
sekanay1 18 14 14 5 5 25 25 18 40 18 100
odegnim 18 18 100
kcox5 18 18 14 14 25 25 5 5 100
kborotho 18 40 18 100
jbertram 18 40 18 100
hbyrne 18 40 18 25 25 5 5 14 14 100
ggulyas 18 37 18 18 18 18 18 25 25 14 36 14 5 5 100
ekeuler 18 18 18 25 25 5 5 18 40 18 100
egeyer1 18 40 18 25 25 5 5 18 40 18 25 25 5 5 14 14 100
dlong2 18 18 14 14 25 39 25 5 5 100
bpierpoi 27 27 18 40 18 18 18 18 100
apavelka 18 25 25 5 5 14 14 100
rbartle1 18 18 100
nyusko1 25 25 100
motten1 18 18 25 25 25 25 5 5 100
molsen3 18 100
mdambros 18 1 1 18 18 18 18 18 100
kmountf1 18 18 18 18 0 0 25 25 5 5 14 14 18 37 18 100
jeversol 18 40 18 18 18 18 18 14 14 25 25 5 5 100
etorrent 18 5 5 18 40 18 25 25 1 36 1 100
ereynol5 18 25 25 5 5 14 14 18 40 18 100
epark5 18 18 18 18 5 5 14 14 25 25 100
dpatel2 18 40 18 0 0 18 40 18 18 0 0 14 14 25 25 5 37 5 18 40 18 14 14 100
cmoreno5 18 18 18 18 25 25 18 40 18 100
bgawel 18 18 18 18 18 18 18 100
bconlon 18 14 14 18 18 18 8 8 18 18 18 18 27 27 14 14 18 38 18 18 14 14 18 40 18 18 14 14 100
apanousi 18 25 25 14 14 100
tngochi 18 40 18 100
tdasso 18 40 18 18 100
rwittmer 18 18 18 0 0 1 1 18 40 18 18 18 100
rvazza 18 100
nhong 18 18 25 25 5 36 5 28 37 28 12 12 9 9 18 40 18 18 18 18 18 0 0 100
mrohling 18 40 18 18 0 0 18 36 18 100
dsmith53 18 40 18 18 18 0 0 100
cdowicz 18 100
bnakfoor 18 18 18 25 25 18 36 18 5 5 100
akhemani 18 18 18 18 18 18 18 100
ahughes8 18 37 18 18 18 18 18 18 25 40 25 100
tperey 18 14 14 18 39 18 25 25 5 5 18 36 18 100
pbetz 18 100
mmccor15 18 18 18 18 18 18 18 0 0 18 18 25 25 5 5 100
mgray10 18 40 18 18 18 14 14 100
mfraizer 18 18 100
lherna11 18 18 1 1 14 14 18 39 18 5 5 18 40 18 18 25 25 5 5 14 14 100
jmolumph 18 18 18 18 25 25 5 5 100
hzweberl 18 18 18 18 18 14 14 25 25 5 37 5 18 39 18 100
dserafin 18 40 18 18 18 18 14 14 5 5 25 25 100
bpowell4 18 18 25 25 5 5 14 14 18 18 100
mdownin1 18 40 18 18 14 14 25 36 25 5 5 18 36 18 100
lduggan 18 40 18 14 14 25 25 5 5 100
kmclaug3 18 100
kbulleit 18 36 18 18 18 18 18 14 14 5 5 25 25 18 18 25 25 5 5 100
jplas 18 18 18 12 12 14 39 14 29 29 20 20 18 40 18 21 21 18 40 18 18 100
jbrown36 18 18 25 25 100
dkim30 18 36 18 100
cpantin 18 100
cmyers11 18 25 25 5 5 100
amora2 18 40 18 100
adrisco2 18 100
xtsai 18 18 18 18 14 14 25 25 5 5 100
nisakson 18 0 0 18 18 18 18 18 18 18 100
kmurph44 18 36 18 100
ibushue 18 100
enichol4 18 18 14 14 25 25 5 5 18 40 18 25 25 5 5 100
egroth 18 39 18 18 18 14 14 5 5 25 25 100
aheinzma 18 40 18 100
adecker1 5 5 25 25 100
aameen 18 40 18 0 0 18 18 18 5 5 25 36 25 14 36 14 18 39 18 100
zwall 27 27 1 36 1 18 40 18 18 18 18 5 5 18 40 18 25 25 14 36 14 100
smonaha1 18 18 18 18 18 18 18 5 40 5 18 40 18 18 18 5 38 5 25 40 25 18 37 18 18 18 14 14 12 12 18 40 18 18 100
sdeschne 18 40 18 18 14 14 18 40 18 5 5 25 25 100
mowen 18 40 18 18 18 18 25 25 5 36 5 18 40 18 18 100
lwatts1 18 18 1 1 18 40 18 18 18 18 18 14 14 25 25 5 36 5 100
krochefo 18 18 18 100
gniforat 18 18 100
evandier 18 100
eclapp 18 25 25 100
awaldsch 18 40 18 25 25 5 5 18 39 18 100
adevito1 18 40 18 18 18 25 25 100
tsilva1 18 18 100
oivan 18 5 5 14 14 18 38 18 100
mmarti45 18 100
mjorden 25 25 5 5 14 14 100
ldorenko 18 40 18 14 14 18 18 25 25 5 36 5 18 39 18 18 18 100
ktracey 18 18 14 14 18 18 25 36 25 5 5 100
krothmey 18 40 18 100
kbiladea 18 18 5 5 25 25 100
jweas 18 25 36 25 5 5 18 40 18 18 25 25 5 5 18 18 14 14 100
jgoldsch 18 18 18 18 14 14 25 25 5 5 100
jdraves 18 18 25 25 5 5 18 40 18 18 18 14 14 100
gotte1 18 100
etruesda 18 40 18 28 28 12 12 9 9 14 14 100
emeara 18 40 18 100
cnilsen 18 18 25 25 5 5 18 40 18 18 14 14 5 5 100
bmurph24 18 40 18 14 14 25 25 5 36 5 100
azammit 5 5 100
arabbitt 18 18 25 25 29 29 5 5 100
wcheong 18 18 14 14 25 25 5 5 100
kmoran11 18 100
kgalla21 18 18 18 18 0 0 18 18 14 14 18 18 25 25 5 5 100
kgalla20 18 18 18 25 25 5 36 5 100
kfranz1 18 18 1 1 27 27 14 14 100
jsutton3 18 39 18 14 37 14 25 25 5 5 100
jhegart2 18 40 18 14 14 100
japplew1 18 18 18 18 18 100
imurrer 18 14 14 18 18 25 25 18 40 18 100
fschemel 18 18 18 18 18 18 14 14 25 25 5 5 100
fprimozi 18 14 14 8 8 18 36 18 1 1 27 27 25 38 25 5 5 28 36 28 12 12 9 9 21 37 21 20 20 29 29 15 37 15 13 13 2 2 6 6 30 30 17 17 4 4 34 34 7 7 10 10 26 36 26 19 19 32 32 23 23 33 33 18 40 18 18 18 18 18 18 18 18 100
elinares 18 18 18 18 25 25 5 5 100
cmulshin 18 14 14 18 40 18 25 25 5 36 5 100
cmagnuss 18 40 18 14 14 18 40 18 18 18 5 39 5 25 40 25 100
ccleary1 18 18 5 5 18 18 100
abohling 18 100
mscanish 18 40 18 18 5 5 25 36 25 100
lkim3 18 40 18 25 25 5 36 5 14 14 100
lgrabows 18 18 25 25 5 5 100
lcaffar1 18 18 18 18 18 18 14 14 25 25 5 36 5 100
kliang2 18 27 27 14 14 1 1 18 40 18 14 14 18 40 18 18 18 14 14 18 40 18 25 25 5 5 18 40 18 100
hcheng1 18 37 18 5 5 100
bmerrick 18 18 18 14 14 25 25 5 5 100
bgagnon 18 40 18 18 5 5 25 25 14 14 100
tmansell 18 18 0 0 18 18 18 18 25 25 18 36 18 5 5 100
rrocco 18 40 18 18 14 14 25 25 18 37 18 25 25 100
rpuno 18 36 18 18 18 18 18 18 14 14 25 25 5 5 100
lyan4 18 18 18 18 5 5 14 14 25 25 100
kpresteg 18 40 18 18 18 18 18 18 25 25 100
jbaines 18 40 18 18 25 25 5 38 5 100
blemay 18 5 5 18 36 18 25 25 100
aromano2 18 18 18 18 18 0 0 14 14 25 25 5 5 18 37 18 100
alongsta 18 18 18 18 14 14 25 25 5 5 100
szachari 18 40 18 18 14 14 18 18 25 37 25 5 5 100
spalumb1 18 40 18 25 25 14 14 5 5 100
pcamara 18 100
operez2 18 18 18 18 14 14 25 25 5 5 18 39 18 100
nvincent 18 25 25 5 36 5 100
lgelin 18 40 18 28 28 12 36 12 9 9 100
ldomenel 18 100
lcho 18 8 8 18 39 18 18 14 14 1 1 27 27 18 18 18 18 18 14 14 18 40 18 18 14 14 25 25 18 40 18 5 5 100
jpaul2 18 100
ischmitz 18 100
egorman5 18 18 14 14 18 36 18 18 25 25 14 14 5 5 100
eeagle 18 25 25 5 5 100
dallen13 18 18 100
cdenzel 18 40 18 18 18 14 14 25 36 25 5 36 5 100
asowell 18 25 25 5 5 100
yzou2 18 1 1 18 40 18 18 18 18 18 100
speter14 18 40 18 100
pmcmonag 18 40 18 18 14 14 18 40 18 25 25 5 5 100
kpaulsen 18 18 14 14 18 40 18 25 25 5 38 5 100
kjacoby1 18 18 14 14 18 18 100
jruane 18 25 25 5 36 5 18 36 18 18 100
jdodig 18 18 18 18 100
gcramer1 18 100
everhey 18 100
esoller 18 100
egorman6 18 40 18 18 18 1 1 27 27 18 39 18 18 25 25 18 18 100
ckotseos 18 18 25 25 5 5 100
cganley 18 5 5 25 40 25 14 36 14 100
bfraser 18 25 25 5 5 100
asweet 14 14 25 25 100
apaik 18 18 14 14 25 25 100
thuber1 18 36 18 18 14 14 25 25 5 5 14 36 14 100
sincera 18 18 100
phennes2 18 18 18 18 18 18 14 14 100
msahd 18 40 18 100
mcabrer1 18 5 5 25 36 25 100
kkolleck 18 40 18 18 18 14 14 25 25 18 40 18 5 5 100
jreeg 18 40 18 18 27 27 18 40 18 100
jgonnard 18 100
hsarkey 18 18 14 14 25 25 5 5 100
hholden 18 40 18 18 25 25 18 40 18 14 14 25 25 5 5 100
epil 18 18 18 18 14 14 100
trogers6 18 25 25 18 18 14 14 5 36 5 100
tfross 18 40 18 14 14 25 25 5 36 5 100
taguirre 18 18 100
sbindel 5 5 100
rmaqbool 18 36 18 100
kcockrel 18 40 18 18 18 24 24 18 40 18 100
jmarino6 18 18 18 18 0 0 14 14 5 5 18 40 18 25 25 5 36 5 100
eguenthe 18 18 18 18 1 1 27 27 18 40 18 27 27 14 14 18 18 18 18 18 18 18 100
ecaradon 18 18 18 1 1 18 40 18 18 18 18 14 14 18 18 18 18 18 25 25 100
creid4 18 18 18 18 14 14 18 40 18 18 14 14 25 25 5 5 100
carizama 18 18 14 14 5 5 25 25 100
anataraj 18 5 37 5 25 40 25 100
svukovit 18 36 18 18 25 25 5 5 100
msteph11 18 14 14 25 39 25 5 5 100
mraster 18 40 18 18 25 25 5 5 18 36 18 100
lbognar1 18 40 18 18 5 5 18 40 18 25 25 100
lbakke 18 25 25 5 5 100
jzacher 18 40 18 18 18 25 25 5 5 100
jheath3 18 40 18 18 14 14 18 36 18 18 25 25 5 36 5 18 37 18 100
hduan 18 18 0 0 100
gvargas 18 18 14 14 18 18 25 25 5 37 5 100
erogan 14 14 18 40 18 25 25 5 5 100
epuntill 18 0 0 18 18 25 25 14 36 14 5 5 100
ebarthel 18 18 25 25 18 40 18 18 5 5 100
eallgaie 18 18 18 0 0 18 18 18 100
dlipa 18 40 18 18 14 14 25 25 5 5 100
csmith71 18 18 5 5 25 25 14 14 100
clucas4 18 18 14 14 18 40 18 14 14 5 37 5 18 40 18 14 14 25 25 5 36 5 100
clowney1 18 14 14 25 25 5 5 100
bsailer1 18 18 14 14 5 5 25 25 100
bburger 18 18 100
bbishop2 18 18 18 14 14 25 25 5 5 100
alifka 18 18 100
alee25 18 40 18 100
ttarkles 0 0 5 5 18 40 18 25 25 18 18 5 5 18 40 18 18 18 100
tkhong 18 25 25 5 36 5 100
sschmit1 18 5 5 100
rsulli13 18 18 18 18 18 18 100
plally 18 100
mwhelan3 5 40 5 100
mmccabe6 18 40 18 18 14 14 5 5 25 25 100
mkeller6 18 27 27 1 1 18 40 18 18 100
mhare1 18 100
mdadamio 18 40 18 100
khinish 18 1 1 27 27 14 14 18 37 18 18 18 18 18 18 0 39 0 18 39 18 100
hschwart 18 40 18 100
hparkhil 18 18 25 25 5 5 100
emcdowel 27 27 18 36 18 18 18 25 25 18 38 18 18 100
dnaquin 18 18 25 25 5 5 100
abenedic 18 25 25 5 5 18 36 18 18 14 14 18 40 18 100
wdefaria 18 18 1 1 18 18 18 18 18 18 25 25 5 36 5 100
tcomer 18 18 18 14 14 5 5 25 25 100
tcarnes 18 40 18 18 18 18 18 0 0 18 36 18 25 25 14 14 5 36 5 18 36 18 100
rduffy3 18 40 18 18 14 14 25 25 5 5 100
narmbrus 18 36 18 1 1 27 27 18 40 18 18 18 18 100
mritten 18 14 14 18 40 18 5 5 25 25 5 5 100
mdonne10 18 40 18 100
kperez4 18 18 5 5 100
jsuttman 18 40 18 18 18 25 25 100
jgriff12 25 25 5 5 100
jables 18 18 14 14 18 40 18 25 25 18 40 18 100
eforbes1 18 18 14 14 25 25 5 5 100
ccorse 18 18 27 27 14 14 18 40 18 18 14 14 18 40 18 100
asmith56 18 100
acook8 1 1 27 36 27 18 40 18 0 0 14 14 18 40 18 14 39 14 18 40 18 18 100
abojczuk 1 1 18 40 18 18 18 18 100
zliang3 18 18 27 27 14 14 100
ychen30 18 100
tkacius 18 36 18 14 14 18 40 18 25 25 5 5 100
szabala 18 18 18 25 25 5 37 5 100
swallac3 18 40 18 18 18 14 14 25 25 5 5 100
sbattali 18 100
ojacobse 18 36 18 18 1 1 18 37 18 18 18 100
npatidar 18 40 18 100
ngiannot 18 18 14 14 18 18 5 5 18 40 18 25 25 100
mstebbi1 18 18 100
mkelley9 18 18 25 25 5 5 14 14 100
kwhite14 18 18 14 14 25 25 5 5 100
kmchugh6 18 18 5 5 25 25 14 14 18 40 18 25 25 18 39 18 18 5 5 18 40 18 18 18 25 25 100
kconese 18 36 18 14 14 25 25 5 5 18 39 18 100
jstacho1 18 14 14 25 25 5 5 100
jslaugh2 18 40 18 18 18 14 14 25 25 5 36 5 100
gwilson6 18 100
gpernico 18 40 18 18 18 100
drea 18 18 0 0 14 14 25 25 5 38 5 14 39 14 100
dkelly13 18 18 18 18 0 0 14 14 25 25 18 18 18 5 5 100
cschust4 18 40 18 25 25 5 5 100
cprince 1 1 27 27 18 40 18 18 18 18 0 0 18 18 18 25 25 5 36 5 18 39 18 100
bdzubara 27 27 18 40 18 100
acrowle1 18 100
zzovko 18 100
ztulausk 18 0 0 18 40 18 18 25 25 5 5 18 18 18 100
tfolwell 18 18 25 25 14 14 5 36 5 18 40 18 5 5 18 39 18 100
sharri11 18 40 18 18 25 25 5 5 100
mphelan5 18 18 25 25 5 5 28 37 28 100
mkocher2 18 18 100
ksteenvo 18 1 1 14 14 18 40 18 18 18 18 18 0 0 18 18 14 14 25 25 5 5 100
kmehta2 18 100
kaiello1 18 18 5 5 25 36 25 18 18 25 25 14 36 14 5 36 5 100
jrhiling 18 18 25 25 5 40 5 18 40 18 100
jmcclin1 18 40 18 100
eolsen2 18 40 18 100
egrammer 18 40 18 100
dngo2 18 18 18 18 5 5 25 25 18 40 18 100
czhou4 0 0 14 14 18 40 18 14 14 25 25 5 40 5 100
csedore 25 25 5 5 100
awood8 18 18 25 25 18 18 14 14 5 5 100
astaresi 18 1 1 18 40 18 18 14 14 5 5 25 25 5 38 5 100
areymer 18 18 25 25 5 36 5 27 27 100
ahays1 18 18 18 18 25 25 5 5 100
abatkoff 18 0 0 100
xzhang24 18 40 18 100
skoo1 18 36 18 100
rsong 18 18 5 5 25 36 25 18 40 18 100
rbanuelo 18 18 25 25 5 5 100
psansone 18 36 18 25 25 100
npassina 18 40 18 100
mlarson3 18 40 18 100
mhagan2 18 40 18 100
mcrawf10 18 18 14 14 25 25 5 5 18 40 18 25 25 100
jbelluc2 1 1 18 40 18 18 1 1 18 40 18 18 0 0 18 38 18 18 18 100
jander21 18 40 18 100
ioteroto 1 1 27 27 14 14 18 40 18 1 1 27 27 18 39 18 18 25 25 5 5 100
ejones15 18 40 18 18 18 18 18 5 5 25 25 100
ecummin2 18 18 14 14 18 40 18 25 25 5 5 100
dventer 18 18 18 18 18 25 25 5 5 14 14 18 40 18 100
ccastil4 18 40 18 100
cbarahon 18 18 18 18 100
zeggers 18 18 18 18 25 25 5 5 14 14 100
skeller5 18 40 18 18 18 0 0 18 18 14 14 18 40 18 25 25 5 5 100
nholmes2 18 18 14 14 5 40 5 25 39 25 100
mtagovai 18 100
mryan32 18 100
mmatusk1 18 18 100
mflanag8 18 18 100
mdoyle19 18 18 100
lfalquez 18 100
jmarvin2 18 18 14 14 5 5 25 25 100
hchoudhu 18 18 25 25 5 5 100
edell 18 36 18 1 1 27 39 27 14 14 18 40 18 18 25 25 0 0 18 18 5 5 14 14 100
delwell 27 27 1 1 18 39 18 18 100
cpawelek 18 40 18 18 18 100
cgotuaco 18 40 18 100
ccasper 18 18 100
bbrown14 18 18 1 1 18 37 18 18 18 18 18 18 18 18 25 25 5 5 100
ychen31 18 1 1 27 27 18 40 18 0 0 25 25 5 5 14 14 18 38 18 100
vkareh 18 40 18 100
rwilso18 18 40 18 100
rmelotik 18 100
pkollma1 18 14 14 25 25 5 5 100
phaley1 18 18 18 18 25 25 5 5 18 18 100
oeaddy 18 40 18 14 14 27 36 27 1 1 14 37 14 18 18 18 18 18 18 100
mzakowsk 18 18 18 25 25 100
mmoufawa 18 18 1 1 18 40 18 18 5 5 25 25 14 14 100
mmaldona 18 18 18 18 18 25 25 5 5 100
mlake2 18 0 0 25 25 5 5 14 14 18 18 100
mhoffm12 18 25 25 5 5 100
mcurlis2 18 40 18 100
kwardlow 18 18 25 25 18 36 18 0 0 100
kround 18 40 18 100
kmoeinva 18 18 100
jsong3 18 14 14 18 36 18 100
jsimone 18 18 100
jnagle7 18 18 25 25 14 14 5 5 18 40 18 5 5 100
jmullen6 18 18 25 25 5 5 100
jhuber4 18 18 0 0 18 18 25 36 25 5 5 100
gvonuhle 18 1 1 27 27 14 14 18 36 18 18 18 0 0 25 36 25 5 5 14 14 18 40 18 100
esienko 18 18 5 5 25 25 18 39 18 100
ekiszla 18 40 18 18 18 25 25 5 5 18 18 14 14 18 37 18 100
ekenney1 25 25 14 36 14 5 5 100
edoyal 18 40 18 18 25 25 5 5 18 18 14 14 100
dmikovit 18 18 25 25 5 5 100
dkim28 18 100
clink4 18 40 18 18 25 25 5 5 14 14 100
bferris1 18 36 18 25 25 5 5 100
asiguler 18 100
syi3 18 18 18 100
swolfe1 18 100
shatfie1 18 25 39 25 14 14 5 36 5 100
rtaraboc 18 40 18 14 14 25 25 5 5 100
rmazzini 18 40 18 100
nllauro 18 40 18 18 18 5 5 25 25 100
mvander4 18 18 18 14 14 18 40 18 14 14 25 25 5 5 100
mtapp 18 18 100
mmirer 18 100
mesteve 18 40 18 100
mbutle14 18 100
mbutle13 18 36 18 14 14 25 25 18 40 18 5 5 100
lrodrig6 18 18 18 5 5 14 14 25 25 100
kkubik 18 18 14 14 25 25 5 5 100
kflanag4 18 25 25 5 5 14 14 100
jcorbin2 18 40 18 25 25 5 36 5 14 14 100
ihornung 18 100
gpetrosi 18 14 14 5 5 100
edownin1 18 40 18 18 0 0 100
coleary2 18 18 14 14 25 25 5 5 100
cmeyers3 18 14 14 25 25 5 5 100
cfitzgib 14 14 25 36 25 5 5 100
ccocco 18 100
apeter14 18 100
aander27 18 18 18 25 25 5 5 14 14 100
yfeng3 18 18 14 14 18 40 18 18 18 100
risrael1 18 18 100
piannell 18 40 18 18 18 14 14 25 25 5 5 100
nmattei1 5 5 25 40 25 100
mvondras 18 40 18 14 14 25 25 18 40 18 5 5 100
mretoske 18 40 18 5 5 18 38 18 25 25 14 14 100
mplante 18 100
mlegersk 18 18 18 18 25 25 5 5 18 40 18 100
mjohns57 18 36 18 18 18 18 25 25 5 36 5 100
mheli 18 0 0 5 5 14 14 25 25 100
mbianco 18 36 18 100
lstephe3 18 18 18 18 25 25 5 5 14 36 14 100
kmccahan 18 100
jriver11 18 40 18 18 18 18 100
jmrozek 18 100
jhirshor 18 18 25 25 5 5 100
jgarci22 18 18 18 1 1 27 36 27 18 40 18 100
gnguyen 18 25 25 18 18 5 5 100
eriojas 18 25 25 5 5 100
ebrown20 18 18 14 14 18 18 25 25 5 36 5 100
dadams13 18 5 5 25 25 100
cdito 18 18 5 5 18 40 18 18 14 14 25 25 18 36 18 100
apasin 18 40 18 25 25 5 5 100
alaboe 18 36 18 25 25 5 5 100
ablanch2 18 100
yhe9 18 100
wzhu2 18 14 14 25 25 5 5 18 40 18 100
wschemel 14 14 18 40 18 25 25 5 40 5 100
tkoewler 18 18 14 14 18 40 18 0 0 18 40 18 18 18 0 0 14 14 25 25 5 5 100
scannova 18 18 27 27 14 14 18 40 18 14 14 18 40 18 25 25 18 18 14 36 14 5 5 100
samezqui 18 25 25 100
rchan3 18 40 18 18 0 0 5 5 14 14 25 25 100
poconno6 18 18 18 14 14 25 25 5 5 100
ohatch 18 18 18 18 25 25 5 5 100
nho1 18 18 27 27 14 14 18 40 18 25 25 5 5 14 14 100
mwinche1 18 18 25 25 5 5 100
msteeves 18 18 14 14 25 25 5 5 100
mmccans 18 18 25 25 5 36 5 14 14 100
mhanley1 18 18 25 25 14 14 5 5 100
mguggenb 18 40 18 100
mfarleka 18 40 18 0 0 18 18 14 14 25 25 5 5 100
mcasasga 18 14 14 5 39 5 25 25 100
kthomp21 18 18 5 36 5 18 40 18 25 25 100
kmccabe4 18 1 1 18 40 18 18 18 18 18 100
khuffert 18 40 18 18 0 0 14 14 5 36 5 18 40 18 25 25 14 14 100
jxu9 18 100
jstellon 25 25 100
jboateng 18 5 5 25 36 25 18 40 18 100
iedgar 18 40 18 18 14 14 25 25 5 5 18 36 18 100
ekeefe2 18 18 100
eheidenr 18 18 18 5 5 14 14 18 40 18 18 25 36 25 18 38 18 5 5 18 39 18 100
dfeldman 18 40 18 18 5 36 5 25 25 14 14 100
cpalor 18 36 18 18 18 0 0 5 5 18 40 18 25 25 5 5 14 14 100
ccahill6 18 18 25 25 5 5 14 14 100
bgrier 18 18 18 14 14 1 1 18 40 18 14 14 25 25 18 18 25 25 18 18 25 25 1 1 5 5 14 14 18 40 18 5 5 100
bdrummo1 18 18 25 25 5 5 100
bcarmody 18 18 100
amurph14 18 1 1 18 40 18 18 100
amarti55 18 18 25 25 5 5 14 14 100
agerman 14 14 25 25 18 40 18 5 5 18 40 18 100
afemrite 18 18 18 14 14 25 40 25 5 5 100
tpagessa 18 18 14 14 8 8 22 36 22 18 40 18 14 14 18 40 18 25 25 5 5 18 18 100
tjohns29 18 40 18 0 0 25 25 5 5 18 18 100
pbald 18 18 18 14 14 25 25 5 5 100
mnieves1 18 37 18 100
mbrombac 18 18 100
mbeinlic 18 18 25 25 5 5 100
lmedinab 18 100
lmcphill 18 14 14 18 18 25 25 100
kwoodwa3 18 37 18 8 8 22 22 18 40 18 25 25 5 5 14 14 100
kperry7 18 18 18 18 18 100
kmoran10 18 40 18 25 25 5 5 100
kmessier 18 100
kabe1 18 40 18 100
jusher 18 40 18 18 100
jmusema 18 5 5 25 25 100
jkirkham 18 22 22 0 0 1 1 27 27 14 14 18 40 18 18 100
jcharbon 18 40 18 18 14 14 25 25 5 36 5 100
gverfurt 18 18 14 14 18 40 18 5 36 5 25 39 25 100
gmcdermo 18 40 18 18 5 5 18 18 100
eyeager 18 18 25 25 5 38 5 100
esulli14 18 18 18 18 0 0 18 40 18 25 25 14 14 100
edewane 18 40 18 0 0 18 37 18 14 14 25 25 5 5 100
dmoran5 18 40 18 0 0 18 18 5 5 18 40 18 25 25 14 14 100
dbodewig 18 18 14 14 18 18 100
bni 18 18 18 25 25 5 36 5 14 14 18 18 100
aseketa 18 25 25 5 5 100
amitch13 18 18 18 28 28 18 18 14 14 25 36 25 5 5 100
amarti54 18 36 18 14 14 100
zwang17 18 100
rmcclain 18 18 18 25 25 5 36 5 100
pmcgee 18 40 18 100
oramire1 18 100
olombard 18 40 18 0 0 14 14 5 5 100
myoung12 18 40 18 18 14 14 25 25 18 40 18 18 14 14 25 25 5 36 5 100
mmoreno3 18 18 25 25 5 5 100
mmcelro2 18 40 18 18 18 18 18 25 40 25 5 36 5 100
mgroark 18 100
mcurrie2 18 100
mcarro10 18 0 0 18 18 18 0 0 5 5 18 18 100
lschwar2 18 0 0 14 14 100
labreha 18 27 27 0 38 0 18 18 18 1 40 1 14 14 18 39 18 18 14 14 100
kmullan4 18 14 14 5 5 25 40 25 100
jstuppy 18 100
jluk 18 40 18 100
jigiede 18 40 18 100
jhlavin 18 18 14 14 100
jgripens 5 5 100
jfabreg2 18 40 18 14 14 100
jedward4 18 18 5 5 25 25 14 36 14 100
jburhann 18 39 18 100
hfertitt 18 18 18 27 27 0 0 18 18 1 1 14 14 18 18 18 27 27 18 40 18 18 18 18 100
garboled 18 18 14 14 5 5 25 36 25 100
edidonat 18 18 5 5 100
ealbi 18 40 18 18 25 25 5 5 100
dmacatan 18 18 14 14 25 25 18 40 18 18 5 38 5 18 38 18 18 100
dharvey1 18 1 1 18 40 18 18 18 1 1 18 40 18 18 18 100
crichte2 27 27 1 1 18 40 18 18 18 100
cdunlea1 18 27 27 14 14 18 40 18 18 5 5 100
awolfe4 18 100
aturzai 18 37 18 18 18 18 18 0 0 1 1 5 5 100
aosorio 18 1 1 27 27 14 14 18 40 18 18 14 14 25 25 5 36 5 100
aherna13 18 1 1 18 40 18 100
zhan1 18 18 100
tsong2 18 14 14 18 40 18 5 5 25 25 100
smurph19 18 100
sjo 18 40 18 25 25 18 40 18 18 5 5 18 18 25 25 100
sbsales 18 18 18 14 14 25 25 5 5 100
rpozasg1 18 40 18 18 18 25 25 5 5 100
rhughes7 18 18 100
msimon6 18 18 14 14 5 5 25 25 100
mgorman5 25 25 100
mbond1 18 100
jwoods8 18 18 14 14 18 40 18 25 25 5 5 100
jplocher 18 18 18 18 18 25 39 25 5 5 100
jlugg 18 18 5 5 25 25 100
jlehn 18 18 14 14 5 5 25 25 100
jdemarc1 18 100
ezahoric 18 25 25 14 14 5 36 5 18 40 18 18 25 25 5 5 100
elopez7 18 36 18 100
ddelliso 18 40 18 28 28 100
cwhalen2 18 40 18 18 18 5 5 18 18 14 14 25 25 5 36 5 18 18 100
cjacobs3 18 36 18 100
chowell2 18 40 18 100
blyons1 18 18 100
bklaus 18 18 18 25 25 5 5 14 14 100
zsurma 18 14 14 18 40 18 25 25 5 36 5 100
tpopps 18 40 18 25 25 5 36 5 14 14 100
tissa 18 18 18 14 14 5 5 25 25 18 18 100
svorne 18 36 18 100
sryan9 25 25 14 14 5 36 5 100
pgorman2 18 18 5 40 5 18 18 14 14 18 40 18 25 25 100
olanchon 18 18 25 25 100
nmunozol 18 40 18 18 18 18 25 25 5 5 100
nkelly3 18 36 18 18 100
nferguso 18 100
mhawit 18 18 100
kwhite13 18 0 38 0 18 18 5 5 25 36 25 18 40 18 100
jzepf 18 14 14 1 1 27 27 18 39 18 18 18 5 5 25 25 18 36 18 18 18 100
jgirardo 18 14 14 25 39 25 5 5 100
jfrane 18 100
iroberts 18 1 1 0 0 18 18 18 18 100
hferrero 18 36 18 18 18 100
ginglis 18 37 18 25 25 5 5 100
esherloc 18 100
ellano1 18 100
dreynoso 18 0 0 18 18 22 22 1 1 27 27 18 40 18 18 5 5 100
dphill14 18 18 25 25 5 5 14 14 100
ctsevis 18 18 18 18 14 14 100
clangle1 18 18 1 1 27 27 18 40 18 100
apines1 18 40 18 14 14 18 40 18 18 0 0 25 25 5 5 100
aorsinel 18 18 1 1 18 18 14 14 18 40 18 18 100
amcfadd1 18 18 18 14 14 100
abiondo 18 37 18 14 14 25 25 100
tmcginn1 18 18 25 25 100
thartle 18 18 100
tbendeck 18 18 18 18 5 5 100
ssitarsk 18 18 25 25 14 14 5 5 100
sdutta2 18 36 18 25 25 5 36 5 100
pjohns21 18 18 5 5 25 25 18 39 18 18 100
pjachim 18 100
mperez19 18 18 18 25 25 14 14 5 5 100
mpenn1 18 40 18 100
mgabouer 18 100
lwukie 18 40 18 18 18 5 5 25 25 100
lsimon2 18 18 100
llontoc 18 36 18 100
ldevito 18 18 100
lbode 18 14 14 18 40 18 25 25 5 5 100
layuyao 18 100
ktran1 18 18 5 5 14 14 18 36 18 25 25 100
kdiggin1 18 40 18 5 5 25 25 14 14 18 40 18 18 100
kbockhol 18 36 18 1 1 18 40 18 18 18 18 100
jybanez1 18 18 12 12 18 40 18 12 12 28 28 9 9 100
jswift2 25 25 100
jmoawad 18 40 18 25 25 14 14 100
jduffy8 18 40 18 100
jchandle 18 27 27 14 14 18 40 18 1 1 14 14 14 36 14 100
jbrunne1 18 39 18 100
jbordall 18 25 25 5 5 100
ielizond 18 0 0 5 5 14 14 25 25 18 40 18 25 25 18 36 18 14 14 100
hwakelin 18 1 1 18 40 18 18 18 5 5 100
gcampoli 18 18 18 100
eutley 18 100
esagun 18 0 0 18 18 18 14 14 25 25 5 5 100
eobrie14 18 100
ehoran3 18 14 14 25 25 0 0 18 18 18 5 5 14 36 14 18 40 18 100
dkrivda 18 40 18 18 25 25 5 5 100
dgarci18 18 18 0 0 100
csmith72 18 18 14 14 25 25 18 40 18 5 5 100
cholmes6 18 37 18 100
cgrunha2 18 100
cdelane2 18 40 18 18 18 5 5 14 14 25 36 25 100
ccahill5 18 39 18 1 1 18 40 18 18 18 18 100
btournat 18 18 1 1 27 27 18 40 18 18 100
akeller5 18 100
adaniele 18 18 100
aclark13 18 18 5 5 25 25 100
aboyd2 18 100
wmckee 18 14 14 18 40 18 14 14 25 25 5 5 100
wfine 18 18 18 14 14 18 40 18 18 18 100
srodawig 18 18 14 14 25 25 5 5 0 0 100
slee51 18 18 18 18 18 18 18 18 18 100
rmcgove1 14 14 12 12 28 40 28 9 9 100
pwasuwan 18 18 18 18 0 0 100
ojazbuti 18 40 18 100
nskora 18 40 18 100
nmarti12 27 27 1 36 1 14 14 18 40 18 18 25 25 5 5 100
nhelm 18 40 18 100
nbest1 18 18 18 25 25 5 5 100
mpaulran 18 40 18 1 1 27 27 18 40 18 18 18 18 5 5 25 25 100
mmurph50 18 40 18 18 5 5 14 14 18 40 18 25 25 100
kheldt 18 40 18 18 25 25 5 36 5 14 14 100
jspence6 14 14 5 5 18 18 25 25 100
jminor1 18 36 18 27 27 18 40 18 18 14 14 5 39 5 25 25 100
jlabadie 18 40 18 100
jguerra3 18 37 18 5 5 100
jesposi2 18 18 18 100
igese 18 100
hsun2 18 18 18 1 1 18 40 18 0 0 18 40 18 100
emangels 18 18 25 25 5 36 5 100
eleahy1 18 14 14 100
ehiestan 18 40 18 5 5 25 25 18 18 5 36 5 18 18 14 14 100
ebrady7 18 40 18 100
dkolkebe 18 18 18 25 25 5 5 100
clewis13 18 18 100
chanzel 18 40 18 100
cbowden 18 25 25 5 5 100
cbartlet 18 18 25 25 5 36 5 100
bsoaresd 18 18 100
bknarr 18 40 18 18 18 18 25 25 5 5 100
bdages 18 25 25 5 5 14 38 14 100
atreacy 18 100
asood1 18 100
alehanka 18 40 18 1 1 18 40 18 25 25 14 14 5 5 100
vzona 18 40 18 18 18 14 14 25 25 100
vdavis1 18 18 18 18 25 25 14 14 5 36 5 100
tmcguir2 18 1 1 27 39 27 18 40 18 18 5 5 25 25 100
tlynch3 1 1 27 27 18 18 18 18 18 0 0 18 40 18 18 18 100
sfore 18 18 18 18 100
rsabnani 18 40 18 18 18 5 5 25 25 100
rkenyon 18 18 14 14 25 39 25 5 37 5 18 36 18 18 100
rhughes8 18 1 1 18 40 18 18 14 14 5 5 25 38 25 100
mzachlin 18 18 18 25 25 5 36 5 100
mriss 18 18 14 14 25 25 5 36 5 100
moconn20 1 1 27 27 14 14 18 40 18 5 5 25 25 100
mmaron 18 40 18 18 25 25 14 14 5 36 5 100
mhepbur1 18 14 14 18 18 25 25 5 5 100
mgreene3 18 25 25 5 5 14 14 0 36 0 100
kmcfarl1 18 100
jyu7 18 100
jrombals 18 18 25 25 5 5 100
icorreia 18 18 5 5 14 14 25 25 100
gklaus 18 1 1 27 36 27 14 36 14 100
eromero3 18 18 18 18 18 25 25 5 5 14 14 100
eeschwei 18 37 18 18 18 18 18 5 5 25 25 100
ebabcoc1 18 18 18 18 100
dyefreme 18 18 18 100
dpark5 18 0 0 14 14 18 39 18 0 40 0 25 25 5 5 100
dobrie13 18 8 8 22 22 18 40 18 1 1 27 27 14 39 14 18 40 18 18 25 25 5 5 14 14 100
dkenned7 18 18 1 1 18 18 27 27 100
crodri12 18 27 27 18 40 18 18 1 1 14 36 14 18 40 18 14 14 18 40 18 5 5 18 40 18 25 25 100
coakley2 18 39 18 18 14 14 18 18 0 0 18 18 25 25 5 36 5 100
cgreeley 18 0 0 18 40 18 18 100
cgehan 18 40 18 100
cdulal 18 100
