dtorgers 13 13 13 13 13 23 23 0 0 26 26 13 40 13 13 13 13 13 13 13 13 13 13 13 13 13 13 13 13 13 13 13 13 13 13 13 13 13 13 13 13 100
cdavin1 13 13 33 33 10 10 13 13 13 13 13 13 13 13 13 13 13 13 13 13 13 13 13 33 33 13 40 13 13 13 13 13 13 13 13 33 33 31 31 13 37 13 13 13 13 13 13 13 13 13 13 13 33 33 13 13 13 33 33 13 40 13 13 13 13 13 13 13 13 13 13 13 13 33 33 13 36 13 13 13 13 13 13 13 13 13 13 13 13 33 33 17 17 13 39 13 100
alebron1 13 13 33 33 13 13 33 33 13 36 13 31 31 4 4 13 39 13 13 13 13 13 13 13 13 13 13 13 13 13 13 13 13 13 33 33 3 36 3 13 40 13 13 13 13 13 13 17 17 13 40 13 13 13 13 13 17 17 13 13 13 13 17 17 13 37 13 13 33 40 33 3 3 17 17 100
ccooper8 13 13 13 13 13 13 13 13 13 13 33 33 13 40 13 13 31 31 4 36 4 13 13 13 13 13 13 13 13 13 13 13 33 33 17 17 13 13 13 8 8 13 40 13 13 13 3 3 13 40 13 13 3 3 13 40 13 13 100
nweindel 13 13 100
ntownsen 13 13 33 33 3 3 100
fhita 13 13 13 13 31 31 4 4 13 40 13 33 33 13 40 13 13 31 31 13 40 13 13 13 13 13 13 13 8 8 13 40 13 13 13 13 13 100
mmcfarli 13 13 3 3 13 40 13 13 8 8 33 33 100
mlengwin 13 33 33 4 4 31 31 13 40 13 13 13 31 31 4 4 3 3 13 39 13 33 33 13 36 13 33 33 13 13 13 13 13 13 13 13 13 13 13 13 13 13 33 33 13 37 13 3 3 8 8 13 40 13 13 100
kwurl 13 13 8 8 3 3 33 33 100
ccampb20 13 13 13 13 13 13 13 13 33 33 13 40 13 4 4 33 33 13 39 13 13 13 13 13 13 13 13 13 13 4 4 13 38 13 33 33 13 40 13 13 13 3 3 33 33 100
pbrown10 13 13 13 13 33 33 13 40 13 13 13 13 4 4 33 33 13 13 31 31 13 13 13 13 13 13 13 13 13 13 13 8 8 13 13 100
rdiejoma 13 13 3 3 8 8 33 33 100
drogers1 13 13 13 33 33 3 3 8 8 100
cdelpila 13 13 13 13 31 31 13 40 13 13 100
cbolivar 13 33 33 13 39 13 13 13 8 8 16 16 13 40 13 13 4 4 13 40 13 31 31 4 36 4 13 38 13 13 13 13 13 13 13 13 13 13 13 13 13 13 13 13 13 13 8 8 3 3 100
muhlenbr 13 13 13 13 33 33 31 31 4 36 4 13 40 13 13 13 13 13 13 13 13 13 33 33 3 3 13 40 13 17 17 13 13 13 13 8 8 13 36 13 13 13 13 13 13 13 13 13 100
msmith75 13 40 13 13 13 33 33 100
pmcguir2 13 13 13 13 13 13 13 13 13 13 13 13 13 100
jstaten 13 13 31 31 4 4 33 33 13 40 13 31 31 13 13 33 33 13 40 13 13 3 3 33 33 13 40 13 100
mgirod 13 13 31 31 13 36 13 4 4 13 36 13 13 13 13 33 33 13 36 13 13 13 13 13 13 13 13 13 100
zgartenh 13 13 13 13 13 13 31 31 33 33 13 13 4 4 13 40 13 13 13 13 13 13 13 13 13 13 13 3 3 8 8 33 37 33 13 40 13 13 100
alabella 13 33 33 13 40 13 4 4 13 40 13 13 33 33 4 4 31 31 13 13 13 13 13 13 13 3 3 8 8 33 37 33 13 40 13 13 13 13 13 13 100
bferrer1 13 13 31 31 13 13 4 4 33 33 13 40 13 13 13 13 17 17 100
pcataldi 13 13 13 13 13 13 13 13 13 4 4 31 31 13 40 13 13 31 31 4 4 3 3 13 13 33 33 100
aohri 13 13 13 13 4 4 31 31 13 40 13 100
pklekamp 13 3 3 8 8 100
amccar10 13 8 8 100
nwamble 13 13 13 13 13 13 31 31 4 4 13 40 13 13 13 13 13 13 13 13 13 13 13 100
wwu5 13 33 33 4 36 4 31 31 13 40 13 13 16 16 13 40 13 13 13 13 13 13 17 39 17 13 13 8 8 3 3 33 33 100
wsuter2 13 13 3 3 8 8 13 13 33 33 100
thowe1 13 40 13 100
mmian 13 13 13 13 13 33 33 13 40 13 13 13 13 31 31 13 39 13 4 4 13 40 13 13 13 13 4 4 3 3 8 8 33 36 33 100
jhouge 13 13 13 13 13 13 13 13 13 31 31 13 40 13 13 13 13 13 100
slemaign 13 13 13 13 31 31 13 13 13 13 4 36 4 13 36 13 33 33 13 40 13 13 13 31 31 13 40 13 13 13 17 17 33 33 13 40 13 13 13 13 3 3 8 8 100
ldamoose 13 31 31 33 33 4 4 13 36 13 13 17 17 13 13 8 8 3 3 13 40 13 13 13 13 33 33 4 38 4 13 40 13 13 13 13 13 13 13 3 3 33 33 13 39 13 100
sburnbau 13 13 13 13 13 13 31 31 13 40 13 13 13 13 100
nwarren 13 13 13 100
bconnol3 13 3 3 8 8 33 33 13 40 13 100
rheitkam 13 13 31 31 13 13 13 4 4 33 33 13 13 13 31 36 31 13 40 13 13 13 13 13 13 13 13 13 13 13 3 3 8 37 8 33 33 13 36 13 100
jmullike 13 13 13 33 33 13 13 31 31 13 40 13 33 33 100
chickey3 8 8 3 3 13 13 100
athoma24 13 36 13 3 3 8 8 100
rgensler 13 13 13 13 13 13 13 33 33 13 13 13 33 33 13 36 13 4 4 31 31 13 39 13 13 13 13 13 13 13 13 13 13 100
kthornt4 13 13 13 13 13 31 31 4 4 13 40 13 13 13 13 13 3 3 8 8 13 36 13 33 33 100
pvlandis 13 13 13 4 4 13 40 13 31 31 13 13 33 33 13 40 13 13 13 33 33 13 13 13 13 33 33 13 40 13 8 8 13 40 13 33 33 13 40 13 13 100
mmizraji 13 13 13 13 31 31 33 33 4 4 13 40 13 13 13 31 31 33 36 33 13 40 13 13 33 33 13 40 13 13 8 36 8 13 13 33 33 13 40 13 100
zpavlin 13 13 33 33 31 36 31 13 40 13 13 13 13 13 13 17 17 13 13 17 17 13 13 33 33 100
ydeng3 13 13 13 13 33 33 33 33 31 39 31 13 13 4 4 13 40 13 13 13 13 8 8 13 40 13 2 2 13 40 13 13 100
kfox8 13 13 3 3 8 8 100
lsulli11 13 100
jgorman6 13 13 13 31 31 13 40 13 13 13 13 13 13 100
jdirksen 13 13 13 13 13 13 13 13 31 31 4 4 33 33 13 38 13 33 33 13 40 13 13 3 3 8 8 33 33 100
whornby 13 13 13 13 13 31 31 13 13 4 4 13 40 13 13 13 100
jwade5 13 33 33 13 13 13 31 31 4 4 13 40 13 31 31 13 40 13 13 3 3 8 8 13 40 13 13 3 3 8 8 13 40 13 13 17 17 13 40 13 13 17 17 100
mblatt1 13 31 31 4 4 33 33 13 13 13 13 17 17 13 13 13 13 13 3 3 8 8 100
jowusuko 13 13 13 13 13 13 13 13 13 31 31 13 40 13 13 13 13 13 4 4 13 40 13 13 13 4 4 13 40 13 13 17 17 13 40 13 13 100
mmang 13 13 13 13 13 13 31 31 13 40 13 13 13 13 13 13 13 13 8 8 13 40 13 100
waberger 13 13 13 13 33 33 13 40 13 13 33 33 4 4 31 38 31 13 13 3 38 3 13 40 13 13 33 33 13 40 13 13 13 13 13 13 13 13 13 13 13 13 33 33 13 40 13 13 13 13 33 39 33 100
llombar2 13 13 13 13 31 31 13 40 13 31 31 4 4 33 33 13 40 13 13 13 8 8 33 33 100
gkaiser 13 13 13 31 31 13 13 13 33 33 4 4 13 38 13 13 13 13 13 17 17 100
koconn27 13 13 13 13 13 13 17 37 17 13 40 13 13 13 100
aweishan 13 33 33 4 4 13 38 13 31 31 13 40 13 13 31 31 16 16 13 40 13 13 13 33 33 13 37 13 13 13 13 13 13 33 33 3 39 3 13 39 13 13 100
mcaskey 2 2 13 13 34 34 13 40 13 13 2 2 13 13 33 33 13 40 13 13 13 13 13 100
jguarino 13 13 33 33 13 36 13 13 100
cseymou2 13 13 8 8 3 3 13 13 13 33 33 100
csasso 13 13 13 13 33 33 13 39 13 13 4 4 31 39 31 13 40 13 13 17 17 13 40 13 33 33 13 40 13 13 13 3 3 8 36 8 33 33 13 39 13 100
amccar11 13 13 13 31 31 33 33 4 36 4 13 40 13 13 13 17 17 13 39 13 13 17 17 100
minoue2 13 13 8 8 13 40 13 13 33 33 13 40 13 13 13 13 13 13 13 13 17 17 13 13 3 3 33 33 13 39 13 100
jwinebre 13 33 33 13 40 13 13 31 31 33 33 13 40 13 17 17 8 8 33 33 100
sgalbens 13 13 13 13 13 13 31 31 4 36 4 13 40 13 13 13 13 100
jlazzara 13 13 13 13 13 33 33 13 38 13 31 36 31 13 40 13 13 13 13 13 13 13 13 17 17 8 8 33 33 13 13 13 13 13 33 33 100
vruesch 13 100
nniere 13 33 33 13 39 13 13 31 31 4 4 3 3 8 36 8 2 2 34 34 15 39 15 1 1 25 25 13 39 13 21 38 21 10 10 14 14 24 37 24 32 32 13 40 13 13 28 28 6 6 12 12 13 36 13 5 5 20 20 18 18 29 40 29 19 19 27 27 7 38 7 9 9 30 30 23 23 0 0 26 26 4 37 4 13 13 3 3 13 40 13 13 13 13 100
ghong 13 33 33 13 40 13 13 100
bhogan1 13 31 31 13 40 13 13 13 13 13 4 4 13 40 13 13 13 13 13 13 13 13 17 17 8 8 33 33 13 40 13 8 8 100
wdu 13 13 31 31 33 36 33 13 40 13 13 13 2 2 34 37 34 13 39 13 13 15 39 15 1 39 1 25 36 25 13 39 13 13 13 13 13 13 13 13 13 13 33 33 21 21 10 39 10 14 14 13 40 13 24 24 32 32 13 40 13 13 13 33 33 28 28 6 6 12 12 100
tmercier 13 13 13 13 13 13 33 33 13 13 31 31 4 4 13 13 13 13 33 33 100
esunshi1 13 13 3 3 8 8 13 13 100
eevans9 13 13 13 13 4 4 13 40 13 31 37 31 13 40 13 13 13 100
bkenney1 13 36 13 13 3 3 100
cdieckma 13 13 13 13 13 31 31 4 4 33 33 13 40 13 13 13 31 31 13 40 13 8 8 3 3 33 33 32 32 13 40 13 13 13 8 8 3 3 33 33 13 40 13 17 17 13 13 13 12 12 13 40 13 100
mcoggins 13 13 13 4 4 31 31 13 40 13 13 13 13 13 4 4 33 33 3 3 13 13 100
jdelledo 13 13 3 3 8 8 13 38 13 13 100
mfreedlu 13 13 13 3 3 13 40 13 100
tprice4 13 13 13 13 31 31 4 4 13 39 13 13 13 13 3 3 8 8 100
lbarret2 13 13 33 33 13 36 13 13 4 4 13 13 13 13 31 31 4 4 33 33 13 40 13 13 13 3 3 8 8 33 33 13 37 13 13 100
eralph 13 13 13 13 13 13 31 31 4 4 33 33 13 38 13 13 13 13 3 3 8 8 13 40 13 100
bhalliga 13 13 4 4 8 8 13 40 13 13 31 31 4 4 13 36 13 33 33 17 17 3 3 8 8 13 13 13 13 13 17 17 13 13 13 3 3 100
sroennec 13 13 13 13 13 13 13 13 13 13 13 13 13 13 13 31 31 33 33 13 13 4 4 13 40 13 8 8 17 17 13 13 100
jmurph32 13 39 13 3 3 13 37 13 8 8 33 33 100
cfrentze 13 3 3 33 33 100
mnewcome 13 13 31 31 4 4 13 13 8 40 8 13 40 13 13 4 4 13 13 33 33 31 38 31 13 40 13 33 33 4 4 31 31 13 40 13 3 3 13 40 13 13 13 17 17 13 13 8 8 13 40 13 33 33 100
jsitarsk 13 31 31 4 4 13 36 13 13 13 31 31 4 4 13 36 13 13 13 13 13 13 13 8 8 3 3 33 33 100
tpreko 13 8 8 13 40 13 13 33 33 100
mtreacy 13 33 33 13 40 13 100
ccampb21 13 13 100
rrivera8 13 13 3 3 8 8 33 33 13 40 13 13 100
rblack4 13 13 31 31 4 4 13 40 13 13 13 13 13 13 31 31 4 4 13 13 13 13 13 13 13 13 13 13 17 17 3 3 8 8 100
jwelsch 13 13 13 13 31 31 4 4 13 36 13 13 13 3 3 8 8 17 36 17 100
jgately1 3 3 8 8 100
gdean 13 13 13 33 33 13 40 13 13 13 13 13 13 100
dgibbon2 13 13 13 13 13 13 100
cmorton2 13 13 13 31 31 13 36 13 4 4 13 40 13 13 13 13 13 8 8 100
mrooney6 13 31 31 4 4 33 33 13 36 13 13 13 13 13 3 3 8 8 33 33 13 37 13 13 13 100
mmoran12 13 13 13 13 13 33 33 31 36 31 13 36 13 4 4 13 40 13 13 3 3 13 40 13 8 8 13 40 13 100
jwalte10 13 13 3 3 8 8 33 33 100
jcarney6 13 13 13 13 13 13 13 13 31 31 4 4 13 40 13 33 33 31 31 13 13 13 33 33 13 40 13 13 13 13 13 13 13 13 100
pmeyer3 13 37 13 13 3 3 33 33 100
icallaha 13 13 3 3 8 8 33 33 13 40 13 100
dtoth1 13 13 31 31 4 4 13 40 13 13 13 13 13 13 13 13 13 13 17 17 13 13 13 8 8 33 33 13 40 13 13 13 3 3 33 33 100
kkostola 13 13 33 33 4 36 4 31 31 13 40 13 100
dlee26 13 13 33 33 13 40 13 13 13 13 31 38 31 13 40 13 13 13 13 17 17 100
yying 13 13 13 13 31 31 4 4 13 36 13 13 13 13 13 13 100
swagy 13 31 31 4 4 13 36 13 13 13 13 13 3 3 8 36 8 33 33 100
rroque1 13 4 4 13 13 31 31 13 13 13 13 13 13 13 13 13 13 3 3 100
kdantoni 13 13 13 13 13 33 33 31 31 13 40 13 13 13 8 8 17 17 13 13 33 33 100
wmohler 13 8 8 13 40 13 13 13 8 8 3 3 33 39 33 100
lklein1 13 13 33 33 13 40 13 4 4 31 31 13 40 13 13 13 4 4 13 40 13 13 13 17 17 13 40 13 13 13 100
jbecker9 13 13 13 13 13 13 13 31 31 4 4 13 40 13 13 13 13 13 13 13 13 13 100
hrague 13 13 3 3 100
cott 13 3 3 8 39 8 33 33 100
mholzbau 13 13 33 33 3 3 8 8 100
mhawkin3 13 13 13 13 13 13 13 13 4 4 31 31 33 33 13 39 13 4 4 13 40 13 17 17 13 39 13 13 13 13 3 3 8 8 33 33 100
lharmon 13 33 33 4 4 13 40 13 13 31 31 13 13 13 17 17 13 13 13 8 8 33 38 33 13 40 13 13 13 13 13 100
elazzaro 13 39 13 3 3 8 8 33 33 13 40 13 100
tburley 13 13 4 4 33 33 13 40 13 31 31 13 40 13 13 13 33 33 13 40 13 4 4 33 33 13 40 13 13 13 13 13 13 33 33 13 36 13 2 39 2 13 13 13 34 34 34 34 100
shenn 13 13 13 13 13 13 13 13 13 13 13 13 31 31 33 36 33 13 40 13 13 8 8 13 40 13 13 13 13 13 13 13 13 100
jgomez5 13 13 33 33 13 13 31 31 4 4 13 40 13 13 13 33 33 3 36 3 13 36 13 13 8 8 100
jfries3 13 13 33 33 13 40 13 13 4 4 31 31 13 40 13 13 13 17 17 3 3 8 8 13 40 13 33 33 100
bniemoel 13 13 31 31 13 40 13 13 13 13 8 8 33 33 100
jmurph33 13 13 13 13 33 33 4 4 31 31 13 36 13 13 13 33 33 3 3 8 8 100
dcorr1 13 13 13 13 13 4 4 31 31 13 38 13 13 13 13 13 13 13 100
cemenalo 13 13 33 33 13 40 13 13 13 13 13 13 13 13 31 31 4 4 33 33 13 40 13 13 13 13 8 8 3 3 33 33 100
yjung2 13 13 8 8 33 33 100
rpappas 13 13 3 3 100
mmerric1 13 13 3 3 100
mdosch 13 36 13 13 13 100
jbettag 13 13 13 13 4 4 33 33 31 31 13 39 13 17 17 13 13 13 13 100
jbernin1 13 13 13 13 13 13 13 4 4 31 31 13 40 13 13 8 8 3 3 13 13 17 17 100
gbruenin 13 13 33 33 4 4 31 31 13 40 13 13 13 13 13 3 3 8 8 17 17 13 40 13 100
ddallava 13 13 33 33 13 13 13 33 33 31 40 31 4 4 13 40 13 13 33 33 31 31 13 40 13 33 33 13 40 13 13 33 33 13 40 13 100
cgamboa 13 13 13 13 13 13 13 31 31 13 40 13 13 13 13 13 13 17 17 13 40 13 33 33 13 13 3 3 100
nquartir 13 13 4 4 13 40 13 13 31 31 4 4 13 40 13 13 8 8 13 40 13 33 37 33 100
lfaubion 13 13 31 31 33 33 4 4 13 40 13 3 3 13 13 100
cwilso24 13 33 33 31 31 13 13 13 13 8 8 33 36 33 100
aursino1 13 13 33 33 13 40 13 13 4 4 31 31 13 37 13 13 13 17 17 13 40 13 100
msummer2 13 13 13 31 31 4 4 13 40 13 31 37 31 13 40 13 13 13 13 13 13 17 17 13 13 100
kramm 13 13 13 13 33 33 13 40 13 13 4 4 33 33 13 36 13 31 40 31 13 40 13 13 33 33 13 40 13 13 13 8 8 13 13 33 33 13 38 13 100
jchapple 13 13 13 13 33 33 4 4 13 40 13 13 13 13 31 31 4 40 4 33 33 13 40 13 13 3 3 8 8 33 33 100
jbonds 13 13 13 4 4 13 40 13 33 33 31 31 15 36 15 25 25 13 37 13 13 13 33 33 3 3 17 17 13 13 13 8 8 3 3 33 38 33 100
cfish 13 13 13 13 13 13 31 31 4 4 33 33 13 39 13 31 31 4 4 13 37 13 33 33 13 40 13 13 13 13 13 4 4 13 13 4 4 13 13 4 4 13 40 13 13 31 31 3 3 4 4 33 33 100
nholmes1 13 13 33 33 13 40 13 13 31 31 13 13 31 31 13 13 4 4 33 33 13 40 13 13 13 13 33 33 13 40 13 33 33 3 3 13 37 13 33 33 100
ngiovino 13 13 13 13 13 33 33 4 4 31 31 13 40 13 13 13 13 3 3 33 33 8 36 8 100
eherber1 13 31 36 31 4 36 4 13 13 13 13 13 13 3 3 8 8 13 39 13 100
cgallag3 13 13 33 33 31 31 13 40 13 13 17 17 3 3 8 8 100
tzheng2 13 13 13 13 13 13 31 31 13 40 13 13 100
mgerber 13 13 31 31 4 4 33 33 13 40 13 17 17 13 13 13 3 3 8 39 8 33 33 13 40 13 13 2 2 34 34 13 40 13 13 13 13 13 15 15 13 40 13 100
jcolli23 13 13 13 33 33 4 4 13 40 13 33 33 31 31 13 40 13 13 13 33 33 13 40 13 100
awalton3 13 33 33 31 31 13 40 13 13 13 33 33 31 31 13 40 13 17 17 33 33 13 40 13 33 33 100
vwhitmor 13 3 3 8 8 33 33 100
rpellica 13 13 13 13 13 13 33 33 31 40 31 13 40 13 13 8 8 33 36 33 100
rmyers9 13 13 8 8 13 40 13 3 3 13 39 13 33 33 100
mdillon7 13 13 13 13 31 31 13 13 13 13 33 33 13 40 13 13 13 13 13 13 17 17 13 38 13 100
jdoerer 13 13 13 13 31 31 13 40 13 13 100
gbiltz 13 13 13 13 100
aheck1 13 13 13 13 13 13 33 33 31 31 4 36 4 13 40 13 13 13 13 13 13 13 13 13 17 17 13 40 13 13 3 3 8 8 33 33 13 39 13 100
ucooper 13 12 12 13 40 13 13 13 33 33 13 39 13 31 36 31 13 40 13 13 17 17 100
rschill1 13 40 13 13 3 3 13 13 17 17 100
mschlic1 13 13 13 13 13 13 13 13 13 4 4 13 40 13 31 31 4 40 4 13 40 13 13 13 13 3 3 8 8 100
mperry6 13 13 13 31 39 31 33 33 13 40 13 13 13 13 3 3 13 38 13 100
jfenton1 13 3 3 33 33 13 13 3 3 100
alowney 13 13 100
zkagalw1 13 13 31 31 13 40 13 31 31 4 36 4 13 40 13 13 3 3 100
swilkin4 13 13 8 8 13 40 13 100
imarx 13 40 13 100
cschmid7 13 36 13 100
awang4 13 13 31 31 13 40 13 13 17 17 13 13 100
abenavi3 13 13 3 3 8 8 13 13 33 33 13 40 13 100
sgenz 13 100
mwu4 13 100
jleporte 13 7 7 27 27 13 40 13 13 31 31 4 4 33 33 13 13 13 13 13 17 17 13 39 13 8 8 33 33 3 39 3 13 39 13 100
adichris 13 13 100
scrotty1 13 13 31 31 4 4 13 13 13 8 8 33 33 13 13 3 3 13 40 13 100
pfarring 13 8 8 3 3 13 36 13 33 33 13 36 13 100
pdesousa 13 40 13 100
mkuehl 13 33 33 31 31 13 36 13 8 8 17 17 13 40 13 33 33 13 40 13 13 100
lfitter 13 13 13 13 13 13 13 31 31 4 36 4 13 40 13 13 13 100
kenriett 13 40 13 100
jruan 13 33 33 13 13 13 13 33 33 2 37 2 34 34 100
hzahour 13 100
emostyn 13 13 13 33 33 31 31 13 40 13 4 4 31 36 31 33 33 13 40 13 13 13 13 17 17 13 13 3 3 13 40 13 8 8 33 33 100
edohert1 13 100
amellert 13 13 33 33 13 13 13 4 4 13 13 31 31 13 40 13 13 13 13 13 100
aandrade 13 40 13 100
tdann 13 13 13 13 13 13 13 13 13 13 31 31 33 36 33 13 40 13 13 13 13 13 13 13 13 13 13 8 8 100
sielusic 13 13 31 31 4 4 13 40 13 13 13 13 8 8 17 17 3 3 100
mlicursi 13 13 33 33 13 13 13 31 36 31 13 40 13 13 33 33 3 3 13 40 13 3 3 33 33 13 39 13 13 100
mdrake2 13 13 13 13 13 33 33 13 40 13 13 13 13 13 13 17 17 13 13 13 13 8 8 100
lhe3 13 13 33 33 31 31 13 40 13 13 13 13 13 13 17 17 33 33 100
inegroro 13 13 8 8 33 33 100
afonash 13 32 32 13 13 13 13 33 33 9 9 19 19 13 40 13 13 13 4 4 13 40 13 13 13 13 31 31 13 40 13 13 13 8 8 3 3 13 39 13 100
obarnard 13 13 13 13 4 39 4 13 39 13 31 31 13 37 13 13 4 4 17 17 13 39 13 8 40 8 13 40 13 100
nbenz 13 13 33 33 3 3 8 36 8 100
lhuang3 13 40 13 100
jwessele 13 13 13 13 13 13 31 31 4 4 13 13 33 33 13 40 13 13 13 3 3 8 8 100
jmastron 13 13 13 13 31 31 4 4 15 15 13 40 13 13 3 3 13 40 13 17 17 13 13 13 13 13 13 17 17 13 13 8 8 13 13 13 33 33 13 39 13 100
dmarino 13 13 8 8 33 33 13 40 13 13 13 13 13 13 33 33 100
cpickfor 13 13 13 33 33 13 38 13 31 31 13 40 13 8 8 33 36 33 13 40 13 17 17 100
obaitlot 13 13 13 13 13 31 31 33 33 4 4 13 40 13 13 17 17 13 13 100
kmollenk 13 13 33 33 13 40 13 13 31 31 13 40 13 13 3 3 8 8 100
ccarlso2 13 13 4 4 31 31 13 39 13 13 13 33 33 13 40 13 17 17 13 13 13 13 100
bmoreno1 13 13 13 13 31 31 13 40 13 13 3 3 100
smanriqu 13 3 3 8 8 100
mmillado 13 13 33 33 13 40 13 3 3 33 33 100
ldougla3 13 13 13 13 31 31 13 40 13 13 33 33 4 4 13 37 13 13 13 13 13 13 3 3 8 8 13 13 100
jmcconn1 13 13 100
ecahill 13 13 13 31 31 4 36 4 33 37 33 13 40 13 13 3 3 13 40 13 13 13 13 100
dshaw4 13 13 3 3 33 33 3 40 3 100
alucche1 13 13 33 33 8 8 100
odonnel1 13 100
mpirko 13 13 13 13 33 33 31 31 13 13 13 13 8 8 33 33 13 13 13 100
mlyden1 13 13 3 37 3 100
mdekold 13 13 13 13 13 13 13 13 33 33 13 38 13 3 3 13 36 13 17 17 100
eschnaut 13 13 13 3 3 100
adiederi 13 33 33 13 40 13 13 33 33 31 31 4 4 13 40 13 8 8 3 3 33 36 33 100
sholtz1 13 13 31 31 4 4 13 40 13 33 33 13 13 4 4 33 33 13 37 13 31 31 13 40 13 13 33 33 13 40 13 3 3 100
sdann 13 13 13 31 31 4 4 13 38 13 13 13 13 13 13 13 13 8 8 3 3 33 33 13 40 13 33 33 100
pkolek 13 13 3 36 3 13 40 13 100
nhaymond 13 31 31 4 4 33 33 13 40 13 13 13 13 3 3 13 40 13 13 3 3 8 8 13 13 13 33 33 100
kmuha 13 13 3 3 8 8 33 37 33 100
kfeehan 13 31 37 31 4 4 33 33 13 40 13 13 17 17 3 3 13 13 100
kalme 13 13 13 31 31 13 40 13 17 17 13 13 100
ivaldess 13 36 13 33 33 13 40 13 100
esmith30 13 31 31 4 4 13 40 13 13 13 8 8 13 13 17 17 100
ctoudouz 13 13 13 13 13 13 31 31 4 4 13 40 13 13 13 13 17 17 100
sreddy4 13 13 31 31 4 4 33 33 13 39 13 13 4 4 33 33 31 31 13 40 13 13 3 3 8 8 33 33 17 17 13 40 13 100
rboylan 13 13 31 31 4 4 33 33 13 40 13 13 13 3 3 8 8 13 40 13 100
ncheng 13 13 100
jzelinsk 13 13 13 13 13 13 13 13 31 31 13 13 33 33 13 40 13 13 33 33 3 3 13 40 13 100
jcuji 13 13 13 13 13 13 31 31 13 40 13 13 13 100
gworthin 13 13 13 13 4 4 13 39 13 13 33 33 31 37 31 13 40 13 13 33 33 4 4 13 40 13 8 8 3 3 13 13 33 33 13 40 13 13 13 33 33 100
dfabrega 13 4 36 4 31 31 13 40 13 13 13 17 17 13 13 3 3 8 8 13 13 33 33 100
angov 13 13 13 13 13 31 31 13 13 4 4 13 40 13 13 13 13 33 33 13 40 13 100
adunniga 13 13 13 13 13 13 33 33 13 40 13 31 31 13 40 13 31 31 13 36 13 17 17 13 37 13 13 8 8 13 40 13 13 100
skolda 13 13 13 13 31 31 13 13 33 33 13 40 13 13 4 4 13 37 13 13 13 33 33 3 3 8 8 13 36 13 100
scrippes 13 13 13 31 31 13 36 13 13 13 13 13 13 3 3 8 8 100
mpavloff 13 13 8 36 8 13 40 13 13 100
lnixon1 13 13 13 13 13 31 31 4 4 13 38 13 3 3 13 13 33 33 13 40 13 13 3 3 8 37 8 100
kmurray7 13 13 13 13 13 33 33 31 37 31 13 40 13 8 8 33 33 3 3 100
jshard 13 13 33 33 13 13 31 31 4 4 13 37 13 13 13 13 100
hthomps4 13 13 13 31 31 4 4 13 40 13 13 13 13 17 17 100
ewood1 13 13 31 31 4 4 13 40 13 13 3 3 8 8 100
estrouse 13 3 3 8 8 33 33 33 33 13 40 13 100
sekanay1 33 33 3 36 3 3 3 13 40 13 8 8 33 33 13 40 13 100
odegnim 13 13 33 33 31 40 31 13 40 13 13 13 13 13 13 33 33 8 8 3 3 100
kcox5 13 13 33 33 31 31 4 4 13 36 13 13 13 33 33 100
kborotho 13 13 31 40 31 13 40 13 13 13 13 13 13 13 13 3 3 13 36 13 8 8 33 40 33 100
jbertram 2 2 34 34 33 33 100
hbyrne 13 13 3 3 8 8 33 33 100
ggulyas 13 13 13 13 33 33 13 40 13 13 13 13 13 17 17 13 13 8 8 3 3 100
egeyer1 13 36 13 13 3 3 33 33 100
dlong2 13 13 33 33 13 40 13 31 31 13 40 13 13 33 33 13 40 13 100
bpierpoi 13 13 13 13 13 100
apavelka 13 13 31 36 31 4 4 33 33 13 40 13 13 13 13 13 13 13 8 8 13 40 13 3 3 100
rbartle1 13 13 13 13 13 13 31 31 4 4 13 13 13 13 8 8 3 3 100
nyusko1 13 13 100
motten1 13 13 13 13 13 13 33 33 31 31 4 36 4 13 40 13 33 33 3 3 13 40 13 100
molsen3 13 13 13 13 31 31 13 40 13 13 100
mdambros 13 13 100
kmountf1 13 37 13 100
jeversol 13 13 8 8 33 33 100
etorrent 13 13 13 33 33 31 36 31 4 4 13 39 13 13 13 13 13 13 13 17 17 13 13 8 8 13 40 13 13 100
ereynol5 13 13 13 13 4 4 31 31 33 33 13 40 13 13 13 13 13 13 13 13 33 33 13 40 13 100
epark5 13 31 31 4 4 13 40 13 3 3 33 33 13 40 13 33 33 13 40 13 100
dpatel2 13 13 4 4 33 33 31 40 31 13 40 13 13 13 13 13 13 13 8 8 33 39 33 100
cmoreno5 13 13 100
bgawel 13 13 13 13 13 13 4 4 31 31 13 40 13 100
apanousi 13 13 13 13 13 13 13 31 31 13 36 13 4 4 13 13 13 17 17 13 13 13 13 8 40 8 3 3 100
tngochi 13 13 33 33 13 40 13 13 31 31 13 40 13 8 8 3 3 33 33 17 17 13 40 13 13 100
tdasso 13 13 13 3 3 8 36 8 100
rwittmer 13 13 33 33 31 31 13 40 13 13 13 13 100
rvazza 13 40 13 100
nhong 13 13 17 17 33 33 13 13 13 4 4 31 31 13 40 13 13 13 3 3 8 8 13 37 13 13 13 13 13 100
mrohling 13 13 13 31 31 4 4 13 40 13 13 13 13 13 13 8 8 33 33 100
dsmith53 13 13 13 13 13 13 31 31 4 4 13 37 13 13 13 3 3 8 8 100
cdowicz 13 13 13 33 33 13 13 13 100
bnakfoor 13 13 100
akhemani 13 13 4 4 31 31 33 33 13 40 13 13 13 100
ahughes8 13 13 3 3 8 8 100
tperey 13 13 13 13 33 33 13 40 13 31 31 4 4 13 40 13 17 17 13 13 8 8 13 40 13 3 3 13 39 13 100
pbetz 13 13 13 33 33 4 4 31 31 13 13 33 33 13 40 13 4 4 13 13 13 33 33 13 13 13 13 13 31 31 13 13 13 100
mmccor15 13 13 31 31 13 13 4 4 33 33 13 36 13 8 8 3 3 13 40 13 13 13 100
mgray10 13 40 13 100
mfraizer 13 13 13 13 31 31 13 40 13 13 100
lherna11 13 13 4 4 13 13 13 31 31 13 40 13 17 17 100
jmolumph 13 13 3 3 8 36 8 13 40 13 100
hzweberl 13 40 13 33 33 13 37 13 100
dserafin 13 13 8 8 3 36 3 100
bpowell4 13 100
mdownin1 13 13 3 3 33 33 8 8 100
lduggan 13 33 33 13 40 13 33 33 13 13 13 31 31 13 40 13 17 17 8 8 33 36 33 100
kbulleit 13 13 13 3 3 8 38 8 100
jplas 13 31 31 13 13 8 40 8 17 17 4 4 33 33 13 40 13 3 3 33 33 13 40 13 33 33 2 40 2 34 36 34 26 26 7 7 19 19 20 20 13 13 15 15 1 1 25 25 18 39 18 13 40 13 13 100
jbrown36 13 13 13 13 13 4 36 4 31 31 13 13 31 31 13 39 13 13 3 3 13 40 13 100
dkim30 13 100
cpantin 13 13 4 4 33 33 13 13 31 40 31 13 36 13 13 100
cmyers11 13 13 13 13 13 13 13 31 36 31 33 36 33 13 40 13 100
amora2 13 13 13 13 31 31 4 4 33 33 13 39 13 13 13 13 13 13 13 13 3 3 8 8 13 40 13 100
adrisco2 13 13 13 33 33 13 40 13 4 4 31 31 13 40 13 13 13 33 33 13 40 13 100
xtsai 13 13 13 13 13 13 13 4 4 13 13 13 13 13 33 33 31 31 13 37 13 13 13 13 13 13 8 8 3 3 33 33 100
wbaer 13 13 13 13 13 13 4 38 4 13 40 13 31 31 4 36 4 13 40 13 13 13 13 17 17 13 40 13 13 
nisakson 13 13 13 31 31 33 33 13 40 13 13 13 13 13 13 100
kmurph44 13 13 31 31 4 4 13 13 33 33 13 39 13 13 13 13 17 17 13 13 13 3 3 8 8 33 33 13 40 13 13 13 33 33 100
ibushue 13 13 13 13 13 13 13 13 33 33 4 38 4 31 31 13 40 13 13 13 4 4 13 40 13 13 13 8 8 33 33 3 3 13 40 13 100
enichol4 13 13 13 13 31 31 4 4 13 13 13 13 33 33 13 40 13 13 13 13 13 13 13 3 3 8 8 17 17 13 13 33 33 13 40 13 100
egroth 13 39 13 3 3 8 8 100
aheinzma 13 13 13 31 31 13 40 13 31 31 4 36 4 33 36 33 13 13 13 13 13 13 13 13 17 17 13 40 13 3 3 33 33 8 37 8 13 40 13 13 100
adecker1 13 40 13 100
aameen 13 13 4 4 33 40 33 31 39 31 13 40 13 8 8 3 3 33 33 100
zwall 13 100
sdeschne 13 13 4 4 31 31 33 33 13 37 13 13 13 4 4 13 40 13 13 3 3 33 36 33 8 8 100
mowen 13 3 3 8 8 100
lwatts1 13 13 8 8 100
krochefo 13 100
gniforat 13 13 13 13 13 31 31 4 4 13 36 13 13 13 13 13 13 8 8 100
eclapp 13 100
awaldsch 13 13 13 33 33 4 4 31 36 31 13 40 13 13 100
adevito1 13 13 3 3 8 36 8 100
tsilva1 13 13 13 33 33 4 4 31 31 13 40 13 17 17 13 13 3 3 8 8 33 33 100
oivan 13 13 13 33 33 4 4 7 39 7 31 36 31 13 40 13 13 100
mmarti45 13 31 31 33 33 4 4 13 39 13 13 17 17 13 13 13 3 3 8 8 33 33 13 40 13 33 33 100
mjorden 13 13 13 13 13 33 33 13 40 13 31 31 4 4 33 37 33 13 40 13 3 3 13 13 13 17 17 33 36 33 13 40 13 13 100
ldorenko 13 13 31 31 33 33 13 40 13 4 4 13 40 13 13 33 33 13 40 13 17 17 13 13 3 3 13 13 33 33 13 40 13 100
ktracey 13 13 13 13 33 33 13 37 13 31 31 4 36 4 13 13 13 13 17 17 13 13 8 8 13 40 13 33 33 13 40 13 100
krothmey 13 13 13 4 4 13 13 31 31 13 40 13 13 13 100
kbiladea 13 40 13 100
jweas 13 13 13 31 31 4 4 13 13 33 33 13 13 13 13 13 13 13 13 17 17 13 13 8 8 3 36 3 13 13 13 33 33 13 37 13 13 13 100
jgoldsch 13 13 31 31 4 36 4 33 33 13 40 13 31 31 33 33 13 36 13 13 33 33 3 3 13 38 13 100
jdraves 13 13 13 13 33 33 13 40 13 4 4 31 36 31 13 39 13 13 13 13 13 17 17 13 13 13 3 3 8 8 13 13 100
gotte1 13 33 33 13 40 13 13 33 33 31 31 13 40 13 13 100
etruesda 13 36 13 2 2 34 34 100
emeara 13 13 13 31 36 31 13 13 33 33 13 40 13 33 33 13 40 13 13 17 17 13 39 13 13 17 17 13 13 3 3 8 8 13 40 13 13 33 40 33 100
cnilsen 13 13 31 31 4 4 13 13 33 33 13 13 13 13 8 8 33 33 3 3 13 40 13 13 33 33 100
bmurph24 13 13 13 33 33 13 40 13 31 31 13 40 13 17 17 13 13 13 33 33 100
azammit 13 13 13 33 33 31 36 31 4 4 3 3 13 13 13 13 13 8 39 8 13 40 13 13 100
arabbitt 13 13 33 33 13 37 13 31 31 13 40 13 17 17 13 13 3 3 8 8 100
wcheong 13 13 13 17 17 13 40 13 13 13 13 13 13 13 3 3 8 8 100
kmoran11 13 31 31 4 4 13 40 13 13 3 3 8 8 100
kgalla21 13 3 3 8 8 13 36 13 33 33 13 40 13 100
kgalla20 13 13 13 4 4 31 40 31 13 36 13 13 13 13 13 17 17 8 8 33 33 100
kfranz1 13 40 13 100
jsutton3 13 13 13 13 33 33 4 4 31 38 31 13 40 13 13 13 13 17 17 13 40 13 13 13 4 4 13 40 13 13 33 33 13 40 13 3 3 33 33 100
jhegart2 13 13 13 13 13 31 38 31 13 40 13 13 13 13 3 3 8 8 33 33 100
japplew1 13 31 31 13 36 13 13 13 13 13 100
imurrer 13 33 33 13 40 13 13 13 13 13 33 33 4 4 31 31 13 38 13 8 8 13 40 13 17 17 100
fschemel 13 13 8 8 33 33 13 36 13 100
fprimozi 13 13 13 100
elinares 13 13 3 3 8 36 8 13 38 13 100
cmulshin 13 13 13 13 33 33 31 31 13 40 13 13 13 17 17 13 13 8 8 33 33 13 40 13 3 3 13 13 13 100
cmagnuss 13 13 3 3 100
ccleary1 13 13 13 13 33 33 13 40 13 13 13 4 4 13 40 13 13 33 33 13 36 13 3 3 8 8 13 40 13 100
abohling 13 13 33 33 31 31 13 13 13 33 33 13 40 13 13 13 3 3 8 8 33 33 13 40 13 2 2 34 34 33 33 13 40 13 100
mscanish 13 13 8 8 3 36 3 100
lkim3 13 4 4 13 13 13 13 13 13 13 13 13 13 13 13 3 3 33 33 100
lgrabows 13 33 33 13 40 13 13 13 31 31 13 40 13 13 13 13 13 8 8 17 17 13 13 13 13 100
lcaffar1 13 13 13 33 33 13 13 4 36 4 31 31 13 40 13 13 17 17 13 13 13 8 8 3 3 33 33 100
kliang2 13 13 13 100
jnowak4 13 13 31 31 4 4 13 40 13 13 13 3 3 8 8 100
hcheng1 13 13 13 13 31 31 32 32 13 40 13 13 3 3 8 8 33 36 33 100
bmerrick 13 13 33 33 13 40 13 100
bgagnon 13 13 3 3 8 8 33 33 100
tmansell 13 13 13 13 100
rrocco 13 13 8 8 33 33 100
rpuno 13 39 13 8 36 8 13 13 33 33 100
lyan4 13 13 33 33 13 40 13 13 31 31 4 4 13 39 13 13 13 13 13 17 17 8 8 3 3 100
kpresteg 13 13 3 3 100
jbaines 13 13 13 13 13 13 13 13 13 31 31 13 36 13 13 13 13 13 33 33 13 40 13 13 33 33 100
aromano2 13 13 13 13 31 31 4 4 33 33 13 40 13 13 3 3 8 8 100
alongsta 13 13 13 33 33 31 31 4 4 13 40 13 17 17 3 3 8 8 33 33 13 40 13 100
szachari 13 13 33 33 31 37 31 4 36 4 13 40 13 33 33 100
spalumb1 13 13 3 3 8 8 33 33 100
pcamara 13 13 17 17 13 38 13 13 100
operez2 13 36 13 100
nvincent 13 13 13 13 31 31 4 4 33 33 31 36 31 13 40 13 3 3 8 37 8 33 33 100
ldomenel 13 13 13 13 31 31 13 13 13 100
ischmitz 13 40 13 100
egorman5 13 8 8 13 40 13 13 33 33 13 40 13 100
eeagle 13 31 31 13 13 4 4 13 40 13 33 33 13 40 13 13 13 13 13 17 17 13 13 13 13 3 3 13 13 13 100
dallen13 13 13 13 31 31 13 40 13 13 13 13 8 8 100
cdenzel 13 13 13 13 33 33 13 40 13 31 40 31 13 40 13 17 17 13 37 13 33 33 3 3 13 40 13 33 33 13 37 13 100
asowell 13 13 13 13 13 31 31 4 4 13 40 13 13 13 13 17 17 13 13 3 3 8 8 100
yzou2 13 13 13 31 31 13 40 13 13 13 13 13 13 13 13 13 13 100
speter14 13 13 13 13 13 13 13 13 31 31 4 4 33 33 13 39 13 13 13 17 17 13 13 13 8 8 13 40 13 3 3 8 8 13 38 13 100
pmcmonag 13 3 3 8 37 8 33 33 100
kpaulsen 13 31 31 13 13 33 33 13 40 13 3 36 3 8 8 100
kjacoby1 13 13 13 13 33 33 13 13 13 13 31 38 31 13 39 13 4 4 13 40 13 13 13 13 3 3 100
jruane 13 3 3 8 8 13 13 100
jdodig 13 13 13 13 13 13 100
gcramer1 13 31 31 13 13 13 13 100
everhey 13 2 2 13 40 13 13 34 34 25 25 100
esoller 13 13 31 31 13 13 33 33 4 4 13 37 13 13 3 3 13 40 13 17 17 13 13 13 3 3 8 36 8 33 36 33 100
egorman6 13 13 13 13 13 31 31 100
ckotseos 13 13 31 31 4 4 13 36 13 13 17 17 3 3 8 8 100
cganley 13 13 13 33 33 13 40 13 13 4 4 31 36 31 33 33 13 37 13 13 3 3 8 36 8 33 33 13 39 13 100
asweet 13 100
apaik 13 13 13 13 13 8 8 13 36 13 13 33 33 100
thuber1 13 31 31 13 13 33 33 13 40 13 33 33 31 39 31 13 36 13 13 13 13 13 33 33 13 40 13 8 8 100
sincera 13 33 33 13 40 13 13 31 31 13 40 13 8 8 17 17 100
phennes2 13 13 100
msahd 13 40 13 100
mcabrer1 13 13 13 3 3 100
kkolleck 13 3 3 8 8 100
jreeg 13 13 3 3 100
jgonnard 13 13 13 33 33 13 40 13 31 31 13 40 13 13 33 33 100
hsarkey 13 13 13 31 31 13 40 13 4 4 13 36 13 13 13 13 3 3 8 8 100
hholden 13 13 8 8 33 36 33 3 3 100
epil 13 13 13 31 31 4 4 33 33 13 40 13 13 17 17 3 3 33 33 13 13 8 8 100
awitte 13 13 13 33 33 13 40 13 13 13 13 31 31 13 13 13 13 13 13 13 17 17 13 13 13 33 33 33 33 100
trogers6 13 13 13 31 31 4 4 33 33 13 40 13 3 3 8 8 33 37 33 13 36 13 100
tfross 13 13 13 13 31 31 4 4 33 33 13 40 13 13 3 3 8 8 17 17 33 33 100
taguirre 13 13 13 13 13 13 13 13 31 31 4 4 33 33 13 36 13 13 13 3 3 8 8 100
sbindel 13 13 13 33 33 13 13 31 31 13 40 13 13 3 3 8 8 13 40 13 33 33 100
rmaqbool 13 13 13 13 13 31 31 13 40 13 11 11 13 40 13 100
kcockrel 13 13 33 33 8 8 3 3 100
jmarino6 13 3 3 8 8 13 37 13 13 100
eguenthe 13 13 31 31 13 13 100
ecaradon 13 13 31 31 13 40 13 13 17 17 100
creid4 13 13 13 33 33 13 40 13 33 33 31 36 31 4 4 13 13 13 13 3 3 8 8 33 33 13 40 13 33 33 100
carizama 13 13 33 33 4 4 100
anataraj 13 13 13 13 13 13 13 4 4 33 33 13 40 13 31 31 13 39 13 4 4 13 40 13 13 13 13 33 33 13 40 13 100
svukovit 13 13 13 13 31 31 4 4 33 33 13 36 13 13 8 8 13 40 13 3 3 100
msteph11 13 13 4 4 33 33 13 39 13 31 31 4 39 4 13 40 13 13 3 3 8 8 17 17 13 13 33 33 100
mraster 13 13 13 31 31 4 4 13 40 13 100
lbognar1 13 13 33 33 13 13 13 13 31 31 13 40 13 17 17 8 8 3 3 100
lbakke 13 13 8 8 33 33 13 40 13 100
jzacher 13 13 8 8 3 3 33 37 33 100
