dtorgers 18 18 18 18 18 18 18 18 18 18 18 18 18 18 18 18 0 0 11 11 18 37 18 18 15 15 12 12 18 18 18 18 18 18 18 18 18 18 18 18 18 18 11 37 11 18 40 18 18 18 18 18 18 18 18 18 18 18 18 18 18 18 18 18 18 18 18 18 18 18 18 18 18 18 18 18 18 18 18 18 18 18 18 18 18 18 18 18 18 18 18 18 18 18 18 18 18 18 18 18 18 18 18 18 18 18 18 18 18 18 18 18 18 18 18 18 18 18 18 18 18 18 18 18 18 18 18 18 18 18 18 18 18 18 18 18 18 18 18 18 18 18 18 18 18 18 18 18 18 18 18 18 18 24 24 11 11 18 39 18 18 18 18 18 18 18 18 18 18 18 
cdavin1 18 18 18 18 18 18 18 18 18 18 18 18 18 18 18 18 18 18 18 18 18 18 18 18 18 
alebron1 18 18 18 18 18 18 18 18 18 18 18 18 18 18 18 18 18 18 18 18 18 18 18 18 18 18 18 
ccooper8 18 36 18 18 18 18 18 18 18 18 18 18 18 18 18 18 18 18 18 18 
nweindel 18 18 18 18 18 18 24 24 18 18 18 18 18 18 18 18 18 18 18 18 18 
ntownsen 18 39 18 18 18 30 30 18 18 27 27 13 13 33 33 12 12 32 32 18 36 18 21 36 21 18 38 18 18 18 18 18 18 18 18 18 18 18 18 18 18 18 18 18 18 18 18 18 18 18 18 18 
jberg2 18 18 18 18 18 18 18 18 18 18 18 18 18 18 18 18 18 18 18 18 18 18 18 18 18 18 18 18 18 18 18 18 18 18 18 18 18 18 18 18 18 
fhita 18 18 18 18 13 39 13 18 36 18 18 18 18 18 18 13 13 15 15 18 40 18 18 18 18 18 18 18 18 18 18 
mmcfarli 18 36 18 18 18 18 18 18 18 18 18 18 18 18 18 18 18 18 
mlengwin 18 18 18 18 18 18 18 18 
kwurl 18 40 18 18 18 18 18 18 18 18 18 18 18 18 18 18 
ccampb20 18 40 18 18 23 23 18 40 18 14 14 33 33 32 40 32 18 40 18 18 18 18 18 18 24 24 18 40 18 18 24 24 18 40 18 18 24 24 18 40 18 18 18 18 18 18 18 18 18 18 18 18 18 18 18 18 18 18 18 18 18 18 18 18 18 
pbrown10 18 18 18 24 24 18 18 30 36 30 18 18 18 25 25 18 40 18 18 18 18 18 18 18 18 18 18 18 18 18 18 18 18 18 18 18 18 18 18 18 18 
rdiejoma 18 36 18 18 18 18 18 18 18 18 18 18 18 18 18 18 18 18 18 18 18 18 18 18 18 18 18 18 18 18 18 18 18 
drogers1 18 18 18 18 18 18 18 18 18 18 18 18 
cdelpila 18 18 18 24 24 18 40 18 18 18 18 18 18 18 18 
cbolivar 18 18 18 18 18 18 18 18 18 18 18 18 18 18 18 18 18 18 18 18 18 18 18 18 
muhlenbr 18 18 18 18 18 18 18 
msmith75 18 18 18 18 18 1 1 18 40 18 18 18 18 18 18 18 18 18 18 18 18 18 18 18 18 18 18 18 18 
pmcguir2 18 18 18 18 18 18 
jstaten 18 18 18 18 18 18 18 18 18 18 18 18 18 18 18 18 18 18 18 18 18 
mgirod 18 18 18 18 18 18 18 18 18 18 
zgartenh 18 18 18 18 18 18 18 18 18 18 18 18 18 18 18 
alabella 18 18 18 18 18 18 18 18 18 18 18 18 18 18 18 18 
bferrer1 18 40 18 18 18 18 18 18 18 18 18 18 18 18 18 18 18 18 18 18 
pcataldi 18 40 18 18 18 18 18 18 18 18 18 18 18 18 18 18 18 18 18 18 18 18 18 18 
aohri 18 18 18 18 18 18 18 18 18 18 18 18 18 18 18 18 18 18 
pklekamp 18 18 18 18 18 18 18 18 18 18 18 18 18 18 18 18 18 
amccar10 18 18 18 18 18 18 18 18 18 18 18 18 18 18 
nwamble 18 18 18 18 18 18 18 18 18 18 18 18 18 
wwu5 18 18 18 18 18 18 18 18 18 18 18 18 
wsuter2 18 18 24 24 18 40 18 18 18 18 18 18 18 18 18 18 18 18 18 18 18 18 18 18 18 18 18 18 18 18 18 
thowe1 18 40 18 18 18 18 18 18 18 18 18 18 18 18 18 18 18 18 18 
mmian 18 18 18 18 18 18 18 18 18 18 18 18 18 18 18 
jhouge 18 
slemaign 18 18 18 18 18 18 18 18 18 18 18 18 
ldamoose 18 18 18 18 24 24 18 40 18 18 18 18 18 18 18 18 18 18 18 18 18 18 18 18 18 18 18 18 
sburnbau 18 40 18 18 18 18 18 18 18 18 18 18 18 24 24 18 40 18 18 24 24 18 40 18 18 18 18 18 18 18 18 18 15 15 26 26 18 36 18 18 18 18 18 18 18 18 
nwarren 18 40 18 18 18 18 18 18 18 18 18 
bconnol3 18 40 18 18 18 18 18 18 18 18 18 18 18 18 18 18 18 18 18 18 
rheitkam 18 40 18 18 18 18 18 18 18 18 18 18 18 18 18 18 18 18 
jmullike 18 18 18 18 14 14 23 23 32 32 33 33 18 40 18 18 18 18 18 18 18 18 18 18 18 18 18 18 18 18 18 18 18 18 18 18 18 18 
chickey3 18 32 32 23 23 33 33 18 36 18 18 18 18 18 18 
athoma24 18 40 18 18 18 18 18 18 18 18 18 18 18 
rgensler 18 18 18 18 18 
kthornt4 18 40 18 18 18 
pvlandis 18 18 18 24 24 18 40 18 18 18 18 18 18 18 18 18 
mmizraji 18 18 1 1 15 15 27 27 18 40 18 18 18 18 18 18 18 
zpavlin 18 40 18 18 18 18 18 18 18 18 18 18 18 18 18 18 
ydeng3 18 18 18 18 24 24 
kfox8 18 18 18 18 18 18 18 18 18 18 18 18 18 18 18 18 18 18 18 18 18 18 
lsulli11 18 18 18 18 18 18 18 
jgorman6 18 15 15 24 24 18 40 18 18 18 18 18 18 18 18 
enunez 18 18 18 18 18 
jdirksen 18 36 18 24 24 18 40 18 18 18 18 18 18 18 18 18 18 18 
whornby 18 18 18 18 18 18 18 18 18 18 18 18 18 18 18 18 18 18 18 18 
jwade5 18 18 18 18 18 18 24 24 18 40 18 18 18 
mblatt1 18 
jowusuko 18 18 18 18 14 14 18 18 18 18 18 18 18 18 18 18 18 
mmang 18 26 26 18 18 18 18 18 18 18 18 18 18 18 18 18 18 18 18 18 18 18 18 18 18 18 
waberger 18 24 24 18 40 18 18 18 18 
llombar2 18 18 18 18 18 18 18 18 18 18 18 18 18 18 18 18 18 18 18 18 18 18 
gkaiser 18 18 18 18 18 18 18 18 18 18 18 18 
koconn27 18 24 24 18 40 18 18 18 18 18 22 22 1 1 13 13 2 2 18 18 18 18 18 18 18 18 18 18 18 6 6 25 25 30 30 18 40 18 18 18 18 18 18 18 18 18 18 18 18 18 18 18 18 18 18 18 
aweishan 18 40 18 18 18 18 18 18 18 18 18 18 18 18 18 18 18 18 18 18 
mcaskey 18 18 24 24 18 40 18 18 18 18 
jguarino 18 36 18 18 18 18 18 18 18 18 18 18 18 18 18 18 18 18 18 18 18 18 18 18 
cseymou2 18 18 18 24 24 18 18 18 18 18 18 18 18 18 18 18 
dplagenz 18 18 18 18 18 18 18 18 18 18 18 18 18 18 18 18 
csasso 18 40 18 24 24 18 39 18 18 18 18 18 18 18 18 18 18 18 18 18 18 18 18 
amccar11 18 40 18 18 18 18 18 18 18 18 18 18 18 
yshi6 18 18 24 24 1 1 22 22 2 36 2 6 6 23 37 23 33 33 26 26 18 40 18 18 18 18 18 18 18 18 18 18 18 18 18 18 18 
minoue2 18 40 18 18 18 18 18 18 18 18 
jwinebre 18 18 24 24 18 40 18 18 18 18 18 18 18 18 18 18 18 18 18 
sgalbens 18 18 18 18 18 18 18 18 18 18 18 18 18 
jlazzara 18 18 18 18 18 18 18 18 
vruesch 18 18 18 
nniere 18 18 18 18 18 18 18 18 18 18 18 18 18 18 18 18 18 18 18 18 18 18 
ghong 18 18 18 18 18 18 
bhogan1 18 40 18 18 18 18 18 18 18 18 
wdu 18 18 18 18 18 18 18 18 18 18 18 
tmercier 18 40 18 18 
esunshi1 18 18 18 
eevans9 18 40 18 18 
bkenney1 18 1 36 1 6 6 5 5 13 13 18 18 18 18 18 18 18 18 18 18 18 18 18 18 18 18 18 18 
cdieckma 18 18 18 
mcoggins 18 18 18 18 18 18 18 18 18 18 
lblitzer 18 18 18 18 18 18 18 18 18 18 18 18 
jdelledo 18 18 18 18 18 18 18 18 18 18 18 18 
mfreedlu 18 18 18 18 18 18 18 18 18 18 18 18 18 18 18 18 18 
tprice4 18 40 18 18 18 18 34 34 18 18 18 13 13 4 4 17 17 18 18 18 3 3 26 26 19 19 18 18 25 25 5 5 18 40 18 18 6 6 30 30 18 38 18 18 24 24 18 39 18 18 
lbarret2 18 18 18 18 18 18 18 18 18 18 
eralph 18 18 18 18 18 18 18 18 18 
bhalliga 18 18 18 18 18 18 18 18 18 18 18 18 18 18 18 18 
sroennec 18 40 18 18 18 18 18 
jmurph32 18 18 18 18 18 18 
cfrentze 18 18 18 18 18 18 18 18 18 18 18 
mnewcome 18 40 18 18 34 40 34 18 40 18 18 18 
jsitarsk 18 18 18 26 26 19 19 3 3 33 40 33 18 40 18 18 18 24 24 18 36 18 18 26 36 26 18 40 18 18 18 18 18 18 18 18 18 18 18 18 18 18 18 18 18 18 18 18 18 18 18 18 18 18 18 
tpreko 18 40 18 18 18 18 18 18 18 18 
mtreacy 18 40 18 18 18 18 18 18 18 18 18 18 18 
ccampb21 18 18 18 18 18 18 18 
rrivera8 18 18 
rblack4 18 38 18 18 18 18 18 18 18 18 18 18 18 18 18 18 18 18 
jwelsch 18 18 18 18 18 18 18 18 
jgately1 18 40 18 18 18 18 18 18 
gdean 18 18 
ewigutow 18 40 18 18 18 18 18 18 18 18 18 
dgibbon2 18 18 18 18 18 18 18 18 18 18 18 18 18 18 18 18 18 18 18 18 18 18 18 18 18 18 
cmorton2 18 18 18 18 18 18 
mrooney6 18 18 
mmoran12 18 40 18 18 18 18 18 18 18 18 18 18 18 18 18 18 18 18 18 
jwalte10 18 40 18 13 13 15 15 18 40 18 18 18 18 18 18 15 15 18 40 18 18 18 18 18 18 
jcarney6 18 18 18 
pmeyer3 18 18 18 24 24 18 40 18 18 18 18 18 18 
icallaha 18 39 18 18 18 
dtoth1 18 18 18 18 18 18 18 18 18 18 18 18 18 18 18 18 18 18 24 24 18 40 18 18 18 18 
kkostola 18 24 24 18 18 18 18 18 18 18 18 18 18 18 18 18 18 18 
dlee26 18 18 18 18 18 18 18 18 18 18 18 18 18 18 18 18 18 18 18 18 18 18 18 18 18 18 18 18 18 18 18 18 18 18 18 
yying 18 40 18 18 18 18 18 18 24 24 
swagy 18 18 18 18 18 18 18 18 18 18 
rroque1 18 24 24 6 6 3 3 26 26 19 19 18 40 18 18 18 18 18 18 18 18 18 
kdantoni 18 40 18 24 24 22 36 22 13 13 7 7 15 39 15 18 18 24 24 19 19 18 40 18 18 24 24 18 40 18 18 18 18 18 18 18 18 18 18 18 18 18 18 18 18 18 18 18 
wmohler 18 18 18 18 18 18 
lklein1 18 40 18 18 24 24 18 40 18 18 18 18 18 18 
jbecker9 18 37 18 14 14 18 40 18 18 18 18 24 24 18 40 18 1 1 15 15 31 31 19 19 13 13 22 22 5 5 18 40 18 8 40 8 18 37 18 18 18 18 18 18 18 18 18 18 18 18 18 18 18 18 
hrague 18 18 18 18 18 
cott 18 18 18 18 18 
mholzbau 18 18 18 18 18 18 18 18 18 18 
mhawkin3 18 18 24 24 18 40 18 18 18 18 
lharmon 18 18 18 18 18 18 18 
elazzaro 18 40 18 18 18 18 18 18 18 18 18 18 18 18 18 18 18 18 18 18 18 18 18 18 18 18 
tburley 18 18 18 18 18 18 18 
shenn 18 24 24 18 36 18 18 24 24 18 40 18 18 
jgomez5 18 18 18 18 18 18 18 18 18 18 18 18 
jfries3 18 18 18 18 18 18 18 18 18 18 18 18 18 18 18 18 18 
bniemoel 18 39 18 18 18 18 18 18 18 18 18 18 
kriordan 26 26 19 19 3 3 18 18 18 18 18 18 18 18 18 18 18 18 18 18 18 18 18 18 18 
jmurph33 18 18 18 18 18 18 18 18 18 18 18 
dcorr1 18 18 18 18 18 18 18 18 18 18 
cemenalo 18 18 18 
yjung2 18 18 18 18 18 18 18 
rpappas 18 40 18 18 18 18 18 18 18 18 18 
mmerric1 18 18 18 18 18 18 18 18 18 18 18 18 18 18 18 18 18 18 18 
mdosch 18 
jbettag 18 18 18 18 18 18 
jbernin1 18 18 18 18 18 18 18 18 18 18 18 
gbruenin 18 18 
ddallava 18 18 18 18 
cgamboa 18 40 18 18 18 
nquartir 13 40 13 34 34 2 2 8 8 18 40 18 18 18 18 18 18 18 18 18 18 18 18 18 18 
lfaubion 18 18 18 18 18 18 18 
cwilso24 18 18 34 34 7 7 5 5 18 40 18 18 18 18 24 24 18 40 18 18 18 18 
aursino1 18 18 18 18 18 18 18 18 18 18 18 18 18 18 18 18 18 18 
msummer2 18 18 18 18 18 18 18 18 18 18 
kramm 18 18 18 18 18 18 18 18 18 18 18 18 18 
jchapple 18 18 18 18 18 18 18 18 18 
jbonds 18 40 18 18 18 18 24 24 18 40 18 24 24 18 40 18 24 24 18 40 18 18 18 18 18 18 
dbirzer 18 13 13 18 40 18 1 1 18 40 18 18 18 22 22 25 25 5 5 28 28 9 9 18 40 18 18 30 30 18 40 18 18 18 18 18 18 18 18 18 18 18 18 18 18 18 18 18 18 18 18 18 18 18 18 18 18 18 18 18 18 18 18 
cfish 18 40 18 18 18 
nholmes1 18 40 18 24 24 18 18 18 
ngiovino 18 18 18 18 18 18 
eherber1 18 40 18 18 18 18 18 18 18 
cgallag3 18 18 18 18 18 18 18 18 18 18 18 18 18 18 18 18 18 18 
tzheng2 18 
mgerber 18 40 18 18 18 18 18 
jcolli23 18 18 
awalton3 18 18 18 18 18 18 18 18 18 18 18 18 18 18 18 18 18 
vwhitmor 18 37 18 
rpellica 18 38 18 18 18 18 18 18 18 18 18 18 18 
rmyers9 18 33 33 13 13 30 30 18 40 18 18 18 18 18 18 18 
mdillon7 18 40 18 
jdoerer 18 18 18 18 18 18 18 18 18 18 18 18 18 18 18 
gbiltz 18 40 18 18 18 18 18 18 18 18 
aheck1 18 40 18 18 
ucooper 18 18 18 18 18 18 18 18 
rschill1 18 40 18 18 18 18 18 18 18 18 18 18 18 18 18 18 18 
mschlic1 18 18 18 18 18 18 18 18 18 
mperry6 18 18 18 
jfenton1 18 18 18 18 18 18 18 18 18 
csauder 18 40 18 18 18 18 18 18 18 
alowney 18 40 18 
zkagalw1 18 40 18 18 18 18 18 18 
swilkin4 18 11 11 18 40 18 18 18 18 18 18 18 18 18 18 18 18 
imarx 18 18 18 18 18 18 24 24 18 39 18 21 21 29 29 24 40 24 9 9 18 36 18 18 18 15 15 18 40 18 18 18 18 18 18 18 18 18 
cschmid7 18 39 18 18 18 
awang4 18 40 18 
abenavi3 18 18 18 18 18 18 18 
sweyhmil 18 40 18 18 18 18 18 18 18 18 18 18 18 18 18 18 18 18 18 18 
sgenz 18 18 18 18 18 18 18 18 18 18 18 18 
mwu4 18 18 18 18 14 14 13 36 13 26 39 26 18 18 1 1 22 22 18 40 18 18 18 1 36 1 13 13 18 36 18 18 18 18 18 18 18 18 18 18 1 1 18 40 18 
jleporte 18 36 18 18 
adichris 18 18 24 24 18 18 18 
scrotty1 18 40 18 18 18 18 18 18 18 18 18 18 18 18 18 18 18 
pfarring 18 18 18 18 18 18 18 13 13 21 37 21 18 18 18 18 
pdesousa 18 40 18 18 18 18 18 18 18 18 18 18 18 18 18 18 18 18 18 18 
mkuehl 18 40 18 18 18 18 18 18 18 18 18 18 18 18 18 18 18 18 18 18 
lfitter 18 18 18 18 18 18 18 
kenriett 18 18 18 18 18 18 18 18 18 
hzahour 18 32 32 33 33 18 40 18 18 18 14 14 18 40 18 24 24 18 40 18 18 18 18 18 18 18 18 
emostyn 18 18 18 18 
amellert 18 18 24 24 18 40 18 18 18 18 18 18 18 18 18 18 18 
aandrade 18 18 18 18 18 18 18 18 18 18 
tdann 18 24 24 18 37 18 18 18 18 18 18 18 18 18 18 18 18 18 18 18 18 18 18 18 18 18 18 18 18 
sielusic 18 40 18 18 18 18 
mlicursi 18 18 18 
mdrake2 18 18 18 18 18 
lhe3 18 18 
inegroro 18 40 18 18 24 24 18 40 18 18 18 18 18 18 18 18 18 18 18 18 18 18 18 18 18 
afonash 18 18 18 18 18 18 
obarnard 18 18 18 18 18 18 18 18 18 18 18 
nbenz 18 
lhuang3 18 18 1 1 18 40 18 30 30 7 7 26 26 6 6 18 18 18 18 18 18 18 18 18 18 18 18 
jwessele 18 18 24 24 18 40 18 18 
jmastron 18 18 18 18 18 18 18 18 18 18 18 18 18 18 18 18 18 
dmarino 18 18 18 
cpickfor 18 18 18 18 18 
obaitlot 18 18 18 18 18 18 18 18 18 
kmollenk 18 40 18 18 18 18 18 18 18 
ccarlso2 18 40 18 
bmoreno1 18 18 18 18 18 18 18 18 18 18 
smanriqu 18 18 24 24 18 40 18 18 
mmillado 18 18 18 18 18 18 18 18 18 
mferrel2 18 40 18 18 
ldougla3 18 18 18 18 18 18 18 18 
jmcconn1 18 39 18 18 18 18 
ecahill 18 18 
dshaw4 18 18 18 18 18 
alucche1 18 
odonnel1 18 18 18 18 
mpirko 18 18 18 18 18 18 
mlyden1 18 18 18 18 18 18 
eschnaut 18 18 24 24 18 18 18 18 18 18 18 24 24 18 40 18 18 18 18 18 30 30 2 2 18 40 18 18 18 18 18 
esalina1 18 24 24 22 40 22 1 1 10 36 10 18 40 18 24 24 18 40 18 18 18 18 18 18 18 
adiederi 18 18 18 18 18 18 18 18 
sholtz1 18 18 18 18 18 18 18 18 18 
sdann 18 18 18 18 18 18 
pkolek 18 18 
nhaymond 18 40 18 18 18 18 18 24 24 18 40 18 18 18 18 18 18 
kmuha 18 18 18 18 18 18 18 18 18 18 18 18 18 
kfeehan 18 18 18 18 18 18 18 
kalme 18 40 18 18 18 18 
ivaldess 18 18 18 
esmith30 18 40 18 18 18 
ctoudouz 18 32 32 23 23 33 33 18 40 18 
sreddy4 18 
rboylan 18 18 18 18 18 18 
ncheng 18 40 18 18 
jzelinsk 18 18 18 18 18 18 18 18 
jcuji 18 18 
gworthin 18 40 18 18 18 18 
dfabrega 18 18 18 18 18 18 18 18 18 18 18 18 
angov 18 18 18 18 18 18 18 18 
adunniga 18 18 18 18 18 18 18 18 18 18 18 18 18 18 18 
skolda 18 18 18 18 
scrippes 18 24 24 18 40 18 18 24 24 23 23 18 18 18 18 18 18 18 18 18 18 18 18 18 
mschutze 18 40 18 18 18 24 24 13 36 13 18 39 18 18 18 18 
mpavloff 18 18 18 18 18 18 18 18 18 18 18 
lnixon1 18 18 
kmurray7 18 18 18 18 18 18 18 18 18 18 
jshard 18 40 18 18 
hthomps4 18 18 18 18 18 18 18 18 
ewood1 18 22 22 1 1 13 13 3 3 5 5 18 18 18 18 18 18 18 18 18 18 18 
estrouse 18 18 18 18 18 18 18 18 
sekanay1 18 18 24 24 18 40 18 18 
odegnim 18 18 18 18 18 18 18 18 18 18 
kcox5 18 18 18 18 18 
kborotho 18 18 18 18 18 18 18 18 18 18 18 18 
jbertram 18 18 18 18 18 
hbyrne 18 40 18 18 18 18 18 18 18 18 18 18 18 18 18 18 18 18 
ggulyas 18 18 3 3 3 3 19 19 19 19 26 26 26 26 14 14 14 14 18 36 18 18 18 14 14 33 33 23 40 23 32 32 18 40 18 18 18 18 
ekeuler 18 18 18 
egeyer1 18 40 18 18 18 18 18 18 18 18 
dlong2 18 18 18 18 18 18 18 18 18 18 18 18 18 18 18 
bpierpoi 18 18 
apavelka 18 18 18 18 18 18 18 18 
rbartle1 18 18 18 
nyusko1 18 18 18 18 18 18 18 18 18 18 18 18 18 18 18 18 18 
motten1 18 40 18 18 18 18 18 18 
molsen3 18 18 
mdambros 18 40 18 
kmountf1 18 18 18 
jeversol 18 40 18 18 18 18 18 18 18 18 18 18 18 18 
etorrent 18 40 18 18 
ereynol5 18 40 18 32 32 23 23 33 33 18 40 18 24 24 18 40 18 18 18 13 13 18 39 18 18 18 34 34 18 39 18 18 24 24 18 40 18 18 18 
epark5 18 18 18 24 24 18 36 18 13 13 18 40 18 24 24 18 40 18 18 18 18 18 18 18 18 18 
dpatel2 18 18 18 18 
cmoreno5 18 24 24 18 40 18 18 24 24 18 40 18 18 18 
bgawel 18 18 
bconlon 18 40 18 15 15 13 13 10 36 10 29 37 29 13 40 13 18 40 18 18 18 
apanousi 18 18 18 18 18 18 18 18 
tdasso 18 40 18 
rwittmer 18 40 18 18 18 18 18 18 18 18 18 
rvazza 18 40 18 18 18 18 
nhong 18 18 18 18 18 
mrohling 18 18 18 18 18 
dsmith53 18 18 18 18 
cdowicz 18 24 24 18 40 18 18 18 18 18 18 18 18 
bnakfoor 18 18 18 18 18 18 18 18 18 18 18 18 18 18 18 18 
akhemani 18 40 18 18 18 18 
ahughes8 18 18 18 18 18 18 18 18 18 
tperey 18 18 18 18 18 18 18 18 18 18 18 18 18 
pbetz 18 2 2 18 18 6 6 30 30 18 40 18 18 18 18 18 18 18 18 18 18 18 18 18 18 18 18 18 24 24 18 40 18 
mmccor15 18 18 18 18 18 18 18 18 18 18 18 
mgray10 18 18 24 24 18 40 18 18 18 18 18 
mfraizer 18 18 18 18 18 18 
lherna11 18 18 18 18 18 18 
jmolumph 18 18 18 18 18 18 18 18 
hzweberl 18 40 18 
dserafin 18 40 18 18 18 
bpowell4 18 40 18 18 18 
mdownin1 18 40 18 18 18 18 18 
lduggan 18 18 20 36 20 5 5 28 28 26 39 26 18 40 18 18 18 18 18 18 18 18 18 18 18 18 18 18 18 18 18 18 18 18 18 18 18 18 18 18 18 18 18 18 18 18 18 18 18 
kmclaug3 18 38 18 24 24 18 18 18 18 18 18 
kbulleit 18 40 18 
jplas 18 40 18 18 
jbrown36 18 40 18 18 
dkim30 18 40 18 18 18 18 18 18 18 18 18 18 18 
cpantin 18 39 18 24 24 18 40 18 
cmyers11 18 38 18 18 1 1 27 27 12 37 12 34 36 34 18 40 18 18 15 40 15 3 37 3 33 33 26 26 24 40 24 18 40 18 18 18 18 18 18 18 18 18 
amora2 18 26 26 19 19 3 3 18 18 18 18 18 32 32 23 23 33 33 18 36 18 18 18 18 18 24 24 18 40 18 18 18 18 18 18 18 
xtsai 19 19 3 3 18 40 18 18 18 18 18 24 24 18 40 18 18 18 18 24 24 18 40 18 18 18 18 
wbaer 18 18 18 18 18 18 18 18 18 18 28 28 12 12 9 9 18 40 18 21 21 20 36 20 18 18 18 18 29 29 18 39 18 18 11 11 20 40 20 18 40 18 18 11 11 18 18 18 18 18 11 11 18 40 18 18 15 15 13 13 18 40 18 18 18 18 18 6 6 2 2 30 30 18 40 18 18 18 18 4 4 17 36 17 34 34 18 40 18 18 34 34 7 7 18 40 18 10 10 18 40 18 18 18 18 18 18 18 18 18 18 23 23 33 33 18 18 18 24 24 18 40 18 18 18 18 18 19 19 18 40 18 18 32 32 18 40 18 18 18 18 24 24 18 40 18 18 24 24 18 40 18 18 18 18 
nisakson 18 40 18 
kmurph44 18 40 18 18 18 18 18 18 18 
ibushue 18 18 18 18 18 
enichol4 18 40 18 18 
egroth 18 18 18 18 
aheinzma 18 
adecker1 18 40 18 18 18 18 18 18 
aameen 18 40 18 18 
zwall 18 18 18 
smonaha1 18 18 18 24 24 18 40 18 18 
sdeschne 18 18 18 
mowen 18 40 18 18 18 18 18 18 18 
lwatts1 18 18 1 1 15 15 33 33 20 20 18 40 18 18 
krochefo 18 18 18 18 18 18 18 18 
evandier 18 18 18 18 18 18 18 
eclapp 18 18 18 18 18 18 18 18 18 18 18 18 
awaldsch 18 18 18 18 18 18 
adevito1 18 18 18 18 18 18 18 18 18 18 18 18 18 18 18 18 18 18 
tsilva1 18 40 18 18 18 
oivan 18 18 
mmarti45 18 40 18 18 
mjorden 18 40 18 18 18 18 
ldorenko 18 18 18 
ktracey 18 40 18 18 18 18 18 18 18 
krothmey 18 40 18 24 24 
kbiladea 18 18 18 
jweas 18 
jgoldsch 18 40 18 
jdraves 18 
gotte1 18 
etruesda 18 40 18 18 18 18 18 18 
emeara 18 40 18 18 18 18 18 18 
cnilsen 18 18 18 18 18 18 18 
bmurph24 18 40 18 18 18 
azammit 18 18 18 18 
arabbitt 18 40 18 24 24 20 37 20 6 6 28 28 18 18 18 18 12 12 18 18 18 18 18 18 18 18 18 18 18 18 18 
wcheong 18 18 18 18 18 
kmoran11 18 24 24 0 0 18 40 18 18 18 1 1 22 22 18 40 18 18 18 18 18 18 
kgalla21 18 
kgalla20 18 18 18 18 18 18 18 18 
kfranz1 18 18 18 
jsutton3 18 40 18 14 14 23 39 23 18 40 18 18 24 24 18 38 18 18 18 18 24 24 18 39 18 18 18 18 
jhegart2 18 
japplew1 18 18 18 24 24 18 40 18 
imurrer 18 
fschemel 18 40 18 18 18 18 
fprimozi 18 18 18 18 18 18 18 18 18 18 18 
elinares 18 18 18 18 18 18 18 
cmulshin 18 18 18 18 18 18 18 18 
cmagnuss 18 40 18 18 
ccleary1 18 40 18 18 18 
abohling 18 18 18 18 18 18 18 18 18 
mscanish 18 40 18 18 18 18 18 18 18 
mkirven 18 18 18 18 18 18 18 18 24 24 18 40 18 18 18 
lkim3 18 
lgrabows 18 40 18 18 18 18 18 18 
lcaffar1 18 18 18 18 18 18 18 
kliang2 18 18 
jnowak4 18 18 18 18 18 18 
hcheng1 18 18 
bmerrick 18 18 18 18 
bgagnon 18 18 18 18 
tmansell 18 18 
rrocco 18 18 18 18 18 
rpuno 18 40 18 
lyan4 18 18 18 18 
kpresteg 18 18 18 18 
jbaines 18 40 18 18 18 18 18 
aromano2 18 24 24 18 40 18 24 24 18 40 18 18 18 18 
alongsta 18 40 18 18 
szachari 18 40 18 18 18 18 
spalumb1 18 18 18 18 18 18 18 18 
pcamara 18 26 26 32 32 33 33 18 40 18 18 18 18 18 24 24 18 40 18 18 24 24 18 18 18 18 18 18 18 18 18 18 18 
operez2 18 40 18 18 18 
nvincent 18 
ldomenel 18 18 
lcho 18 18 18 18 18 
jpaul2 18 40 18 18 18 18 18 18 
ischmitz 18 18 18 18 18 18 18 
eeagle 18 40 18 18 
dallen13 18 18 18 18 18 18 18 18 18 18 18 18 18 18 
cdenzel 18 
asowell 18 18 18 18 18 18 18 18 18 
yzou2 18 18 18 
pmcmonag 18 
kpaulsen 18 40 18 
kjacoby1 18 18 
jruane 18 36 18 18 18 
jdodig 18 18 18 18 18 18 18 18 18 18 18 18 
gcramer1 18 18 18 18 
everhey 18 40 18 18 18 18 18 18 18 18 18 18 18 18 18 18 18 18 18 
esoller 18 18 18 24 24 18 39 18 18 18 18 18 18 18 18 
ckotseos 18 40 18 18 18 18 18 
cganley 18 
asweet 18 18 18 18 
apaik 18 
thuber1 18 18 18 18 18 18 18 18 
sincera 18 40 18 
phennes2 18 18 18 18 18 18 18 18 18 18 
msahd 18 18 18 18 
mcabrer1 18 40 18 18 
kkolleck 18 
jgonnard 18 18 18 18 18 18 18 18 18 18 18 18 18 
hsarkey 18 18 18 18 
hholden 18 18 18 18 
epil 18 18 18 18 
awitte 18 18 18 
trogers6 18 18 19 40 19 3 3 18 40 18 18 24 24 24 40 24 22 40 22 18 40 18 13 13 25 39 25 18 40 18 18 18 18 24 24 18 40 18 
tfross 18 40 18 18 18 
taguirre 18 18 18 18 
kcockrel 18 18 18 18 
jmarino6 18 
eguenthe 18 18 18 18 18 18 18 18 
ecaradon 18 40 18 18 18 18 22 22 34 34 7 7 2 2 6 6 30 30 18 18 
creid4 18 40 18 18 18 18 18 
carizama 18 18 18 18 18 18 18 
anataraj 18 
svukovit 18 18 18 
msteph11 18 40 18 
mraster 18 40 18 
lbognar1 18 18 24 24 18 37 18 18 24 24 17 36 17 5 5 18 18 18 
lbakke 18 40 18 
jzacher 18 40 18 
jheath3 18 40 18 18 18 18 
hduan 18 18 
epuntill 18 40 18 18 18 18 18 18 
eallgaie 18 18 
dlipa 18 13 13 26 26 24 24 1 1 18 18 18 11 11 18 40 18 18 18 18 18 18 18 18 18 18 18 18 18 18 
clowney1 18 18 24 24 
bsailer1 18 18 18 18 30 30 22 22 18 40 18 18 18 
bburger 18 40 18 18 18 
bbishop2 18 18 18 18 18 24 24 18 40 18 18 
alifka 18 18 
ttarkles 18 40 18 18 
tkhong 18 40 18 18 24 24 18 18 18 
sschmit1 18 18 
rsulli13 18 40 18 18 24 24 18 40 18 
plally 18 40 18 18 18 
mwhelan3 18 18 18 
mmccabe6 18 
mkeller6 18 18 18 18 18 18 18 
mdadamio 18 18 18 18 18 18 18 18 18 18 18 
khinish 18 26 26 19 19 3 3 14 14 23 40 23 33 33 18 40 18 24 24 18 40 18 18 18 18 18 18 24 24 18 40 18 18 18 
hschwart 18 40 18 24 24 18 40 18 18 18 18 18 
hparkhil 18 18 18 18 18 
dnaquin 18 18 18 
abenedic 18 18 
wdefaria 18 40 18 18 18 18 18 18 
tcomer 18 40 18 18 18 18 18 18 
tcarnes 18 18 18 18 18 18 18 
rpowlus1 18 18 18 18 18 15 15 18 40 18 18 18 14 14 18 40 18 18 2 2 30 30 6 6 18 40 18 4 4 17 17 31 31 15 15 13 13 6 36 6 15 36 15 31 31 18 36 18 18 18 18 18 18 18 18 18 18 18 26 26 26 26 19 19 19 19 3 3 3 3 18 37 18 18 18 18 18 24 24 18 40 18 18 18 24 24 18 39 18 18 
rduffy3 18 18 
narmbrus 18 18 18 18 
mritten 18 18 
mdonne10 18 36 18 18 18 18 18 18 18 
kperez4 18 18 14 14 13 38 13 5 5 22 22 18 40 18 18 18 18 18 18 18 
jsuttman 18 18 18 18 18 
jgriff12 18 40 18 18 
jables 18 40 18 18 34 39 34 18 18 25 25 18 40 18 18 
eforbes1 18 18 18 18 18 18 24 24 18 40 18 
ccorse 18 18 18 18 
asmith56 18 32 32 23 23 33 33 18 40 18 18 18 18 18 18 18 
acook8 18 
abojczuk 18 40 18 18 18 
zliang3 18 40 18 
ychen30 18 40 18 18 18 18 18 18 18 
tkacius 18 40 18 18 18 18 18 18 18 18 18 18 
szabala 18 40 18 18 18 18 
swallac3 18 18 24 24 18 40 18 18 18 18 18 18 
sbattali 18 40 18 18 18 18 18 18 
ojacobse 18 
npatidar 18 40 18 18 
ngiannot 18 18 18 18 
mstebbi1 24 24 18 40 18 18 18 18 18 18 
mkelley9 18 
kwhite14 18 40 18 
kconese 18 8 8 18 40 18 18 18 18 18 18 18 18 18 18 18 18 
jslaugh2 18 40 18 18 14 14 32 39 32 18 40 18 18 18 18 18 18 18 18 18 
gwilson6 18 40 18 18 18 18 18 18 18 18 
gpernico 18 18 18 
drea 18 18 24 24 18 39 18 18 18 18 18 18 18 18 
dkelly13 18 18 18 
cschust4 18 40 18 18 18 
bdzubara 33 33 23 23 32 32 18 40 18 18 18 18 18 18 18 18 
akurz 18 18 18 18 18 18 18 18 18 
acrowle1 18 40 18 18 
zzovko 18 18 18 18 18 18 18 33 33 14 14 18 18 26 26 18 40 18 18 18 18 
ztulausk 18 36 18 24 24 6 40 6 13 39 13 34 40 34 19 19 18 40 18 18 
tfolwell 18 40 18 
sharri11 18 18 18 18 18 18 18 18 
mphelan5 18 24 40 24 
mkocher2 18 18 
ksteenvo 18 23 23 21 21 18 39 18 18 24 24 18 40 18 18 18 18 
kmehta2 18 18 18 18 18 18 18 
jrhiling 18 40 18 18 18 18 18 
jmcclin1 18 18 18 
eolsen2 18 40 18 18 18 18 
egrammer 18 40 18 18 
dngo2 18 24 24 26 40 26 18 40 18 18 18 18 18 
czhou4 18 18 
csedore 18 18 18 18 18 18 18 18 18 18 18 18 18 
astaresi 18 18 
areymer 18 18 18 18 
abatkoff 18 18 18 18 18 18 
xzhang24 18 18 
skoo1 18 40 18 
rsong 18 18 18 18 
rbanuelo 18 40 18 18 18 24 24 18 40 18 22 22 1 1 13 13 29 29 25 25 24 40 24 18 39 18 18 
psansone 18 
npassina 18 
mlarson3 18 40 18 18 18 18 18 18 18 18 
mhagan2 18 18 18 18 
mcrawf10 18 40 18 14 14 18 40 18 18 
jbelluc2 18 40 18 18 18 18 18 18 18 18 18 18 
jander21 18 18 18 18 18 
ioteroto 18 
ejones15 18 18 18 
ecummin2 18 18 
ccastil4 18 36 18 18 
cbarahon 18 18 18 18 18 18 18 18 
zeggers 18 39 18 18 18 18 18 18 18 18 18 18 
skeller5 18 40 18 
nholmes2 18 18 18 18 18 
mtagovai 18 18 18 18 18 18 18 18 
mryan32 18 34 34 12 12 1 1 14 14 13 13 6 6 18 40 18 18 18 18 18 18 18 18 
mmatusk1 18 18 
mflanag8 18 40 18 
mdoyle19 18 40 18 
lfalquez 18 40 18 18 18 18 18 18 
jmarvin2 18 40 18 18 
hchoudhu 18 40 18 18 18 18 18 
edell 18 36 18 18 32 40 32 33 40 33 18 40 18 18 18 24 24 18 40 18 18 
delwell 18 40 18 18 
cpawelek 18 18 18 18 18 18 18 18 18 18 
ccasper 18 40 18 18 18 18 18 18 18 18 18 18 18 18 18 
bbrown14 18 40 18 18 
ychen31 18 18 18 18 18 18 18 18 
vkareh 18 18 18 
rwilso18 18 40 18 18 18 24 24 18 40 18 
rmelotik 18 40 18 18 
pkollma1 18 18 18 18 18 18 18 18 18 18 
phaley1 18 18 
mzakowsk 18 18 18 
mmoufawa 18 18 18 18 18 18 18 18 
mmaldona 18 18 24 24 18 40 18 18 24 24 18 36 18 18 18 18 18 18 18 18 18 
mlake2 18 40 18 18 18 18 
mcurlis2 18 40 18 18 18 
kround 18 40 18 18 
kmoeinva 18 18 
jsong3 18 18 18 18 18 18 
jnagle7 18 40 18 18 18 18 18 18 
jmullen6 18 
jhuber4 18 18 18 18 
gvonuhle 18 40 18 
esienko 18 36 18 18 14 14 32 32 18 40 18 18 
ekiszla 18 40 18 24 24 
ekenney1 18 40 18 4 4 18 40 18 18 18 18 18 18 
edoyal 18 
dmikovit 18 40 18 
dkim28 18 18 
clink4 18 18 18 18 18 18 18 
bferris1 18 18 18 
syi3 18 
swolfe1 18 40 18 18 18 
shatfie1 18 40 18 
rtaraboc 18 18 18 
nllauro 18 40 18 18 18 
mvander4 18 
mtapp 18 18 18 18 18 
mmirer 18 18 18 18 18 18 18 
mesteve 18 18 18 18 
mbutle14 18 37 18 24 24 18 38 18 11 39 11 18 40 18 18 18 18 18 
mbutle13 18 40 18 18 
lrodrig6 18 40 18 
kkubik 18 40 18 18 
jcorbin2 18 40 18 
ihornung 18 40 18 24 24 15 40 15 13 13 10 36 10 34 34 18 40 18 
gpetrosi 18 18 18 
edownin1 18 40 18 18 18 15 15 18 40 18 18 18 18 18 
coleary2 18 18 18 18 18 
cmeyers3 18 18 
cfitzgib 18 40 18 
apeter14 18 40 18 18 18 
aander27 18 18 18 18 
yfeng3 18 18 18 18 18 18 18 
risrael1 18 40 18 18 18 18 18 
piannell 18 18 18 18 
nmattei1 18 40 18 
mvondras 18 18 18 
mretoske 18 40 18 18 24 24 
mplante 18 37 18 
mlegersk 18 40 18 18 18 18 18 18 18 
mjohns57 18 18 
mheli 18 18 18 18 18 
mbianco 18 18 
lstephe3 18 18 18 
kmccahan 18 
jriver11 18 18 18 18 18 18 
jmrozek 18 18 
jhirshor 18 18 
jgarci22 18 18 18 18 18 18 18 
gnguyen 18 
eriojas 18 18 18 18 
ebrown20 18 40 18 
dadams13 18 40 18 18 18 18 18 18 
cdito 18 40 18 18 18 
alaboe 18 18 18 18 18 18 18 
ablanch2 18 40 18 18 18 18 18 18 18 
yhe9 18 40 18 18 18 18 18 18 
wzhu2 18 40 18 
tkoewler 18 40 18 18 18 
scannova 18 23 23 33 33 32 32 18 37 18 18 18 18 18 24 24 7 39 7 18 40 18 18 21 21 18 36 18 18 18 18 24 24 18 40 18 
samezqui 18 18 
rchan3 18 40 18 18 18 
poconno6 18 40 18 18 
ohatch 18 40 18 
nho1 18 26 26 24 24 19 19 32 32 18 18 23 23 33 33 18 36 18 18 24 36 24 18 40 18 18 18 18 18 18 
mwinche1 18 40 18 
msteeves 18 18 18 18 18 18 
mmccans 18 40 18 18 18 
mhanley1 18 40 18 18 18 
mguggenb 18 18 18 18 
mcasasga 18 
kthomp21 18 40 18 18 
kmccabe4 18 40 18 18 18 18 13 13 18 18 31 31 18 39 18 
khuffert 18 40 18 
jxu9 18 39 18 18 24 24 18 40 18 18 18 18 18 
jstellon 18 24 24 18 18 18 18 18 18 18 18 18 18 18 
jboateng 18 18 18 18 
iedgar 18 
ekeefe2 18 18 18 18 18 18 
eheidenr 18 
cpalor 18 
ccahill6 18 40 18 18 18 18 18 18 
bgrier 18 
bdrummo1 18 18 
bcarmody 18 18 18 18 18 18 18 
amurph14 18 18 18 18 18 18 18 18 18 
afemrite 18 40 18 18 18 
tpagessa 18 27 27 14 14 18 40 18 
tjohns29 18 
pbald 18 18 18 
mnieves1 18 39 18 20 20 18 40 18 24 24 18 39 18 18 18 18 18 
mbrombac 18 18 18 
mbeinlic 18 18 18 18 
lmedinab 18 40 18 18 18 18 18 18 18 18 
lmcphill 18 18 
kwoodwa3 18 18 18 8 8 18 18 21 21 13 13 6 6 18 40 18 18 18 
kperry7 18 34 34 7 7 2 36 2 30 30 6 6 18 18 18 18 18 18 18 18 24 24 18 40 18 18 24 24 18 40 18 18 24 24 18 40 18 
kmoran10 18 
kmessier 18 18 
kabe1 18 31 36 31 22 22 1 1 7 39 7 18 40 18 18 18 15 15 13 13 23 23 34 34 18 39 18 10 10 18 40 18 18 18 
jusher 18 18 24 24 18 40 18 18 18 24 24 18 40 18 11 11 13 13 17 17 18 40 18 18 
jmusema 18 
jhall15 18 18 18 18 24 24 
jcharbon 18 18 18 18 18 18 18 18 18 18 
gverfurt 18 
gmcdermo 18 24 24 18 39 18 18 18 18 18 18 18 
eyeager 18 40 18 
esulli14 18 18 18 18 18 
edewane 18 40 18 
dmoran5 18 40 18 18 
dbodewig 18 18 
aseketa 18 40 18 18 18 18 18 18 18 18 18 18 18 18 
amitch13 18 18 
amarti54 18 18 18 18 
zwang17 18 40 18 18 18 18 18 18 18 
rmcclain 18 
pmcgee 18 18 18 18 
olombard 18 40 18 
myoung12 18 40 18 18 18 24 24 
mmoreno3 18 39 18 1 39 1 33 33 15 37 15 18 40 18 
mmcelro2 18 36 18 18 18 18 18 18 18 18 
mgroark 18 18 18 18 18 18 18 18 24 24 
mcurrie2 18 18 18 18 18 
lschwar2 18 18 
labreha 18 40 18 18 18 18 18 
kmullan4 18 40 18 18 
jstuppy 18 40 18 18 18 18 18 18 18 18 18 18 18 18 18 
jluk 18 40 18 18 
jigiede 18 40 18 
jhlavin 18 18 18 18 18 18 18 
jgripens 18 40 18 24 24 18 40 18 18 31 31 18 40 18 18 18 24 24 15 15 22 22 13 13 7 7 5 5 17 17 18 18 15 39 15 11 11 1 1 18 36 18 18 18 18 
jfabreg2 18 40 18 18 18 18 24 24 18 40 18 18 18 18 
jedward4 18 
jburhann 18 40 18 14 14 18 40 18 18 24 24 18 40 18 18 18 
hfertitt 18 18 18 18 18 18 18 18 
edidonat 18 18 18 18 
ealbi 18 18 
dharvey1 18 26 26 19 19 3 3 18 18 18 18 
crichte2 18 36 18 18 18 18 18 18 18 
cdunlea1 18 18 
awolfe4 18 15 15 2 2 18 40 18 18 24 24 18 40 18 18 18 18 18 18 
aturzai 18 40 18 18 18 18 18 18 18 
aosorio 18 40 18 
aherna13 18 24 24 18 40 18 18 18 18 
zhan1 18 18 24 24 
tsong2 18 
smurph19 18 40 18 18 
sjo 18 18 18 
sbsales 18 18 
rpozasg1 18 18 
rhughes7 18 38 18 
rbarnes2 18 40 18 18 
msimon6 18 18 18 18 
mgorman5 18 18 
jwoods8 18 18 18 
jlehn 18 18 18 18 11 39 11 24 24 13 13 18 40 18 18 18 18 
jdemarc1 18 18 
hstone3 18 18 
ezahoric 18 
elopez7 18 
ddelliso 18 18 24 24 18 40 18 18 18 18 
cwhalen2 18 
cjacobs3 18 18 18 18 18 18 18 18 18 18 18 18 
blyons1 18 40 18 
bklaus 18 18 
zsurma 18 18 18 18 18 18 
tpopps 18 40 18 
tissa 18 
svorne 18 18 18 18 
sryan9 18 18 
pgorman2 18 18 
nmunozol 18 18 
nkelly3 18 40 18 18 18 18 
nferguso 18 
mhawit 24 24 18 18 18 18 18 18 24 24 18 39 18 18 18 
jzepf 18 40 18 18 
jgirardo 18 
jfrane 18 18 18 18 18 18 18 18 18 18 
iroberts 18 18 18 18 
hferrero 18 18 18 18 18 18 18 18 18 18 
ginglis 18 
ellano1 18 18 18 13 37 13 28 28 18 37 18 18 18 18 18 18 
dreynoso 18 
ctsevis 18 
clangle1 18 18 18 18 
apines1 18 18 
amcfadd1 18 
abiondo 18 1 1 15 15 18 39 18 18 18 24 24 18 40 18 24 24 18 18 20 20 18 36 18 18 18 
thartle 18 18 
tbendeck 18 40 18 18 
ssitarsk 18 
sdutta2 18 40 18 18 18 18 18 
pjohns21 18 24 24 18 18 
pjachim 18 40 18 18 18 
mpenn1 18 11 11 18 40 18 18 18 
mgabouer 18 18 
lwukie 18 40 18 
lsimon2 18 18 
ldevito 18 18 
layuyao 18 18 
kdiggin1 18 40 18 
kbockhol 18 18 18 18 18 18 18 18 18 18 18 18 18 18 
jswift2 18 40 18 18 18 18 
jmoawad 18 
jduffy8 18 18 18 18 
jchandle 18 40 18 18 
jbrunne1 18 
jbordall 18 20 20 18 40 18 18 
ielizond 18 18 18 
hwakelin 18 18 18 18 18 18 18 18 18 18 18 18 18 
gcampoli 18 18 18 18 
eutley 18 
esagun 18 14 14 26 26 19 19 3 3 18 18 32 32 23 23 33 33 18 40 18 24 24 18 40 18 
eobrie14 18 
dgarci18 18 18 
csmith72 18 40 18 18 18 
cholmes6 18 18 18 18 
cgrunha2 18 
cdelane2 18 18 
btournat 18 18 
akeller5 18 18 18 
adaniele 18 40 18 24 24 18 40 18 
aclark13 18 40 18 18 
aboyd2 18 18 24 24 18 40 18 18 22 22 1 1 18 40 18 
wfine 18 39 18 18 18 18 18 18 18 18 
srodawig 18 39 18 18 24 24 18 40 18 18 18 
slee51 18 18 18 18 18 18 18 24 24 18 40 18 18 18 
rmcgove1 18 
pwasuwan 18 18 
ojazbuti 18 18 18 18 18 18 
nskora 18 40 18 18 18 
nmarti12 18 18 18 18 18 18 18 
nhelm 18 40 18 18 18 
mpaulran 18 
jminor1 18 18 18 18 
jesposi2 18 40 18 18 18 18 
igese 18 40 18 18 18 18 
hsun2 18 
emangels 18 18 18 18 18 
eleahy1 18 40 18 18 
ebrady7 18 
dkolkebe 18 40 18 22 22 8 8 18 18 18 8 8 18 18 18 18 18 
clewis13 18 40 18 18 
chanzel 18 18 18 18 
cbowden 18 18 24 24 18 40 18 18 18 18 18 18 
cbartlet 18 
bsoaresd 18 18 18 
bknarr 18 40 18 
bdages 18 18 18 
asood1 18 18 18 18 18 18 
alehanka 18 18 
vzona 18 
vdavis1 18 18 18 
tmcguir2 18 18 18 18 18 18 
tlynch3 18 18 18 18 11 39 11 30 40 30 18 40 18 
sfore 18 18 18 24 24 18 40 18 24 24 18 40 18 18 18 18 
rsabnani 18 18 18 18 18 
rkenyon 18 18 
rhughes8 18 18 18 18 
mzachlin 18 40 18 21 21 18 40 18 18 
moconn20 18 
mmaron 18 
mhepbur1 18 40 18 
jyu7 18 18 
jrombals 18 18 18 18 18 18 18 18 18 18 
icorreia 18 18 18 18 
gklaus 18 18 18 18 18 18 
eromero3 18 40 18 18 
eeschwei 18 18 
ebabcoc1 18 18 18 
dyefreme 18 40 18 18 
dpark5 18 18 
dobrie13 18 40 18 
dkenned7 18 
crodri12 18 
coakley2 18 
cgreeley 18 13 13 20 20 5 5 25 25 18 40 18 18 
cgehan 18 36 18 18 
cdulal 18 40 18 
