dtorgers 18 18 18 24 24 18 40 18 18 18 18 18 18 18 18 18 18 18 18 18 18 18 18 18 18 18 18 18 18 18 18 18 18 18 100
cdavin1 18 100
alebron1 18 18 18 18 18 18 18 18 18 18 18 0 0 25 25 5 5 14 14 18 39 18 18 18 18 18 100
ccooper8 18 18 18 18 18 0 0 100
nweindel 18 18 18 18 18 14 14 18 39 18 18 8 8 18 18 18 18 18 18 18 18 18 18 18 18 0 0 18 18 14 14 18 39 18 14 14 27 27 1 1 18 40 18 18 18 18 18 18 18 18 18 18 18 18 18 100
ntownsen 18 18 18 18 18 18 18 18 18 18 18 27 27 18 40 18 18 22 22 8 8 18 37 18 18 18 18 18 18 18 18 18 18 0 0 100
jberg2 18 18 18 18 18 18 18 18 18 18 18 18 18 0 0 18 18 18 27 27 18 40 18 18 18 18 18 18 18 18 18 18 18 0 0 100
fhita 18 18 18 18 18 18 18 14 14 18 38 18 18 18 18 18 18 22 22 18 40 18 18 18 18 18 100
mmcfarli 18 18 18 18 18 14 14 18 40 18 18 18 18 18 18 18 18 18 18 18 18 18 18 18 18 14 14 22 22 8 36 8 18 39 18 18 18 18 18 18 18 18 18 18 18 18 18 18 18 18 0 0 100
mlengwin 18 28 28 12 12 9 9 12 38 12 14 38 14 21 21 20 20 29 29 18 40 18 18 18 18 18 0 0 100
kwurl 18 18 14 14 22 22 18 40 18 18 18 18 22 22 18 18 14 14 8 8 18 40 18 18 0 0 27 27 14 14 24 24 18 40 18 18 18 18 18 18 0 0 100
ccampb20 18 40 18 18 18 18 14 14 0 0 18 40 18 0 0 100
pbrown10 18 18 18 18 0 0 18 18 100
rdiejoma 18 18 18 18 18 8 8 22 22 14 14 18 37 18 0 0 18 40 18 18 18 18 0 0 100
drogers1 18 18 18 18 18 18 8 8 14 14 18 18 18 22 22 18 40 18 18 18 18 18 1 1 18 40 18 18 18 18 0 0 100
cdelpila 18 18 0 0 18 18 18 18 18 18 0 0 100
cbolivar 18 18 18 18 18 18 18 18 14 14 18 40 18 18 0 0 18 18 100
muhlenbr 18 0 0 18 18 100
msmith75 18 40 18 100
pmcguir2 18 0 0 18 37 18 1 1 18 18 18 18 18 18 27 27 18 40 18 18 100
jstaten 18 0 0 100
mgirod 18 18 18 18 18 18 18 0 0 100
zgartenh 18 100
alabella 18 18 18 18 18 0 0 100
bferrer1 18 18 1 1 18 18 27 27 18 40 18 18 14 14 18 40 18 18 18 18 100
pcataldi 18 37 18 18 18 18 18 18 18 18 18 18 18 18 25 25 5 5 100
aohri 18 5 5 18 38 18 18 25 25 100
pklekamp 18 40 18 18 18 18 18 14 14 18 18 18 25 25 5 36 5 18 40 18 18 100
amccar10 18 18 18 18 18 18 18 18 18 18 0 0 18 18 27 27 14 14 18 40 18 18 18 18 18 1 1 18 40 18 18 18 18 18 100
nwamble 18 18 18 18 25 25 5 5 100
wwu5 18 38 18 18 18 18 18 18 18 18 18 18 18 18 18 18 18 0 0 100
wsuter2 18 18 18 18 18 8 8 22 22 14 14 18 40 18 18 18 18 18 18 18 18 18 18 0 0 100
thowe1 18 18 8 39 8 22 22 18 38 18 18 18 18 18 18 18 0 0 18 40 18 27 27 1 1 100
mmian 18 40 18 18 18 18 14 14 18 18 0 0 18 18 100
jhouge 18 18 18 18 18 18 25 25 18 39 18 5 5 100
slemaign 18 40 18 18 100
ldamoose 18 18 18 18 18 0 0 100
sburnbau 18 18 18 18 18 18 18 100
nwarren 18 18 18 18 18 14 14 18 36 18 8 8 22 36 22 18 18 18 18 18 18 18 18 18 14 14 0 0 100
bconnol3 18 18 18 18 18 14 14 18 18 8 8 22 22 18 18 18 18 18 18 14 14 18 18 18 0 0 18 40 18 18 18 18 0 0 18 18 100
rheitkam 18 0 0 100
jmullike 18 40 18 18 14 14 25 25 100
chickey3 18 14 14 18 40 18 18 18 8 8 18 18 22 22 18 40 18 18 18 18 18 18 18 18 18 18 18 18 18 18 0 0 18 18 100
athoma24 18 18 18 18 18 18 14 14 8 8 22 37 22 18 37 18 18 18 18 18 18 18 18 18 0 36 0 100
rgensler 18 36 18 0 0 100
kthornt4 18 14 39 14 100
pvlandis 18 18 18 18 0 0 100
mmizraji 18 18 18 0 0 100
zpavlin 18 40 18 100
ydeng3 18 9 9 12 12 18 18 18 18 100
kfox8 18 18 18 18 18 18 18 18 14 14 8 8 18 40 18 18 18 14 14 18 40 18 18 18 18 18 18 18 18 0 0 100
lsulli11 18 100
jgorman6 18 18 0 0 100
enunez 18 22 22 8 8 18 40 18 18 18 18 18 18 0 0 18 18 1 1 27 27 18 36 18 18 18 18 18 18 18 18 18 0 0 100
jdirksen 18 39 18 18 5 5 25 25 0 0 18 18 100
whornby 25 25 18 18 18 5 5 18 40 18 100
jwade5 18 18 27 27 18 40 18 18 25 25 5 5 18 18 18 18 18 18 0 0 100
mblatt1 18 36 18 100
jowusuko 18 5 5 25 25 14 38 14 18 18 25 25 18 39 18 14 14 18 40 18 100
mmang 18 18 18 18 14 14 18 39 18 18 18 18 18 18 18 0 0 18 18 18 18 18 100
waberger 18 40 18 18 18 18 0 0 100
llombar2 18 36 18 0 0 18 40 18 100
gkaiser 18 18 1 1 14 14 18 40 18 18 18 18 18 18 18 18 18 100
koconn27 18 18 27 27 1 1 14 14 18 18 18 18 18 18 18 0 0 100
aweishan 18 40 18 100
mcaskey 18 18 18 18 18 18 18 18 14 14 18 40 18 18 22 22 18 37 18 18 8 8 18 40 18 18 1 1 18 39 18 18 18 18 18 18 100
jguarino 18 18 18 18 18 18 100
cseymou2 18 18 18 8 8 18 18 14 14 22 22 18 40 18 18 18 18 18 18 18 0 0 100
dplagenz 18 40 18 1 1 27 37 27 14 36 14 27 36 27 18 39 18 0 0 100
csasso 18 18 0 0 100
amccar11 18 18 1 1 27 27 14 14 18 40 18 18 18 18 24 24 18 40 18 18 18 14 14 5 5 25 39 25 18 18 100
yshi6 18 12 12 28 28 100
jwinebre 18 40 18 18 18 100
sgalbens 18 18 1 1 27 27 18 40 18 18 18 18 18 18 100
jlazzara 18 40 18 18 18 18 18 18 0 0 18 18 18 18 18 14 14 100
vruesch 18 18 18 18 18 18 8 8 22 22 18 40 18 23 23 18 40 18 18 22 22 14 14 18 18 1 1 18 18 1 1 18 40 18 0 0 27 27 18 18 100
nniere 18 40 18 100
ghong 18 18 18 18 14 14 8 8 22 22 1 1 27 27 18 39 18 18 18 18 8 8 22 22 14 14 18 40 18 18 18 18 1 1 0 0 27 27 18 37 18 100
bhogan1 5 5 100
wdu 18 40 18 18 18 4 4 17 36 17 31 31 18 40 18 100
tmercier 18 40 18 18 0 0 18 18 100
esunshi1 18 18 18 18 18 18 8 8 14 14 18 39 18 18 18 18 18 18 18 18 18 18 18 18 18 18 18 14 14 18 40 18 0 0 100
eevans9 18 100
bkenney1 18 18 18 8 8 18 40 18 18 14 14 18 40 18 18 27 27 18 36 18 1 1 0 0 18 40 18 0 0 100
cdieckma 18 100
mcoggins 18 18 18 18 100
lblitzer 18 18 18 1 39 1 18 40 18 18 18 18 18 18 18 18 18 18 18 18 18 18 0 0 18 18 27 27 18 40 18 18 25 25 5 5 18 40 18 25 40 25 18 40 18 18 18 18 18 18 5 5 25 25 18 39 18 28 28 18 40 18 18 18 18 18 18 18 18 18 0 0 100
jdelledo 18 18 18 18 14 14 22 22 18 40 18 18 18 18 18 14 14 8 8 18 40 18 14 14 18 40 18 18 0 0 100
mfreedlu 18 18 18 18 8 8 14 14 22 22 18 40 18 18 18 18 18 27 27 14 14 18 40 18 0 0 18 18 100
tprice4 18 25 25 5 5 100
eralph 18 18 18 18 18 18 18 0 0 100
bhalliga 18 18 18 18 18 18 18 5 5 18 40 18 18 18 100
sroennec 18 100
jmurph32 18 18 18 100
cfrentze 18 18 14 14 18 40 18 8 8 22 22 14 14 18 40 18 8 8 22 22 14 14 18 37 18 18 18 27 27 14 14 18 40 18 18 18 18 18 18 18 18 100
mnewcome 18 100
jsitarsk 18 40 18 18 18 0 0 100
tpreko 18 18 18 18 18 18 14 14 8 8 18 37 18 18 18 8 8 18 40 18 18 18 18 18 22 22 18 40 18 18 0 0 18 40 18 18 100
mtreacy 18 18 18 18 14 14 8 8 22 22 18 40 18 18 18 18 18 0 0 18 18 18 1 1 27 36 27 18 40 18 18 18 18 0 0 18 18 100
ccampb21 18 18 18 18 18 18 8 38 8 18 40 18 18 18 18 18 18 18 18 18 0 0 18 18 18 27 27 100
rrivera8 18 4 4 18 40 18 22 22 14 14 8 8 18 38 18 18 18 18 18 18 0 0 100
rblack4 18 18 100
jwelsch 18 18 18 18 18 0 0 100
jgately1 18 18 8 8 22 22 18 40 18 8 8 14 14 18 40 18 18 18 27 38 27 18 40 18 0 0 18 18 100
gdean 18 0 0 18 39 18 100
ewigutow 18 40 18 8 8 18 40 18 18 18 18 18 18 100
dgibbon2 18 18 18 100
cmorton2 18 36 18 1 1 18 40 18 18 18 0 0 100
mrooney6 18 0 0 14 14 18 40 18 18 0 0 18 18 5 5 14 14 25 25 18 40 18 100
mmoran12 18 0 0 18 18 100
jwalte10 18 18 18 18 18 8 8 22 22 14 14 18 40 18 18 18 18 18 0 0 18 36 18 18 18 18 0 0 100
jcarney6 18 18 0 0 18 39 18 100
pmeyer3 18 18 14 14 18 40 18 14 14 22 22 8 39 8 18 40 18 18 18 0 0 100
icallaha 18 18 18 18 18 14 36 14 22 22 8 36 8 18 39 18 18 18 18 18 18 18 18 18 18 0 0 1 1 14 14 18 40 18 0 0 100
dtoth1 18 40 18 100
kkostola 18 14 14 18 40 18 18 18 0 0 100
dlee26 18 14 14 18 18 18 18 18 100
yying 18 25 25 18 18 5 5 100
swagy 18 40 18 100
rroque1 18 37 18 1 1 18 40 18 100
kdantoni 18 40 18 18 0 0 100
wmohler 18 18 18 18 18 18 8 8 22 22 18 18 14 14 18 40 18 18 0 0 18 18 100
lklein1 18 18 100
jbecker9 18 0 0 25 25 5 5 18 39 18 100
hrague 18 18 18 18 18 8 8 22 22 14 14 18 36 18 18 18 18 18 14 14 0 0 100
cott 18 18 8 8 22 22 18 18 14 14 18 38 18 18 18 18 0 0 18 18 18 100
mholzbau 18 18 18 8 8 18 18 14 14 18 36 18 18 11 11 24 24 0 0 100
mhawkin3 18 18 5 5 100
lharmon 18 18 18 18 18 0 0 18 18 100
elazzaro 18 5 5 25 25 18 40 18 18 100
tburley 18 18 18 18 5 5 25 25 14 14 18 40 18 18 100
shenn 18 1 1 14 14 27 27 18 40 18 18 100
jgomez5 18 40 18 18 0 0 18 18 18 18 18 100
jfries3 18 39 18 18 18 0 0 100
bniemoel 18 40 18 18 18 0 0 100
kriordan 18 18 22 22 18 40 18 22 22 18 18 18 18 18 18 18 18 18 18 18 27 27 1 1 0 0 18 37 18 18 18 18 18 18 18 18 0 0 100
jmurph33 18 40 18 18 14 14 18 40 18 0 0 100
dcorr1 18 25 25 5 37 5 100
cemenalo 18 40 18 1 1 18 40 18 14 14 18 18 100
yjung2 18 18 8 8 14 14 18 40 18 14 14 18 36 18 18 22 22 8 8 18 36 18 18 18 18 18 18 18 18 18 0 0 100
rpappas 18 8 8 22 22 14 14 18 18 18 18 18 18 18 0 0 100
mmerric1 18 18 18 14 14 18 38 18 18 8 8 18 18 18 18 18 27 36 27 100
mdosch 18 25 25 5 5 14 14 18 18 18 18 100
jbettag 18 18 18 1 1 27 27 18 39 18 18 18 15 15 14 14 18 40 18 18 18 18 18 25 25 5 36 5 28 37 28 12 12 9 36 9 18 36 18 11 11 15 15 13 13 18 40 18 18 20 20 29 29 21 21 18 40 18 11 11 24 24 18 40 18 100
jbernin1 18 18 18 18 18 18 18 18 18 18 0 0 100
gbruenin 18 18 100
ddallava 18 100
cgamboa 18 25 25 18 40 18 5 36 5 14 14 100
nquartir 18 18 0 0 100
lfaubion 18 18 100
cwilso24 18 40 18 0 0 18 18 100
aursino1 18 18 18 18 18 1 1 18 40 18 18 100
msummer2 18 18 18 18 18 18 12 12 18 40 18 100
kramm 18 0 0 100
jchapple 18 40 18 14 14 0 0 18 18 100
jbonds 18 40 18 100
dbirzer 0 0 100
cfish 18 100
nholmes1 18 40 18 18 14 14 12 12 0 0 18 18 100
ngiovino 18 36 18 18 100
eherber1 18 18 14 14 0 0 100
cgallag3 18 40 18 100
tzheng2 18 0 0 18 18 100
mgerber 18 100
jcolli23 18 0 0 100
awalton3 18 40 18 100
vwhitmor 18 8 8 22 22 14 14 18 18 18 18 18 18 18 18 8 36 8 14 37 14 18 40 18 18 18 0 39 0 18 18 100
rpellica 18 40 18 100
rmyers9 18 18 18 8 8 22 36 22 18 40 18 18 22 22 14 14 18 40 18 18 18 0 0 100
mdillon7 18 18 100
jdoerer 18 18 18 18 18 18 18 18 100
gbiltz 18 18 18 18 18 18 18 18 18 18 0 0 18 40 18 18 18 18 18 18 0 0 100
aheck1 18 100
ucooper 18 40 18 0 0 100
rschill1 18 18 18 22 22 18 40 18 18 8 8 18 40 18 18 33 33 18 36 18 18 18 18 18 27 27 100
mschlic1 18 40 18 25 25 18 40 18 18 100
mperry6 18 27 27 1 1 18 40 18 25 25 5 5 0 0 100
jfenton1 18 18 18 8 8 22 22 14 14 27 27 18 37 18 18 18 18 18 0 0 1 1 18 40 18 18 100
csauder 18 5 5 25 40 25 18 38 18 0 0 18 18 100
alowney 18 18 18 14 14 18 40 18 18 18 8 8 18 18 18 18 0 0 18 18 1 1 27 27 100
zkagalw1 18 40 18 18 18 18 18 18 18 18 0 0 18 18 100
swilkin4 18 8 8 14 37 14 18 40 18 18 18 18 18 18 14 14 18 18 18 18 0 0 100
imarx 18 25 25 5 39 5 18 40 18 18 25 25 100
cschmid7 18 18 8 8 22 22 18 40 18 18 0 0 1 1 27 27 100
awang4 18 100
abenavi3 18 18 18 18 18 18 18 18 18 18 18 8 8 14 14 18 40 18 18 18 18 18 0 0 100
sweyhmil 18 18 18 18 18 18 1 1 27 27 18 40 18 18 18 18 0 0 100
sgenz 18 18 14 14 18 40 18 18 8 8 18 18 18 18 18 1 1 27 27 14 14 0 0 18 18 100
mwu4 18 18 18 18 0 0 18 40 18 100
jleporte 18 0 0 18 18 100
adichris 18 14 14 22 22 8 36 8 18 40 18 18 0 0 18 18 27 27 18 40 18 18 18 1 1 14 14 18 37 18 1 1 14 14 27 27 18 40 18 18 0 0 100
scrotty1 18 18 18 18 18 0 0 100
pfarring 18 18 18 14 14 18 40 18 18 8 8 22 22 18 18 18 18 100
pdesousa 18 18 18 18 22 22 8 39 8 18 40 18 18 0 0 1 1 27 27 14 14 18 40 18 18 100
mkuehl 18 18 18 18 0 0 100
lfitter 18 0 0 18 18 1 1 27 36 27 18 40 18 18 100
kenriett 18 18 18 18 18 18 8 36 8 18 40 18 22 22 18 40 18 18 18 0 0 1 1 27 27 14 14 18 40 18 18 18 0 0 14 14 100
jruan 18 100
hzahour 18 25 25 18 40 18 14 14 100
emostyn 18 40 18 14 14 18 40 18 18 14 14 100
edohert1 18 18 18 0 0 5 5 14 14 18 40 18 100
amellert 18 100
aandrade 18 18 18 18 18 18 8 8 22 22 18 37 18 18 18 0 0 1 1 27 27 100
tdann 18 40 18 18 18 18 0 0 100
sielusic 18 40 18 0 0 5 5 18 40 18 0 0 25 25 100
mlicursi 18 18 0 0 100
mdrake2 18 40 18 18 18 18 18 18 14 14 18 18 18 100
lhe3 18 38 18 100
inegroro 18 18 18 18 8 8 18 40 18 18 18 18 18 0 0 100
afonash 18 18 18 18 18 14 14 18 40 18 0 0 100
obarnard 18 18 18 18 18 100
nbenz 18 40 18 0 0 100
lhuang3 18 18 8 8 22 22 18 40 18 0 0 1 1 27 27 100
jwessele 18 40 18 18 100
jmastron 18 14 14 25 25 5 5 18 40 18 18 100
dmarino 18 18 8 8 22 22 14 14 18 40 18 18 18 18 1 1 27 27 18 18 14 14 18 40 18 18 0 0 100
cpickfor 18 40 18 18 25 25 100
obaitlot 18 40 18 100
kmollenk 18 40 18 18 18 14 14 18 40 18 25 25 5 5 18 18 0 0 100
ccarlso2 18 18 100
bmoreno1 18 18 5 5 25 25 100
smanriqu 18 18 18 18 8 8 18 18 14 14 22 22 18 40 18 18 18 14 14 18 40 18 0 0 18 18 100
mmillado 18 18 18 8 8 22 22 18 18 18 18 18 18 18 18 18 18 18 18 18 18 18 18 18 18 0 0 100
mferrel2 18 18 18 18 18 18 18 18 18 18 18 27 27 1 1 18 40 18 18 0 0 18 18 18 18 0 0 100
ldougla3 18 18 18 0 0 100
jmcconn1 18 18 18 18 18 18 22 40 22 18 40 18 8 8 18 40 18 18 18 18 0 0 100
ecahill 18 14 14 18 40 18 18 18 25 25 18 40 18 5 5 18 40 18 0 0 100
dshaw4 18 18 18 18 18 18 18 18 18 18 18 14 14 8 8 18 18 18 18 18 18 18 18 14 14 27 27 0 36 0 100
alucche1 18 18 18 14 14 18 38 18 22 22 18 18 18 18 18 18 18 8 39 8 18 18 18 18 18 14 14 18 40 18 18 0 0 100
odonnel1 18 18 14 14 18 18 8 8 22 22 18 40 18 18 18 18 18 18 27 27 0 0 18 18 100
mpirko 18 40 18 18 0 0 18 40 18 18 14 14 0 0 100
mlyden1 18 18 18 18 18 18 18 0 0 14 14 18 18 18 25 36 25 5 5 100
mdekold 18 100
eschnaut 18 18 8 8 22 36 22 18 40 18 18 18 18 18 0 0 18 18 100
esalina1 28 28 100
adiederi 18 40 18 18 0 0 100
sholtz1 18 40 18 100
sdann 18 40 18 18 14 14 18 39 18 25 25 5 5 100
pkolek 18 18 18 18 18 100
nhaymond 18 40 18 18 18 18 100
kmuha 18 18 18 18 14 14 8 8 22 22 18 18 18 18 18 18 0 0 100
kfeehan 18 18 100
kalme 18 18 18 18 0 0 100
ivaldess 18 8 8 22 22 18 18 14 14 18 38 18 18 18 18 1 1 0 0 100
esmith30 18 40 18 1 1 18 36 18 18 18 18 100
ctoudouz 18 18 18 27 27 1 1 14 14 18 39 18 18 18 18 18 18 18 14 14 100
sreddy4 18 18 18 14 14 18 40 18 25 25 5 5 0 39 0 18 18 18 18 100
rboylan 18 40 18 0 0 18 18 100
ncheng 18 18 18 22 22 14 14 8 8 18 40 18 18 8 8 22 22 18 40 18 18 14 14 18 40 18 18 18 18 0 0 1 1 27 27 100
jzelinsk 18 0 0 18 18 18 18 100
jcuji 18 0 0 18 18 100
gworthin 18 36 18 0 0 100
dfabrega 18 100
angov 18 100
adunniga 18 0 0 18 18 100
skolda 18 18 18 0 0 18 18 100
scrippes 18 40 18 18 0 0 100
mschutze 18 18 18 18 18 14 14 8 8 22 22 18 40 18 14 14 27 27 18 37 18 18 18 18 8 8 22 22 14 14 18 40 18 0 0 100
mpavloff 18 8 8 22 22 14 14 18 40 18 18 18 18 18 18 18 18 18 0 0 1 1 100
lnixon1 18 18 100
kmurray7 18 40 18 100
jshard 18 0 0 18 18 14 14 18 18 1 1 18 39 18 18 18 100
hthomps4 18 40 18 18 0 0 100
ewood1 18 37 18 18 18 5 5 25 25 18 18 0 0 100
estrouse 18 40 18 0 0 100
sekanay1 18 14 14 18 40 18 8 8 22 22 14 14 18 40 18 0 0 27 27 18 18 100
odegnim 18 40 18 18 18 18 18 18 100
kcox5 18 40 18 18 0 0 100
kborotho 0 0 18 18 18 18 14 14 28 28 18 40 18 100
jbertram 18 40 18 100
hbyrne 18 18 8 8 22 22 14 14 18 18 18 18 0 0 18 40 18 0 0 100
ggulyas 18 40 18 100
ekeuler 18 1 1 27 27 18 40 18 18 18 18 100
egeyer1 18 18 18 18 14 14 22 22 8 8 18 38 18 18 18 18 0 0 1 1 27 27 100
dlong2 18 40 18 100
bpierpoi 18 18 25 25 5 36 5 100
apavelka 18 40 18 18 18 18 0 0 18 18 100
rbartle1 18 40 18 18 18 18 18 0 0 100
nyusko1 18 18 18 18 100
motten1 18 18 18 0 0 100
molsen3 18 5 5 25 25 18 18 14 38 14 18 40 18 18 18 100
mdambros 18 18 18 8 8 18 18 22 22 18 18 18 18 18 27 27 0 0 100
kmountf1 18 0 0 100
jeversol 18 18 14 14 8 36 8 18 40 18 0 0 100
etorrent 18 100
ereynol5 18 0 0 18 18 18 100
epark5 18 100
dpatel2 18 18 0 0 100
cmoreno5 18 18 18 22 22 8 8 14 14 18 40 18 14 14 18 40 18 18 18 14 14 18 40 18 0 0 100
bgawel 18 14 14 0 0 18 18 18 1 1 27 36 27 18 40 18 18 0 0 100
bconlon 18 40 18 18 14 14 0 0 100
apanousi 18 40 18 18 18 18 18 18 100
tngochi 14 14 100
tdasso 18 14 14 8 8 18 40 18 0 0 100
rwittmer 18 0 0 18 18 18 100
rvazza 18 8 8 22 22 18 40 18 18 18 8 8 18 40 18 18 18 18 1 40 1 27 27 100
nhong 18 40 18 100
mrohling 18 100
dsmith53 18 18 100
cdowicz 18 18 100
bnakfoor 18 18 14 14 22 22 18 18 8 8 18 40 18 18 18 0 0 100
akhemani 18 1 1 18 38 18 0 0 100
ahughes8 18 36 18 5 5 18 18 18 18 0 0 100
tperey 18 18 100
pbetz 18 100
mmccor15 18 37 18 100
mgray10 25 25 5 5 100
mfraizer 18 18 100
lherna11 18 18 18 1 1 27 27 18 40 18 18 0 0 100
jmolumph 18 18 18 18 8 8 22 22 18 18 14 14 18 40 18 18 18 0 0 18 18 100
hzweberl 18 18 8 8 18 18 14 14 22 22 18 40 18 14 14 18 40 18 14 14 0 39 0 100
dserafin 18 18 18 18 18 14 14 8 8 18 40 18 14 14 18 18 0 0 100
bpowell4 18 100
mdownin1 18 18 14 14 8 36 8 18 40 18 18 18 14 14 18 40 18 18 0 0 100
lduggan 18 40 18 100
kmclaug3 18 8 8 18 18 18 22 22 18 40 18 18 0 0 18 18 18 1 1 18 40 18 18 27 27 18 36 18 18 18 18 18 18 100
kbulleit 18 18 18 18 14 14 18 40 18 18 8 8 18 37 18 18 14 14 0 0 100
jplas 18 18 18 18 18 100
jbrown36 18 18 18 5 5 18 40 18 0 0 18 18 18 100
dkim30 18 18 18 18 25 25 5 5 100
cpantin 0 0 100
cmyers11 18 18 14 14 0 0 18 18 100
amora2 18 14 14 18 39 18 18 18 25 39 25 100
adrisco2 18 18 0 0 18 18 5 5 14 14 25 25 18 40 18 100
xtsai 18 37 18 100
kmurph44 18 40 18 18 18 14 14 100
ibushue 18 0 0 18 18 14 14 5 5 18 40 18 25 25 18 40 18 18 100
enichol4 18 40 18 11 11 18 40 18 18 11 11 18 40 18 1 1 18 38 18 18 18 18 11 11 100
egroth 18 18 18 14 14 18 40 18 18 8 8 22 36 22 18 36 18 18 18 18 18 18 14 40 14 0 0 100
aheinzma 18 18 18 18 18 18 0 0 100
adecker1 18 40 18 100
aameen 18 18 100
zwall 18 18 18 18 8 8 22 22 18 40 18 18 100
smonaha1 18 0 0 100
sdeschne 18 39 18 0 0 100
mowen 18 18 14 14 8 8 18 39 18 22 22 18 40 18 18 18 18 18 18 18 18 0 0 18 18 100
lwatts1 18 18 18 18 22 22 18 18 14 14 8 8 18 40 18 18 0 0 100
krochefo 18 18 18 18 18 18 8 8 18 18 18 18 18 18 18 100
gniforat 18 18 1 1 18 36 18 18 18 18 18 18 18 18 0 0 18 18 100
evandier 18 14 14 18 18 18 1 1 18 40 18 18 18 0 0 18 40 18 18 27 27 1 1 14 14 1 37 1 14 37 14 25 25 5 36 5 18 37 18 18 18 100
eclapp 18 18 18 18 100
awaldsch 18 18 0 0 100
adevito1 18 18 18 18 18 8 8 22 22 18 40 18 18 18 18 18 18 18 18 18 18 0 0 100
tsilva1 18 40 18 1 1 18 36 18 18 28 28 12 12 9 9 100
oivan 18 1 1 18 40 18 27 27 14 39 14 18 40 18 100
mmarti45 18 40 18 14 14 5 5 18 40 18 25 25 18 18 18 100
mjorden 18 100
ldorenko 18 0 0 100
ktracey 18 0 0 100
krothmey 18 27 27 18 40 18 18 0 0 25 25 5 5 100
kbiladea 18 18 18 18 0 0 18 18 100
jweas 18 18 18 18 0 0 18 18 100
jgoldsch 18 0 0 100
jdraves 18 18 18 18 0 0 100
gotte1 18 18 18 18 100
etruesda 18 22 22 8 8 18 40 18 18 18 0 0 18 18 18 1 1 27 27 14 14 0 0 25 25 5 5 18 40 18 18 18 28 28 12 12 9 9 18 40 18 18 18 18 0 0 100
emeara 18 40 18 25 25 5 36 5 100
cnilsen 18 40 18 18 14 14 0 0 100
bmurph24 18 40 18 18 0 0 100
azammit 18 100
arabbitt 18 40 18 100
wcheong 18 40 18 0 0 18 40 18 0 0 100
kmoran11 18 18 18 100
kgalla21 18 18 18 8 8 14 14 18 40 18 18 18 0 0 18 36 18 100
kgalla20 18 40 18 100
kfranz1 18 18 18 8 8 22 22 14 14 18 40 18 14 37 14 18 40 18 18 5 5 18 40 18 18 18 0 0 100
jsutton3 18 40 18 0 0 100
jhegart2 18 18 25 25 5 5 100
japplew1 18 18 100
imurrer 18 18 14 14 18 18 18 18 100
fschemel 18 18 18 18 18 18 18 14 14 18 40 18 18 14 14 8 37 8 18 40 18 18 18 18 1 1 0 0 100
fprimozi 18 100
elinares 18 18 18 18 18 18 14 14 18 18 8 8 8 8 22 22 18 40 18 18 18 18 0 37 0 100
cmulshin 18 36 18 0 0 18 18 100
cmagnuss 18 18 18 18 18 18 8 8 18 36 18 18 18 18 27 27 18 18 0 0 100
ccleary1 25 25 100
abohling 18 18 18 18 100
mscanish 18 18 18 22 22 14 14 8 36 8 18 40 18 18 18 18 18 0 0 100
mkirven 18 11 11 18 40 18 11 11 100
lgrabows 18 18 18 0 0 100
lcaffar1 18 40 18 100
kliang2 18 18 18 8 8 0 0 18 18 22 22 18 40 18 8 8 18 40 18 18 18 0 0 100
jnowak4 18 40 18 18 18 18 18 18 18 18 18 14 14 25 25 28 28 9 9 5 5 12 12 100
hcheng1 18 40 18 0 0 100
bmerrick 18 39 18 100
bgagnon 18 21 21 20 20 29 29 18 40 18 18 20 20 18 37 18 18 100
tmansell 18 0 0 18 18 1 1 14 14 18 40 18 14 14 100
rrocco 18 18 14 14 8 8 18 18 18 18 8 8 18 40 18 18 18 0 0 100
rpuno 18 18 18 18 14 14 18 18 8 8 18 40 18 18 18 18 18 1 1 0 0 100
lyan4 18 40 18 18 18 14 14 18 40 18 18 18 0 0 100
kpresteg 18 39 18 5 5 18 40 18 100
jbaines 18 40 18 0 0 100
blemay 18 18 18 14 14 18 18 18 18 22 22 8 8 18 40 18 18 18 18 27 40 27 14 36 14 1 1 18 40 18 18 5 5 18 39 18 14 14 0 0 18 36 18 100
aromano2 18 18 14 14 18 38 18 14 14 100
alongsta 18 40 18 18 18 18 0 0 100
szachari 18 39 18 0 0 100
spalumb1 18 18 18 8 8 22 22 14 14 18 40 18 18 14 14 18 40 18 0 0 100
pcamara 18 18 100
operez2 18 18 8 8 22 22 18 18 14 14 18 39 18 18 18 18 18 18 18 14 14 27 27 1 1 0 38 0 100
nvincent 18 40 18 18 18 18 18 0 0 18 18 100
lgelin 18 37 18 5 5 100
ldomenel 18 100
jpaul2 18 18 5 5 18 40 18 12 12 18 40 18 18 0 0 18 18 20 20 29 29 21 21 18 40 18 14 14 15 39 15 18 40 18 18 11 11 18 18 18 100
ischmitz 18 18 8 8 22 22 18 39 18 18 18 18 18 18 0 0 100
egorman5 18 18 18 18 18 14 14 8 36 8 18 40 18 14 14 0 0 18 18 100
eeagle 18 18 100
dallen13 18 40 18 18 18 18 18 18 18 0 40 0 100
cdenzel 18 0 0 100
asowell 18 18 27 36 27 18 40 18 0 0 18 18 18 100
yzou2 18 25 25 18 18 18 5 5 18 40 18 100
speter14 18 18 18 18 0 0 25 25 5 5 14 14 100
pmcmonag 18 18 8 8 22 22 14 14 18 18 18 18 18 18 0 0 18 18 100
kpaulsen 18 18 18 18 18 18 100
kjacoby1 18 40 18 18 0 0 100
jruane 18 18 18 18 14 14 8 8 22 37 22 18 18 18 0 0 18 18 100
jdodig 18 5 5 18 40 18 25 25 18 40 18 18 0 0 100
gcramer1 18 18 0 0 1 1 18 40 18 18 100
everhey 18 18 18 100
esoller 18 40 18 100
egorman6 5 5 18 40 18 0 0 100
ckotseos 18 18 18 0 0 100
cganley 18 18 0 0 100
bfraser 18 14 14 18 18 18 18 18 18 18 8 8 18 40 18 18 14 14 1 1 18 40 18 18 18 18 14 14 0 0 18 18 100
asweet 18 18 5 5 100
apaik 18 40 18 18 18 0 0 100
thuber1 18 40 18 0 0 100
sincera 18 40 18 18 1 1 14 14 18 36 18 18 18 0 0 100
phennes2 18 18 18 18 14 14 18 36 18 8 8 18 40 18 18 27 27 14 14 100
msahd 18 18 8 8 22 22 14 36 14 18 40 18 18 18 18 1 1 18 40 18 27 27 0 36 0 100
mcabrer1 18 40 18 18 100
kkolleck 18 18 18 18 18 14 14 22 22 18 18 8 8 18 18 18 0 0 18 18 18 100
jreeg 18 18 18 8 8 18 40 18 18 27 27 0 0 100
jgonnard 18 18 18 18 1 1 18 36 18 0 0 18 18 18 0 0 14 14 18 36 18 25 25 18 18 100
hsarkey 18 36 18 18 18 0 0 100
hholden 18 18 8 8 14 14 22 22 18 37 18 18 18 18 14 14 1 1 18 40 18 0 0 100
epil 18 40 18 100
awitte 18 40 18 18 18 18 18 18 18 0 0 100
trogers6 18 18 1 1 18 40 18 0 0 18 18 100
tfross 18 40 18 100
taguirre 18 39 18 18 18 0 0 25 25 5 5 100
sbindel 18 40 18 18 14 14 25 25 0 0 18 18 18 100
rmaqbool 18 1 1 18 36 18 18 18 18 14 14 100
kcockrel 18 14 14 18 18 8 8 18 40 18 18 18 18 18 0 0 100
jmarino6 18 14 14 18 36 18 22 22 18 18 8 8 18 40 18 14 14 18 18 0 0 18 18 100
eguenthe 18 21 21 20 20 29 29 18 18 18 18 100
creid4 18 36 18 0 0 100
carizama 18 36 18 18 14 14 18 40 18 18 14 14 25 25 18 40 18 18 0 0 100
anataraj 18 18 18 14 14 0 0 18 18 18 18 100
svukovit 18 38 18 18 0 0 100
msteph11 18 40 18 18 1 1 18 40 18 18 100
mraster 18 14 14 0 0 100
lbognar1 18 40 18 100
lbakke 18 18 18 14 14 18 40 18 18 8 8 22 22 14 14 18 40 18 18 18 1 1 18 40 18 18 18 18 0 0 18 18 18 100
jzacher 18 18 18 18 18 18 18 18 14 14 8 8 18 39 18 18 18 18 18 0 0 100
jheath3 18 100
hduan 18 18 18 18 14 14 18 40 18 18 18 18 18 1 1 18 37 18 100
gvargas 18 40 18 18 0 0 100
erogan 18 40 18 18 0 0 18 36 18 100
epuntill 18 27 27 1 1 14 14 18 40 18 18 1 1 0 36 0 18 18 100
ebarthel 18 39 18 0 0 100
eallgaie 18 25 25 5 36 5 18 40 18 18 100
dlipa 18 18 18 14 14 8 8 22 22 18 40 18 18 14 14 0 0 100
csmith71 18 40 18 100
clucas4 18 40 18 18 18 100
clowney1 18 18 18 100
bsailer1 18 40 18 18 0 0 100
bburger 18 100
bbishop2 18 18 18 18 18 22 22 8 8 18 40 18 18 18 0 0 18 18 100
alifka 25 25 5 36 5 18 18 25 25 18 40 18 18 0 0 100
alee25 18 5 5 18 40 18 18 25 37 25 14 14 18 40 18 25 25 5 5 100
ttarkles 18 100
tkhong 18 36 18 18 0 0 18 18 5 5 18 18 18 14 14 18 39 18 100
sschmit1 18 18 18 18 18 25 25 18 40 18 100
rsulli13 18 37 18 100
plally 18 40 18 1 36 1 18 40 18 18 18 18 0 0 18 18 100
mwhelan3 1 40 1 18 40 18 18 18 18 18 18 18 18 100
mmccabe6 18 18 18 18 18 0 0 100
mkeller6 18 100
mhare1 18 40 18 18 14 14 18 36 18 100
mdadamio 18 40 18 18 14 14 18 40 18 25 25 5 5 100
khinish 18 21 21 29 29 18 40 18 18 18 18 18 100
hschwart 18 25 25 18 39 18 25 25 5 37 5 18 40 18 18 18 0 0 100
hparkhil 18 18 22 22 8 8 18 40 18 1 36 1 0 0 27 27 100
emcdowel 18 18 8 8 18 40 18 22 22 18 40 18 18 18 18 0 0 18 18 100
dnaquin 18 18 18 14 14 18 18 18 18 18 8 8 18 40 18 0 0 18 18 1 1 27 27 18 40 18 18 18 100
abenedic 18 18 14 14 18 40 18 8 8 22 36 22 18 37 18 18 0 0 18 18 14 14 1 1 27 27 18 18 100
wdefaria 18 27 27 18 40 18 0 0 100
tcomer 18 18 18 18 18 8 8 22 22 14 14 18 40 18 18 18 18 0 0 100
tcarnes 18 14 14 18 39 18 8 8 18 40 18 18 0 0 18 18 100
narmbrus 18 18 25 25 18 40 18 18 5 5 100
mritten 18 40 18 18 14 14 18 40 18 0 39 0 18 18 100
mdonne10 18 8 37 8 14 14 18 40 18 18 14 14 18 40 18 18 1 1 27 27 14 14 18 40 18 18 18 25 25 5 5 100
kperez4 18 40 18 100
jsuttman 18 36 18 5 5 25 25 18 18 18 100
jgriff12 18 100
jables 18 18 18 18 18 14 14 8 8 22 22 18 40 18 18 14 14 0 39 0 100
eforbes1 18 18 0 0 100
ccorse 18 0 0 100
asmith56 18 8 8 18 18 22 22 18 40 18 18 100
acook8 18 18 18 18 22 22 8 8 18 18 18 0 0 100
abojczuk 0 0 18 18 25 25 100
zliang3 18 18 18 18 18 8 8 22 22 18 40 18 0 0 100
ychen30 18 18 1 1 14 14 18 18 18 18 18 100
tkacius 18 40 18 18 0 0 100
szabala 18 40 18 0 0 100
swallac3 18 18 18 18 18 14 14 8 8 18 40 18 0 0 100
sbattali 18 18 8 8 0 0 18 40 18 18 18 8 8 22 22 27 36 27 1 1 18 40 18 0 0 25 25 5 5 18 18 100
ojacobse 18 0 0 100
npatidar 18 40 18 18 18 25 25 5 5 0 0 100
ngiannot 18 18 18 0 0 100
mstebbi1 18 5 5 25 25 18 40 18 18 100
mkelley9 18 39 18 100
kwhite14 18 18 1 1 27 27 14 14 18 40 18 18 18 18 0 0 100
kmchugh6 18 40 18 18 0 0 100
kconese 18 18 18 0 0 100
jstacho1 18 40 18 18 18 18 100
jslaugh2 18 18 14 14 8 36 8 18 18 8 8 18 40 18 18 18 18 18 0 0 100
gwilson6 18 18 100
gpernico 18 18 25 25 5 37 5 18 40 18 18 100
drea 18 40 18 100
dkelly13 18 40 18 100
cschust4 18 40 18 0 0 100
cprince 18 18 18 8 8 14 14 18 18 18 18 18 18 18 18 0 0 18 39 18 18 100
bdzubara 18 0 0 100
akurz 18 36 18 18 18 18 12 12 14 36 14 18 40 18 18 18 18 11 11 21 21 20 20 29 29 100
acrowle1 18 40 18 18 0 0 18 18 100
zzovko 5 5 18 40 18 18 100
ztulausk 18 100
sharri11 18 40 18 18 1 1 27 27 0 0 100
mphelan5 18 18 18 18 18 18 0 0 18 18 18 100
mkocher2 25 25 5 5 18 40 18 18 100
ksteenvo 18 40 18 0 0 18 18 100
kmehta2 18 18 18 5 5 25 25 100
kaiello1 18 40 18 18 18 18 18 0 0 100
jrhiling 18 18 100
jmcclin1 18 18 18 18 18 18 18 18 8 8 22 22 18 40 18 18 18 0 0 100
eolsen2 18 40 18 5 5 14 14 100
egrammer 18 36 18 18 27 27 18 40 18 0 0 100
dngo2 18 18 18 8 8 22 22 18 40 18 18 18 18 0 0 100
czhou4 18 40 18 100
csedore 18 18 8 8 22 22 14 14 18 40 18 0 0 14 14 18 18 100
awood8 18 18 18 0 0 100
astaresi 18 18 22 22 8 8 18 40 18 18 0 40 0 18 18 100
areymer 18 100
ahays1 18 100
abatkoff 18 18 18 25 25 18 40 18 18 14 14 5 5 18 40 18 100
xzhang24 18 0 0 25 25 5 5 100
skoo1 27 36 27 18 40 18 18 0 0 18 18 25 25 100
rsong 18 18 100
rbanuelo 22 22 1 1 27 27 18 40 18 18 100
psansone 18 18 1 1 18 36 18 18 18 18 18 18 5 5 0 38 0 100
npassina 18 40 18 18 0 0 18 18 18 18 18 18 5 5 100
mlarson3 18 18 18 0 0 25 25 5 5 100
mhagan2 18 0 0 100
mcrawf10 18 18 0 0 100
jbelluc2 25 25 5 5 100
jander21 18 39 18 18 18 5 5 0 0 25 25 5 36 5 14 37 14 100
ioteroto 18 18 8 8 22 22 18 40 18 0 0 1 1 27 27 18 18 100
ejones15 18 18 18 18 22 22 8 8 18 36 18 18 18 18 0 0 100
ecummin2 18 36 18 0 0 100
dventer 18 40 18 0 0 18 40 18 18 14 14 100
ccastil4 18 40 18 18 0 0 25 25 5 5 14 14 100
cbarahon 18 18 18 18 100
zeggers 18 7 7 19 19 18 40 18 8 8 22 22 18 40 18 18 18 1 1 18 18 18 1 1 27 27 100
skeller5 18 18 18 100
nholmes2 18 40 18 100
mtagovai 18 18 18 18 18 8 8 18 40 18 18 18 18 18 1 1 18 40 18 18 18 100
mryan32 18 18 0 0 18 18 100
mmatusk1 18 40 18 0 0 100
mflanag8 18 18 18 8 8 22 36 22 14 14 18 40 18 0 0 18 40 18 18 0 0 18 18 18 100
mdoyle19 18 18 8 8 22 22 18 18 14 14 18 40 18 18 18 18 1 1 14 14 27 27 18 40 18 18 18 1 1 27 27 18 40 18 18 14 14 100
lfalquez 18 40 18 18 18 100
jmarvin2 18 18 18 0 0 100
hchoudhu 18 18 0 0 100
edell 18 40 18 100
delwell 18 100
cpawelek 18 5 5 18 36 18 0 0 100
cgotuaco 18 40 18 18 1 1 0 0 14 14 100
ccasper 18 40 18 18 0 0 100
ychen31 18 100
vkareh 18 18 18 0 0 25 25 5 5 100
rwilso18 18 14 14 5 5 25 25 0 36 0 100
rmelotik 18 18 27 27 1 1 18 40 18 18 18 100
pkollma1 18 24 24 18 40 18 18 18 18 14 14 18 18 18 22 22 8 8 18 40 18 18 1 1 27 27 18 18 100
phaley1 18 100
oeaddy 18 0 0 100
mzakowsk 18 36 18 0 0 100
mmoufawa 18 18 100
mmaldona 18 18 100
mlake2 18 0 0 18 18 18 100
mhoffm12 18 40 18 18 0 0 18 18 100
mcurlis2 18 18 18 18 8 8 14 14 22 22 18 40 18 18 18 0 0 100
kwardlow 18 18 18 18 18 100
kround 18 18 18 8 8 18 18 18 18 22 22 18 39 18 18 18 18 27 27 18 40 18 0 0 100
kmoeinva 18 18 14 14 0 0 0 0 18 36 18 100
jsong3 18 40 18 100
jsimone 18 5 5 0 0 25 39 25 18 37 18 100
jnagle7 18 18 18 0 0 100
jmullen6 18 100
jhuber4 18 18 14 14 8 8 22 36 22 18 40 18 14 14 0 0 18 18 18 100
gvonuhle 18 100
esienko 18 18 14 14 100
ekiszla 18 18 8 8 22 22 14 14 14 14 18 40 18 0 0 100
ekenney1 18 40 18 18 0 0 100
edoyal 18 8 8 22 22 18 18 14 14 18 40 18 18 0 0 100
dmikovit 18 0 0 18 18 18 27 27 18 40 18 18 18 18 14 14 1 1 18 18 27 27 18 40 18 18 18 18 18 1 1 18 18 18 18 0 0 18 18 100
dkim28 18 18 27 27 18 40 18 18 100
clink4 18 14 14 8 8 22 22 18 18 18 0 0 100
bferris1 18 40 18 0 0 14 14 100
asiguler 18 40 18 100
syi3 18 18 0 0 100
swolfe1 18 40 18 18 18 18 0 0 18 18 100
shatfie1 18 40 18 1 1 18 40 18 100
rtaraboc 18 18 18 8 8 14 14 8 36 8 18 40 18 18 0 0 100
rmazzini 18 0 0 14 14 18 39 18 25 25 5 5 100
nllauro 18 8 8 22 22 18 18 14 14 18 36 18 18 18 27 27 1 1 0 0 100
mvander4 18 40 18 100
mtapp 18 18 18 18 1 1 27 27 18 40 18 18 18 18 18 0 0 100
mmirer 5 5 25 25 18 40 18 0 0 18 18 100
mesteve 18 40 18 18 28 28 12 12 9 9 0 36 0 25 25 5 5 100
mbutle14 18 100
mbutle13 18 40 18 18 18 0 0 100
lrodrig6 18 18 27 27 1 1 14 36 14 18 40 18 18 0 0 100
kkubik 18 0 0 100
kflanag4 18 100
jcorbin2 18 18 18 18 18 18 18 8 36 8 22 22 18 40 18 14 14 18 36 18 18 0 0 27 27 100
ihornung 18 40 18 0 0 18 18 100
gpetrosi 18 100
edownin1 18 18 100
coleary2 18 37 18 0 0 18 37 18 18 18 0 0 100
cmeyers3 18 40 18 18 0 0 18 18 100
cfitzgib 18 14 37 14 8 8 18 40 18 0 0 18 18 14 14 1 1 27 36 27 18 40 18 18 18 0 0 18 18 18 100
ccocco 18 27 27 18 40 18 14 14 18 40 18 0 0 18 36 18 100
apeter14 18 27 27 1 1 18 40 18 100
aander27 18 40 18 100
yfeng3 18 100
risrael1 18 40 18 18 18 0 0 100
piannell 18 18 8 8 14 14 22 22 18 40 18 18 14 14 1 1 18 40 18 18 18 0 0 100
nmattei1 18 40 18 100
mvondras 18 36 18 0 0 18 18 100
mretoske 18 40 18 0 0 18 40 18 100
mplante 18 38 18 18 18 5 5 25 25 18 36 18 100
mlegersk 18 18 100
mjohns57 18 40 18 18 0 0 100
mheli 18 40 18 100
mbianco 18 18 14 14 18 40 18 18 18 18 0 0 100
lstephe3 18 8 8 22 22 18 18 18 14 14 18 40 18 1 1 27 27 18 18 14 14 18 40 18 0 0 1 1 27 27 100
kmccahan 18 40 18 18 100
jriver11 18 25 25 5 5 18 40 18 5 5 25 25 18 40 18 100
jhirshor 18 18 18 18 18 0 0 100
jgarci22 18 18 0 0 100
gnguyen 18 40 18 18 18 18 100
eriojas 18 18 18 100
ebrown20 18 40 18 18 0 0 100
dadams13 18 20 20 20 20 29 29 20 20 21 21 18 40 18 18 100
cdito 18 18 18 100
apasin 18 37 18 14 14 18 40 18 14 14 100
alaboe 18 40 18 0 0 100
ablanch2 18 18 18 18 18 1 1 18 36 18 27 27 14 14 18 40 18 100
yhe9 18 18 0 0 18 18 18 25 25 5 5 14 14 18 40 18 100
wzhu2 18 14 14 8 40 8 18 40 18 18 14 14 18 36 18 1 1 18 40 18 18 1 36 1 0 40 0 18 18 100
wschemel 18 40 18 100
tkoewler 18 36 18 100
scannova 18 40 18 0 0 100
samezqui 18 0 0 18 18 18 5 5 25 25 18 18 100
rchan3 18 36 18 5 5 18 18 0 0 100
poconno6 18 40 18 100
ohatch 18 18 18 18 0 0 100
nho1 18 18 18 18 18 100
mwinche1 18 40 18 18 14 14 0 0 100
msteeves 18 40 18 18 14 14 18 40 18 0 0 100
mmccans 18 18 18 18 18 8 8 22 22 18 37 18 14 14 18 40 18 18 18 0 0 18 18 18 100
mhanley1 18 18 0 0 18 39 18 0 0 100
mguggenb 18 18 18 18 18 18 25 25 18 18 18 14 14 5 5 100
mfarleka 18 18 22 22 14 14 18 40 18 8 8 18 40 18 27 27 18 40 18 0 0 100
mcasasga 18 0 0 18 36 18 18 100
kthomp21 18 18 18 0 0 18 18 100
kmccabe4 18 27 27 0 0 18 18 100
khuffert 18 40 18 100
jxu9 18 18 18 18 8 8 22 22 18 40 18 22 22 18 40 18 8 8 18 40 18 18 27 27 0 0 100
jstellon 18 36 18 1 1 18 18 18 18 18 18 0 0 100
jboateng 18 100
iedgar 18 100
ekeefe2 18 27 27 18 38 18 18 18 18 0 0 100
eheidenr 18 100
dfeldman 18 39 18 18 0 0 18 18 100
cpalor 18 18 18 18 18 22 22 18 18 18 18 27 27 1 1 0 0 14 14 18 40 18 0 0 100
ccahill6 18 40 18 0 0 100
bdrummo1 18 18 8 8 22 22 18 18 18 18 18 0 0 1 1 27 27 100
bcarmody 18 40 18 18 18 0 0 100
amurph14 18 100
amarti55 18 0 0 100
agerman 18 40 18 100
afemrite 18 18 18 18 14 14 18 40 18 14 14 18 18 18 14 14 8 8 18 40 18 0 0 18 40 18 0 0 100
tpagessa 18 100
tjohns29 18 18 18 18 8 8 18 40 18 18 8 8 18 40 18 22 22 18 40 18 0 0 18 18 100
pbald 18 8 8 22 22 18 36 18 18 18 18 18 0 0 18 18 27 27 18 36 18 1 1 18 40 18 18 100
mnieves1 18 36 18 18 18 0 0 100
mbrombac 18 40 18 18 100
mbeinlic 18 18 18 0 0 18 40 18 18 14 14 8 8 18 40 18 18 18 14 14 27 27 18 40 18 18 18 0 0 14 14 100
lmedinab 18 18 18 0 0 18 18 100
lmcphill 18 1 1 18 40 18 18 100
kperry7 18 100
kmoran10 18 18 18 22 22 8 8 18 40 18 18 14 14 18 18 18 18 0 0 100
kmessier 14 14 25 25 5 5 18 40 18 100
kabe1 18 1 1 27 27 14 14 18 40 18 18 25 25 5 5 0 0 100
jusher 5 5 25 25 25 36 25 100
jkirkham 25 25 5 5 100
jhall15 18 18 22 22 18 40 18 18 14 14 18 18 18 18 8 8 18 40 18 27 27 18 39 18 18 18 1 1 14 39 14 18 18 18 0 0 18 40 18 0 0 100
jcharbon 18 18 14 14 8 37 8 18 40 18 0 0 100
gverfurt 18 18 18 18 18 14 14 8 8 22 22 18 40 18 18 18 18 1 1 18 18 0 0 100
gmcdermo 18 25 36 25 0 0 100
eyeager 18 100
esulli14 18 18 5 5 100
edewane 18 18 18 18 18 18 14 37 14 8 8 18 40 18 22 22 18 40 18 0 0 100
dmoran5 18 14 14 18 40 18 8 8 22 22 14 36 14 8 36 8 18 40 18 0 0 18 18 0 0 100
dbodewig 18 40 18 18 25 25 5 5 0 0 100
bni 18 18 18 18 14 14 8 40 8 18 40 18 18 18 0 0 100
aseketa 18 40 18 18 0 0 18 18 100
amitch13 18 40 18 0 0 100
amarti54 18 40 18 0 0 1 1 18 40 18 18 25 25 5 5 0 0 100
zwang17 18 14 14 18 40 18 18 18 18 18 18 18 18 100
rmcclain 18 40 18 18 0 0 100
pmcgee 18 18 1 1 100
oramire1 18 40 18 100
olombard 18 18 25 25 18 40 18 0 0 18 39 18 100
mmoreno3 18 40 18 18 18 0 0 100
mmcelro2 18 18 100
mgroark 18 40 18 18 100
mcurrie2 18 18 18 8 8 22 22 14 14 18 37 18 18 18 0 0 27 27 1 1 18 18 100
mcarro10 9 9 25 25 18 40 18 100
lschwar2 18 100
labreha 18 40 18 0 0 100
kmullan4 18 18 14 14 1 1 27 27 18 37 18 18 100
jstuppy 18 40 18 25 25 5 5 0 0 18 18 100
jluk 25 25 5 5 18 40 18 18 100
jigiede 18 40 18 25 25 0 0 5 5 100
jhlavin 18 18 18 8 8 22 22 18 40 18 0 0 18 18 100
jgripens 18 18 100
jfabreg2 18 36 18 0 0 100
jedward4 18 18 18 18 8 8 22 22 14 14 18 18 18 18 0 0 18 18 1 1 27 27 14 37 14 100
jburhann 18 40 18 14 14 18 40 18 14 14 18 40 18 18 14 14 28 36 28 25 25 18 40 18 12 12 5 5 25 25 0 0 18 40 18 0 0 100
hfertitt 18 25 25 5 5 18 18 0 0 100
garboled 18 14 14 18 40 18 18 8 8 18 40 18 14 14 18 40 18 18 0 0 100
edidonat 18 40 18 18 0 0 100
ealbi 18 40 18 100
dmacatan 18 40 18 0 0 18 40 18 0 0 100
dharvey1 25 25 5 5 18 18 25 25 18 36 18 100
crichte2 18 18 18 18 18 18 8 8 18 40 18 18 18 0 0 100
cdunlea1 18 18 25 25 100
awolfe4 18 22 22 18 18 18 18 27 27 0 0 18 18 100
aturzai 18 39 18 18 18 100
aosorio 18 40 18 100
aherna13 18 18 18 18 22 39 22 18 36 18 8 8 18 36 18 1 1 18 18 18 18 27 27 0 0 18 18 100
zhan1 18 25 25 18 40 18 18 100
tsong2 18 36 18 18 27 27 1 1 14 14 18 40 18 18 100
smurph19 25 25 14 14 5 5 18 39 18 18 0 0 100
sjo 18 5 5 100
sbsales 18 18 0 0 18 18 100
rpozasg1 18 37 18 100
rhughes7 18 18 18 0 0 100
rbarnes2 18 40 18 5 5 18 40 18 25 25 14 14 14 39 14 18 18 100
msimon6 18 18 8 8 22 22 18 18 14 14 18 40 18 18 0 0 100
mgorman5 18 40 18 0 0 100
mbond1 18 36 18 100
jwoods8 18 40 18 100
jplocher 18 18 18 18 18 14 14 18 40 18 22 22 18 39 18 8 8 18 40 18 18 18 18 0 0 100
jlugg 18 40 18 18 18 14 14 100
jlehn 18 40 18 0 0 100
jdemarc1 18 18 18 18 18 8 36 8 18 40 18 14 14 100
hstone3 18 18 18 18 18 18 18 18 18 18 100
ezahoric 18 40 18 18 100
elopez7 18 40 18 18 18 0 0 100
ddelliso 25 25 18 39 18 18 25 25 18 18 5 5 100
cwhalen2 18 18 14 14 8 8 22 22 18 40 18 0 0 18 18 100
cjacobs3 18 18 18 0 0 100
chowell2 18 18 14 14 25 25 5 36 5 0 40 0 100
blyons1 18 18 18 18 18 18 18 18 18 18 0 0 100
bklaus 18 18 100
zsurma 18 18 14 14 18 40 18 18 22 22 18 36 18 8 8 18 40 18 14 14 0 0 18 18 100
tpopps 18 18 18 18 27 27 0 40 0 100
tissa 18 100
svorne 18 18 14 14 100
sryan9 18 18 18 18 18 8 8 14 14 22 22 18 40 18 18 0 0 18 18 1 1 27 36 27 14 14 100
pgorman2 18 0 0 100
olanchon 18 40 18 18 0 0 18 18 100
nmunozol 18 40 18 100
nkelly3 18 18 18 18 0 0 100
nferguso 18 40 18 0 0 18 18 100
mhawit 18 27 27 18 40 18 18 0 0 100
kwhite13 18 100
jzepf 18 100
jgirardo 18 0 0 18 18 100
jfrane 18 25 25 18 40 18 100
iroberts 18 18 25 25 5 5 14 14 18 40 18 100
hferrero 18 40 18 25 25 18 40 18 25 25 18 40 18 14 14 5 5 12 12 9 9 28 28 20 36 20 21 21 29 29 13 37 13 15 15 2 37 2 18 40 18 6 6 30 30 31 31 4 4 17 17 34 39 34 10 10 7 7 18 40 18 18 18 34 34 14 14 19 36 19 26 39 26 32 36 32 33 33 23 23 100
ginglis 18 14 14 18 39 18 8 8 18 40 18 8 8 18 40 18 18 18 14 14 18 40 18 14 14 18 40 18 100
esherloc 18 37 18 18 18 18 100
ellano1 18 40 18 100
dphill14 18 18 100
ctsevis 18 14 14 8 37 8 18 40 18 18 18 0 0 27 27 100
clangle1 18 18 18 0 0 100
apines1 18 40 18 28 28 12 12 9 9 14 14 100
aorsinel 18 14 36 14 8 8 22 22 18 40 18 0 0 100
amcfadd1 18 18 27 27 1 1 18 18 18 14 14 18 40 18 27 27 18 40 18 18 100
abiondo 18 40 18 18 18 18 18 0 0 100
tmcginn1 18 40 18 0 0 100
thartle 21 37 21 29 29 20 20 100
ssitarsk 18 40 18 0 0 100
sdutta2 18 0 0 100
pjohns21 18 18 18 18 18 18 18 18 22 22 14 14 18 37 18 8 8 18 40 18 18 18 18 18 18 0 0 27 27 18 36 18 100
pjachim 18 100
mperez19 18 18 8 8 22 22 18 40 18 18 18 18 0 0 18 40 18 0 0 100
mpenn1 18 40 18 0 0 100
mgabouer 18 40 18 18 100
lwukie 18 40 18 100
lsimon2 18 0 0 100
llontoc 18 40 18 25 25 5 5 100
ldevito 18 8 8 18 40 18 18 0 0 18 36 18 27 27 100
lbode 18 40 18 18 0 0 18 40 18 100
layuyao 18 40 18 100
ktran1 18 18 18 18 8 37 8 22 39 22 14 14 18 40 18 0 0 1 1 18 18 100
kdiggin1 18 18 18 8 8 22 22 18 40 18 22 22 18 18 18 18 18 18 18 0 0 100
kbockhol 18 18 18 14 14 18 38 18 8 8 18 40 18 0 0 100
jybanez1 18 18 100
jswift2 18 40 18 18 100
jmoawad 18 22 22 8 8 18 18 18 18 8 8 18 40 18 18 18 0 0 18 18 100
jduffy8 18 18 18 18 18 18 18 8 8 18 40 18 18 18 18 0 0 100
jchandle 18 18 22 22 14 14 18 39 18 8 8 18 40 18 0 0 18 18 100
jbrunne1 18 40 18 0 0 100
jbordall 18 40 18 18 100
ielizond 18 39 18 100
hwakelin 18 18 18 14 14 22 37 22 8 8 18 40 18 18 18 18 0 0 27 27 100
gcampoli 18 0 0 100
eutley 18 100
esagun 18 1 1 18 40 18 100
eobrie14 25 25 5 5 18 40 18 100
ehoran3 18 100
dkrivda 1 1 100
dgarci18 28 28 12 12 9 9 18 40 18 100
csmith72 18 0 0 100
cholmes6 18 18 18 18 18 18 18 18 0 0 14 14 100
cgrunha2 1 1 27 27 18 40 18 18 0 0 18 18 100
ccahill5 18 25 25 5 5 18 39 18 0 0 18 18 100
btournat 18 18 18 8 8 22 22 14 14 18 40 18 18 18 18 18 18 0 0 18 18 18 100
akeller5 18 40 18 100
adaniele 18 25 37 25 5 5 100
aclark13 18 0 0 100
aboyd2 18 18 18 18 18 18 18 100
wmckee 18 18 18 18 18 18 18 8 8 18 40 18 8 8 18 40 18 0 0 100
wfine 18 100
srodawig 18 40 18 100
slee51 18 18 18 18 18 8 8 18 36 18 18 18 0 0 27 27 100
rmcgove1 18 100
pwasuwan 18 40 18 25 25 18 39 18 18 5 5 18 40 18 100
ojazbuti 18 14 14 18 36 18 8 8 18 37 18 18 18 0 0 100
nskora 18 1 1 18 40 18 0 0 18 18 5 5 25 25 100
nmarti12 18 18 18 18 18 8 8 22 39 22 18 40 18 0 0 100
nhelm 18 39 18 18 18 5 5 25 25 100
nbest1 27 27 1 1 18 40 18 100
mpaulran 18 40 18 100
mmurph50 18 18 0 0 100
kheldt 18 8 8 22 22 14 14 18 39 18 18 0 0 100
jspence6 18 40 18 100
jminor1 18 14 14 20 20 29 29 20 20 100
jlabadie 18 39 18 18 18 18 25 25 5 36 5 100
jguerra3 18 18 0 0 14 14 100
jesposi2 18 14 14 25 25 18 40 18 5 5 100
igese 18 40 18 18 100
hsun2 18 0 0 18 18 18 100
emangels 18 40 18 18 0 0 100
eleahy1 18 40 18 18 100
ehiestan 18 18 11 11 18 40 18 12 12 18 40 18 100
ebrady7 18 8 8 22 22 14 14 18 40 18 18 0 0 18 18 100
clewis13 18 0 0 100
chanzel 18 40 18 18 0 0 14 14 25 25 5 36 5 100
cbowden 18 40 18 100
cbartlet 18 36 18 18 18 0 0 100
bsoaresd 18 27 27 1 1 18 40 18 18 18 0 0 100
bknarr 18 18 0 0 100
bdages 18 40 18 18 18 0 0 100
atreacy 18 40 18 100
asood1 18 37 18 18 100
alehanka 18 18 14 14 8 8 22 22 18 40 18 18 18 0 0 100
vzona 18 18 5 5 100
vdavis1 18 18 18 18 0 0 100
tmcguir2 18 40 18 0 0 18 18 100
tlynch3 18 100
sfore 18 39 18 18 100
rsabnani 18 0 0 18 40 18 8 8 22 22 18 18 18 18 0 0 100
rkenyon 18 40 18 100
rhughes8 18 0 0 18 18 100
mzachlin 18 40 18 18 100
mriss 18 40 18 18 0 0 100
moconn20 18 18 8 8 18 40 18 0 0 100
mmaron 18 18 18 18 22 22 8 40 8 14 14 18 40 18 18 0 0 100
mhepbur1 18 40 18 100
mgreene3 18 40 18 100
kmcfarl1 18 18 0 0 18 18 100
jyu7 18 100
jrombals 18 8 8 22 22 14 14 18 18 18 0 0 1 1 27 27 100
icorreia 18 40 18 0 0 100
gklaus 18 18 18 14 14 8 8 22 22 18 40 18 100
eromero3 18 18 18 18 8 8 22 22 18 40 18 14 39 14 0 0 18 36 18 18 18 100
eeschwei 18 18 18 24 24 22 22 18 40 18 8 8 18 40 18 18 0 0 100
ebabcoc1 18 18 18 14 14 18 37 18 22 22 22 22 8 8 18 40 18 18 18 100
dyefreme 18 8 8 18 36 18 22 22 18 40 18 1 1 18 40 18 100
dpark5 18 0 0 18 18 100
dkenned7 18 18 100
crodri12 18 40 18 100
coakley2 18 40 18 100
cgreeley 18 100
cgehan 18 18 0 0 100
cdulal 18 18 18 14 14 22 39 22 8 8 18 40 18 18 18 0 0 27 27 18 18 100
