dtorgers 13 13 13 13 13 13 13 13 13 13 13 13 13 13 13 13 13 13 13 13 13 13 13 13 13 13 13 13 13 13 13 13 13 13 13 13 13 13 13 13 13 13 13 13 13 13 13 13 13 13 13 13 13 13 13 13 13 13 13 13 13 13 13 13 33 33 13 40 13 13 13 13 13 13 13 13 13 13 13 13 13 13 13 13 13 13 13 13 13 13 13 13 13 13 13 13 13 13 13 13 13 13 13 13 13 13 13 13 16 16 13 40 13 13 13 13 13 13 13 13 13 13 13 13 13 13 13 13 13 13 13 13 13 13 13 13 13 13 100
cdavin1 13 13 13 13 13 13 13 13 13 13 13 13 13 33 33 13 13 13 24 24 32 32 13 36 13 13 13 33 33 13 38 13 24 24 100
alebron1 13 24 24 32 32 33 33 100
ccooper8 13 40 13 13 13 13 13 33 33 13 40 13 13 13 24 24 32 32 100
nweindel 13 13 13 13 13 13 33 33 13 40 13 13 13 13 13 13 32 32 24 24 13 40 13 13 13 24 24 32 32 33 33 100
ntownsen 13 37 13 21 37 21 13 13 13 21 21 13 40 13 13 13 13 13 33 33 13 40 13 13 13 13 100
jberg2 13 13 13 33 33 13 36 13 32 32 24 24 13 40 13 13 13 13 13 13 13 13 13 14 14 13 40 13 13 13 13 100
fhita 13 11 11 13 40 13 13 13 13 13 13 13 13 13 13 3 36 3 13 38 13 13 13 13 13 13 13 13 13 13 13 13 13 13 13 100
mmcfarli 13 13 13 33 33 13 13 24 38 24 32 32 100
mlengwin 13 13 13 13 13 24 24 32 32 33 33 100
kwurl 13 39 13 13 13 33 33 13 40 13 13 11 11 13 40 13 13 13 13 13 13 13 13 13 33 33 24 24 32 32 100
ccampb20 13 13 13 13 13 13 13 13 13 13 13 13 13 13 13 13 11 11 13 37 13 33 33 24 24 32 32 13 39 13 100
pbrown10 13 13 13 13 13 13 13 13 13 13 13 13 13 13 24 24 32 32 33 33 100
rdiejoma 13 13 13 11 11 13 40 13 13 13 13 13 24 24 32 32 100
drogers1 13 100
cdelpila 13 13 13 13 13 13 13 13 13 13 33 33 32 32 24 24 100
cbolivar 13 40 13 13 13 13 13 13 13 13 13 13 13 13 13 32 32 13 36 13 13 24 24 100
muhlenbr 13 40 13 13 13 13 13 13 13 24 24 32 32 13 40 13 33 33 13 39 13 100
msmith75 13 100
pmcguir2 13 40 13 100
jstaten 13 40 13 13 32 32 13 36 13 33 33 24 24 32 32 13 40 13 100
mgirod 13 13 13 13 13 13 13 24 24 32 32 100
zgartenh 13 13 3 37 3 13 40 13 13 24 24 32 32 33 33 100
alabella 13 40 13 13 13 13 24 24 32 32 33 33 13 40 13 13 13 11 11 13 40 13 13 100
bferrer1 13 40 13 13 13 13 13 13 13 10 10 33 33 24 24 32 32 13 36 13 11 11 13 39 13 13 13 13 100
pcataldi 13 40 13 13 13 13 13 13 13 13 13 13 12 12 13 39 13 13 13 28 28 6 6 12 12 100
aohri 13 10 10 13 13 21 21 13 40 13 13 13 13 13 13 13 13 11 11 13 40 13 13 13 13 13 13 24 24 100
pklekamp 13 13 13 33 33 13 13 16 16 24 24 32 32 13 40 13 13 100
amccar10 13 13 13 13 100
nwamble 13 14 14 10 10 21 21 13 40 13 13 13 13 13 13 13 13 13 13 11 11 13 40 13 15 15 13 13 100
wwu5 13 40 13 13 13 13 11 11 17 17 13 13 13 13 13 13 13 13 13 13 13 13 13 13 11 11 4 4 3 3 13 13 31 31 13 40 13 31 40 31 2 2 15 15 21 21 100
wsuter2 13 13 24 24 32 32 13 38 13 100
thowe1 13 13 13 13 13 13 32 32 24 24 13 40 13 13 13 13 24 24 32 32 100
mmian 13 13 34 34 13 36 13 13 33 33 32 32 24 24 100
jhouge 13 40 13 100
slemaign 13 13 13 13 13 13 24 24 32 32 100
ldamoose 13 40 13 13 13 13 13 13 13 24 36 24 13 40 13 32 32 33 33 100
sburnbau 13 13 13 13 13 13 13 13 13 1 37 1 13 40 13 13 13 13 13 13 13 100
nwarren 13 13 13 13 13 13 13 13 13 33 33 32 32 24 24 100
bconnol3 13 13 24 24 32 32 33 37 33 13 40 13 100
rheitkam 13 13 32 32 11 11 13 13 13 13 13 13 13 13 24 24 32 37 32 33 33 100
jmullike 13 13 13 13 33 33 32 32 24 24 100
chickey3 13 13 24 24 32 32 100
athoma24 13 13 13 24 24 32 32 13 40 13 24 24 32 32 100
rgensler 13 13 13 13 13 13 13 13 13 13 13 33 33 32 32 24 24 100
kthornt4 13 40 13 13 13 24 24 33 33 32 32 13 40 13 100
pvlandis 13 40 13 24 24 32 32 13 40 13 32 32 100
mmizraji 13 40 13 13 33 33 24 24 32 32 13 40 13 13 13 100
zpavlin 13 13 13 13 13 13 13 13 13 13 13 33 33 24 24 13 40 13 13 100
ydeng3 13 39 13 13 13 11 11 13 36 13 13 100
kfox8 13 24 24 32 32 100
lsulli11 13 40 13 13 13 24 24 32 32 13 13 100
jgorman6 13 13 13 100
enunez 13 13 13 24 24 32 32 100
jdirksen 13 40 13 13 33 33 13 37 13 13 13 13 33 33 13 39 13 32 32 24 24 13 40 13 100
whornby 13 40 13 100
jwade5 13 13 100
mblatt1 13 38 13 13 13 13 13 13 13 13 13 24 36 24 32 32 13 40 13 13 13 13 11 11 1 36 1 13 40 13 24 24 32 40 32 100
jowusuko 13 13 13 13 13 13 11 11 100
mmang 13 13 33 33 32 32 24 24 100
waberger 13 40 13 13 33 33 32 32 24 24 13 40 13 33 37 33 32 37 32 24 24 13 36 13 100
llombar2 13 13 13 13 33 33 24 24 32 32 100
gkaiser 13 40 13 13 13 13 13 13 13 13 13 13 24 24 32 36 32 33 33 13 39 13 100
koconn27 13 100
aweishan 13 13 13 13 13 13 32 32 24 24 13 39 13 13 100
mcaskey 13 33 33 32 32 24 24 13 40 13 13 33 33 24 24 32 32 100
jguarino 13 13 13 13 100
cseymou2 13 13 13 13 13 13 13 33 33 24 24 32 32 100
dplagenz 13 13 24 24 32 32 33 33 13 13 100
csasso 13 13 13 13 13 13 13 13 24 24 33 33 32 32 100
amccar11 13 13 13 24 24 32 36 32 33 33 13 36 13 100
yshi6 13 11 11 13 40 13 13 13 11 11 10 10 21 21 1 1 14 14 13 37 13 25 25 13 40 13 11 11 17 40 17 11 11 13 39 13 100
minoue2 13 13 13 24 24 32 32 33 33 13 36 13 100
jwinebre 13 37 13 33 33 13 13 100
sgalbens 13 14 14 10 40 10 21 39 21 13 40 13 13 13 13 11 11 13 40 13 13 11 11 13 36 13 1 1 13 40 13 13 31 31 13 36 13 100
jlazzara 13 13 13 13 13 13 13 13 13 13 13 13 33 33 24 24 32 32 13 13 100
vruesch 13 24 24 13 40 13 24 24 32 32 100
nniere 13 16 16 13 40 13 13 13 13 13 100
ghong 13 40 13 13 24 24 32 32 13 13 100
bhogan1 13 36 13 14 14 10 10 13 40 13 13 13 13 13 13 100
wdu 13 40 13 13 100
tmercier 13 33 33 13 40 13 13 24 24 32 32 13 40 13 13 24 24 100
esunshi1 13 13 33 33 32 36 32 24 24 100
eevans9 13 13 13 13 32 32 13 40 13 13 13 12 12 13 40 13 13 13 15 15 1 1 16 37 16 28 39 28 6 6 18 39 18 13 40 13 5 5 20 36 20 13 40 13 13 13 13 13 31 39 31 21 39 21 13 40 13 13 13 13 100
bkenney1 13 2 2 15 15 3 3 34 34 13 13 13 13 13 13 13 13 24 24 32 32 100
cdieckma 13 24 24 13 40 13 13 24 24 32 32 33 33 100
mcoggins 13 31 31 1 1 13 40 13 2 2 13 39 13 13 24 24 32 32 100
lblitzer 13 13 13 100
jdelledo 13 13 13 13 13 33 33 24 24 32 32 100
mfreedlu 13 13 13 13 13 13 13 24 24 32 32 33 33 100
tprice4 13 40 13 13 13 13 24 36 24 32 32 100
lbarret2 13 40 13 32 32 24 24 13 40 13 7 7 33 33 100
eralph 13 13 13 13 24 24 32 32 100
bhalliga 13 13 13 13 13 1 36 1 13 40 13 21 21 14 14 13 13 13 21 21 10 10 14 14 13 40 13 13 13 13 100
sroennec 13 40 13 13 13 24 24 32 32 33 33 100
jmurph32 13 13 13 13 13 13 24 24 32 32 100
cfrentze 13 40 13 13 13 13 24 24 32 32 13 13 33 33 100
mnewcome 21 21 10 10 14 14 33 33 13 13 13 11 11 13 40 13 24 24 32 32 33 33 13 40 13 13 13 13 13 11 11 13 40 13 13 13 13 13 13 13 13 11 11 100
jsitarsk 13 40 13 13 13 100
tpreko 13 13 13 33 33 24 24 32 32 100
mtreacy 13 13 13 13 13 13 13 13 13 13 24 24 32 38 32 13 40 13 13 24 24 32 32 13 13 33 33 100
ccampb21 13 13 13 13 13 13 13 100
rrivera8 13 13 24 24 32 32 13 37 13 13 33 33 13 40 13 100
rblack4 13 11 11 13 40 13 13 13 13 13 13 25 25 10 10 14 14 13 40 13 13 13 24 24 32 32 100
jwelsch 21 21 10 37 10 14 14 13 13 13 11 11 13 13 13 13 4 36 4 3 3 13 36 13 13 34 34 1 1 13 40 13 13 13 21 21 13 13 13 13 2 2 13 13 3 3 4 4 31 31 13 13 13 11 11 13 37 13 13 13 100
jgately1 13 40 13 13 13 13 13 13 13 13 13 24 24 32 32 100
gdean 13 13 13 24 24 32 32 100
ewigutow 13 13 13 13 24 24 32 36 32 100
dgibbon2 13 13 13 13 13 100
cmorton2 13 13 100
mrooney6 13 40 13 13 13 13 24 24 32 32 13 36 13 33 33 32 32 13 13 24 24 13 13 100
mmoran12 13 24 24 13 40 13 13 13 32 32 13 36 13 100
jwalte10 13 40 13 13 13 24 24 32 32 33 33 13 13 100
jcarney6 13 1 1 13 39 13 13 13 21 21 13 36 13 13 3 3 13 40 13 13 33 33 24 24 13 37 13 33 33 32 32 100
pmeyer3 13 40 13 13 13 33 33 13 40 13 13 24 24 32 32 100
icallaha 13 36 13 13 24 24 32 32 33 33 100
dtoth1 13 24 24 32 32 100
kkostola 13 40 13 13 13 33 33 24 36 24 32 32 100
dlee26 13 39 13 13 13 33 33 24 24 32 32 100
yying 13 36 13 13 13 13 13 13 13 100
swagy 13 33 33 24 24 32 32 100
rroque1 13 13 13 13 13 13 13 13 13 24 24 32 32 100
kdantoni 13 40 13 13 24 24 32 32 33 33 100
wmohler 13 21 37 21 13 40 13 13 24 24 33 33 13 39 13 24 24 13 39 13 32 36 32 33 33 13 40 13 100
lklein1 13 40 13 13 32 32 24 24 100
jbecker9 13 13 100
hrague 13 40 13 13 13 13 33 33 24 24 32 36 32 100
cott 13 40 13 13 13 13 13 24 24 32 32 33 33 100
mholzbau 13 100
mhawkin3 13 13 13 13 3 36 3 1 1 13 40 13 10 10 13 40 13 13 10 10 13 40 13 13 13 11 11 24 40 24 32 32 33 33 100
lharmon 13 40 13 13 33 33 32 32 13 13 24 24 100
elazzaro 13 13 13 13 13 24 24 32 32 33 33 100
tburley 13 21 21 13 40 13 13 21 21 13 40 13 13 11 11 13 40 13 11 11 13 40 13 13 11 11 13 40 13 13 13 13 11 11 3 3 13 40 13 13 13 100
shenn 13 40 13 13 13 24 24 32 32 100
jgomez5 13 40 13 13 13 13 13 13 13 11 11 13 40 13 13 24 24 13 13 33 33 32 36 32 28 28 6 6 12 36 12 13 40 13 13 11 11 13 40 13 13 100
jfries3 13 40 13 13 10 10 14 14 21 21 33 33 13 38 13 13 21 21 10 10 14 14 13 40 13 13 11 11 13 40 13 13 13 13 13 24 24 32 32 100
bniemoel 13 13 13 13 24 24 32 32 100
kriordan 13 40 13 13 13 13 13 13 13 24 24 32 32 100
jmurph33 13 13 33 33 24 24 13 13 32 32 100
dcorr1 13 13 13 13 13 13 13 13 13 100
cemenalo 13 13 13 13 13 33 33 24 24 32 32 100
yjung2 13 40 13 13 13 13 13 100
rpappas 13 40 13 13 13 13 13 13 1 1 13 40 13 13 13 13 13 24 24 32 36 32 100
mmerric1 13 13 13 100
mdosch 13 39 13 13 24 24 32 32 33 33 13 13 13 13 100
jbettag 13 36 13 100
jbernin1 13 40 13 13 13 13 13 13 13 13 13 13 11 11 13 40 13 13 11 11 13 40 13 1 1 13 40 13 13 13 24 38 24 32 32 100
gbruenin 13 13 13 21 21 10 10 14 14 13 40 13 33 33 10 10 13 40 13 13 13 10 10 13 40 13 13 13 11 11 13 40 13 11 11 16 16 4 37 4 13 40 13 1 1 13 40 13 11 11 13 40 13 24 24 32 32 32 40 32 13 40 13 13 13 13 13 13 100
ddallava 13 11 11 13 40 13 13 11 11 33 39 33 13 40 13 100
cgamboa 13 10 10 13 40 13 13 11 11 13 40 13 13 13 13 13 11 11 13 39 13 13 13 11 11 13 40 13 100
nquartir 13 11 11 13 40 13 13 13 13 13 13 24 24 32 32 100
lfaubion 13 13 100
cwilso24 13 13 13 13 13 13 33 33 24 24 32 32 100
aursino1 3 39 3 33 38 33 13 40 13 8 38 8 3 3 4 4 1 38 1 100
msummer2 13 13 13 13 10 10 13 40 13 13 13 13 24 24 32 32 28 28 6 6 13 40 13 11 11 13 40 13 100
kramm 13 13 13 33 33 13 40 13 32 32 24 24 13 13 100
jchapple 13 100
jbonds 13 40 13 13 13 13 33 33 24 24 32 32 13 38 13 100
dbirzer 13 13 13 31 31 4 4 3 3 2 2 34 34 13 40 13 13 1 1 11 11 13 36 13 13 100
cfish 13 40 13 100
nholmes1 13 40 13 33 33 16 16 21 21 13 40 13 13 33 36 33 12 12 13 13 28 28 6 36 6 100
ngiovino 13 33 33 24 24 32 36 32 100
eherber1 13 13 24 24 32 32 100
cgallag3 13 40 13 13 13 24 24 32 32 33 33 100
tzheng2 13 17 17 13 40 13 13 13 13 13 24 24 32 32 100
mgerber 13 13 13 33 33 100
jcolli23 13 40 13 11 11 16 16 13 40 13 13 13 13 13 11 11 13 40 13 13 13 100
awalton3 13 40 13 13 24 24 32 32 33 33 100
vwhitmor 13 40 13 13 24 24 32 32 33 33 13 13 13 13 24 24 32 32 13 40 13 13 13 24 24 32 37 32 100
rpellica 13 40 13 13 13 13 13 16 16 13 40 13 100
rmyers9 13 13 13 32 32 24 24 13 40 13 13 33 36 33 100
jdoerer 13 36 13 100
gbiltz 13 40 13 13 100
aheck1 13 13 13 13 13 13 13 13 13 13 13 24 24 32 37 32 13 13 100
ucooper 13 13 13 13 13 24 24 32 32 33 33 100
rschill1 13 13 13 11 11 13 40 13 11 11 13 40 13 13 13 13 13 13 13 13 100
mschlic1 13 40 13 13 13 13 24 24 32 32 13 37 13 100
mperry6 13 13 13 13 13 24 24 100
jfenton1 13 13 24 24 32 32 100
csauder 13 13 13 13 13 13 13 11 11 13 36 13 4 4 13 13 3 3 13 40 13 13 1 1 15 15 25 25 10 10 13 40 13 13 13 13 13 13 11 11 13 40 13 24 24 32 32 100
alowney 13 13 100
zkagalw1 13 40 13 24 24 32 32 33 33 100
swilkin4 13 13 33 33 24 24 32 32 100
imarx 13 13 13 33 33 13 38 13 32 32 24 40 24 13 40 13 24 24 33 33 100
cschmid7 13 100
awang4 13 40 13 24 24 32 32 33 33 100
abenavi3 13 13 13 13 24 24 32 32 33 33 100
sweyhmil 13 40 13 13 24 24 32 32 100
sgenz 13 11 11 13 13 33 33 13 13 13 13 24 24 32 32 33 33 100
mwu4 13 40 13 13 13 13 100
jleporte 13 100
adichris 13 24 24 32 32 33 33 13 13 13 13 11 11 13 40 13 100
scrotty1 13 13 13 32 32 24 24 100
pfarring 13 13 33 33 24 24 32 32 13 13 13 11 11 13 40 13 13 33 33 13 13 13 13 15 15 1 36 1 13 40 13 13 13 13 11 11 100
pdesousa 13 13 1 1 13 39 13 13 13 14 14 13 40 13 13 24 24 32 32 100
mkuehl 13 32 32 24 24 33 33 100
lfitter 13 13 13 13 13 13 100
kenriett 13 13 13 13 13 13 100
jruan 13 40 13 33 33 24 24 32 32 13 39 13 100
hzahour 13 24 24 32 32 33 33 100
emostyn 13 13 24 24 32 36 32 33 33 100
edohert1 13 33 33 24 24 32 36 32 100
amellert 13 13 13 13 17 17 13 40 13 13 11 11 8 36 8 3 3 3 3 4 4 10 10 14 14 1 1 13 39 13 13 13 13 13 13 13 100
aandrade 13 40 13 13 24 24 32 32 100
tdann 13 32 32 24 24 100
sielusic 13 40 13 24 24 32 32 100
mlicursi 13 40 13 13 13 33 33 24 24 32 32 13 13 100
mdrake2 13 13 13 33 33 32 32 24 24 100
lhe3 13 13 13 13 33 33 24 24 100
inegroro 13 13 13 13 13 13 13 33 33 24 24 100
afonash 13 13 13 24 24 32 32 33 33 100
obarnard 13 24 24 32 32 13 13 13 100
nbenz 13 13 13 33 33 32 32 24 36 24 13 13 100
lhuang3 13 40 13 24 24 32 32 33 33 13 13 100
jwessele 13 13 13 24 24 13 40 13 13 24 24 32 32 33 33 100
jmastron 13 40 13 24 24 32 32 13 37 13 33 33 100
dmarino 13 13 24 24 32 32 100
cpickfor 13 13 13 24 24 32 32 33 33 13 40 13 13 33 33 24 24 13 37 13 100
obaitlot 13 13 13 10 10 100
kmollenk 13 13 13 24 24 32 32 100
ccarlso2 13 40 13 13 11 11 13 40 13 13 13 11 11 3 3 13 39 13 13 13 13 13 11 11 15 40 15 21 21 13 13 13 13 33 33 32 32 24 24 13 40 13 24 24 100
bmoreno1 13 13 3 3 4 4 13 40 13 13 100
smanriqu 13 40 13 24 24 32 32 33 33 13 40 13 13 100
mmillado 13 13 13 24 24 32 32 13 13 100
mferrel2 13 24 24 32 32 100
ldougla3 13 13 13 24 24 32 32 13 40 13 100
jmcconn1 13 13 13 13 13 13 13 100
ecahill 13 40 13 11 11 13 40 13 13 100
dshaw4 13 40 13 13 13 13 33 33 13 40 13 24 24 32 32 13 40 13 33 33 100
alucche1 13 40 13 13 13 100
odonnel1 13 13 13 100
mpirko 13 13 13 13 33 33 32 32 24 24 100
mlyden1 13 13 33 33 24 24 32 32 13 13 100
mdekold 13 24 24 32 32 33 33 100
eschnaut 13 13 13 13 13 16 16 13 13 13 13 13 100
esalina1 13 100
adiederi 13 100
sholtz1 13 40 13 16 16 13 40 13 11 11 13 40 13 24 24 33 37 33 13 37 13 32 32 100
sdann 13 13 13 32 32 13 40 13 13 13 24 24 32 36 32 33 33 100
pkolek 13 40 13 13 13 13 13 13 32 32 24 24 33 33 13 40 13 100
nhaymond 13 13 32 32 24 24 33 33 13 13 100
kmuha 13 13 13 33 33 24 24 32 32 13 40 13 32 32 13 13 100
kfeehan 13 40 13 13 24 24 32 38 32 100
kalme 13 40 13 100
ivaldess 13 11 11 13 40 13 33 33 24 24 32 32 13 36 13 100
esmith30 13 3 3 4 4 11 11 15 36 15 13 13 10 10 13 40 13 13 13 13 13 100
ctoudouz 13 33 33 13 40 13 13 24 24 13 13 24 24 32 32 13 39 13 32 32 13 36 13 33 33 13 13 13 13 13 100
sreddy4 13 40 13 13 24 24 32 32 33 33 13 13 13 13 13 100
rboylan 13 13 13 13 24 40 24 32 32 100
ncheng 13 33 33 32 32 24 24 13 40 13 24 24 32 32 33 33 100
jzelinsk 13 40 13 13 13 13 33 33 24 24 32 32 100
jcuji 13 13 13 13 100
gworthin 13 100
dfabrega 13 40 13 13 33 33 13 13 24 24 13 40 13 13 13 24 24 33 37 33 100
angov 13 13 13 13 33 33 32 32 24 24 100
adunniga 13 40 13 13 13 24 24 32 32 100
skolda 13 13 13 24 24 32 32 33 33 13 13 100
scrippes 13 40 13 13 13 33 33 24 24 32 32 13 13 100
mschutze 13 13 33 33 13 13 24 24 32 32 100
mpavloff 13 40 13 24 24 32 32 13 36 13 33 33 100
lnixon1 13 13 16 16 13 40 13 24 24 13 13 32 32 100
kmurray7 13 13 13 13 13 24 24 32 32 33 33 100
jshard 13 13 33 33 24 24 32 32 100
hthomps4 13 13 24 24 32 32 100
ewood1 13 24 24 32 32 100
estrouse 13 13 24 24 32 32 33 33 100
sekanay1 13 40 13 13 33 33 24 37 24 32 36 32 13 40 13 100
odegnim 13 34 34 13 40 13 13 13 13 13 24 24 32 32 13 36 13 100
kcox5 13 13 13 13 33 33 24 24 32 32 100
kborotho 13 13 13 100
jbertram 13 40 13 13 13 13 24 24 32 32 33 33 13 40 13 100
hbyrne 13 13 33 33 24 24 32 32 100
ggulyas 13 40 13 13 13 13 13 13 33 33 32 32 24 24 100
ekeuler 13 13 13 24 24 32 32 13 40 13 13 28 28 6 6 12 12 13 40 13 13 13 13 100
egeyer1 13 13 33 33 24 24 32 32 100
dlong2 13 13 24 24 32 32 100
bpierpoi 13 10 10 14 14 13 40 13 13 13 13 13 13 13 11 11 4 38 4 13 36 13 31 31 13 13 13 13 13 13 13 13 13 100
apavelka 13 13 24 24 32 32 33 33 100
rbartle1 13 40 13 13 24 24 32 32 13 13 100
nyusko1 13 40 13 13 13 13 21 21 13 36 13 1 1 13 40 13 13 13 13 24 24 32 32 100
motten1 13 36 13 100
molsen3 13 40 13 13 13 100
mdambros 13 40 13 21 21 14 14 13 36 13 13 11 11 13 40 13 24 24 32 32 100
kmountf1 13 24 24 32 32 100
jeversol 13 13 13 13 13 11 11 13 13 100
etorrent 13 40 13 24 24 32 32 13 37 13 100
ereynol5 13 40 13 24 24 32 32 33 33 13 13 100
epark5 13 40 13 11 11 4 37 4 3 38 3 33 33 13 40 13 13 11 11 13 13 13 24 24 32 32 33 33 100
dpatel2 13 33 33 24 24 32 36 32 13 40 13 100
cmoreno5 13 37 13 10 10 13 40 13 13 21 21 13 38 13 13 13 13 11 11 13 40 13 11 11 13 40 13 13 1 1 13 13 13 10 10 13 40 13 13 13 13 1 1 13 36 13 100
bgawel 13 13 13 13 11 11 13 40 13 11 11 13 40 13 31 31 1 1 3 3 13 36 13 21 21 14 14 2 2 10 10 13 40 13 16 16 13 13 11 11 13 40 13 11 11 13 40 13 13 13 11 11 13 40 13 24 24 32 32 100
bconlon 13 11 11 13 36 13 31 31 13 13 13 25 25 100
apanousi 13 11 11 13 40 13 13 13 13 13 11 11 21 39 21 13 40 13 100
tngochi 13 14 14 34 34 10 36 10 13 13 13 13 13 32 32 24 24 33 33 13 38 13 100
tdasso 13 13 33 33 100
rwittmer 13 13 13 13 13 13 13 100
rvazza 13 100
nhong 13 13 13 12 12 24 24 32 32 13 36 13 100
mrohling 13 40 13 13 13 13 13 13 13 100
dsmith53 13 13 13 13 13 24 24 32 32 100
cdowicz 13 11 11 13 13 13 13 13 11 11 13 37 13 11 11 13 36 13 13 13 13 13 24 24 13 40 13 100
bnakfoor 13 40 13 24 24 32 32 13 13 33 33 13 40 13 100
akhemani 13 100
ahughes8 13 40 13 13 24 24 32 32 100
tperey 13 40 13 33 33 13 40 13 24 24 32 36 32 100
pbetz 13 10 10 14 14 13 13 13 21 21 13 40 13 13 13 13 13 13 11 11 12 12 13 40 13 13 13 13 13 100
mmccor15 13 33 33 32 32 24 24 100
mgray10 13 24 24 32 32 33 33 100
mfraizer 13 40 13 100
lherna11 13 40 13 24 24 32 32 100
jmolumph 13 38 13 13 13 13 33 33 5 5 20 36 20 18 18 13 40 13 32 32 24 24 100
hzweberl 13 40 13 33 36 33 32 32 24 36 24 100
dserafin 13 40 13 32 32 33 33 24 24 13 40 13 24 24 32 32 33 33 100
bpowell4 13 100
mdownin1 13 40 13 13 13 13 24 24 32 32 33 33 100
lduggan 13 39 13 13 13 13 13 33 33 13 37 13 32 39 32 24 24 100
kmclaug3 13 11 11 13 40 13 13 13 13 13 13 21 21 3 3 13 40 13 21 40 21 3 3 13 40 13 13 2 2 15 38 15 13 40 13 32 32 100
kbulleit 13 13 13 13 13 33 33 24 24 32 32 100
jplas 13 40 13 13 13 13 13 13 24 24 32 32 13 39 13 33 33 100
jbrown36 13 36 13 4 4 13 40 13 13 100
dkim30 13 40 13 13 24 24 32 32 100
cpantin 13 100
cmyers11 13 40 13 11 11 13 40 13 13 13 13 24 24 32 32 13 37 13 100
amora2 13 40 13 13 13 13 13 100
adrisco2 13 33 33 24 24 32 32 13 40 13 100
xtsai 13 24 24 32 32 100
nisakson 13 2 2 34 34 13 40 13 13 13 15 15 1 1 25 25 13 40 13 13 13 13 13 13 13 13 13 13 13 13 13 13 13 13 13 13 13 13 14 14 21 21 13 40 13 13 13 13 13 13 13 13 13 13 13 13 13 13 13 13 13 13 13 13 17 17 13 40 13 13 11 11 13 13 13 33 33 32 32 24 24 100
kmurph44 13 100
ibushue 13 1 1 13 36 13 13 10 10 13 38 13 33 33 13 36 13 10 10 13 38 13 13 33 33 13 13 24 24 32 32 13 40 13 13 100
hadams3 13 40 13 13 21 21 10 10 14 14 24 24 32 32 28 28 6 6 12 12 13 13 13 13 5 5 20 20 18 18 13 40 13 13 100
enichol4 13 13 24 24 32 32 33 33 13 13 100
egroth 13 33 33 24 24 32 39 32 100
aheinzma 13 33 33 13 40 13 13 24 24 32 32 100
adecker1 13 13 33 33 24 24 32 36 32 100
aameen 13 39 13 24 24 32 32 13 37 13 32 32 100
zwall 13 13 13 13 24 24 32 32 13 13 100
smonaha1 13 13 13 13 13 13 13 13 13 13 100
sdeschne 13 33 33 24 24 32 32 100
mowen 13 13 13 13 33 33 24 38 24 32 32 13 38 13 100
lwatts1 13 13 13 13 33 33 24 24 32 32 100
krochefo 13 13 13 100
gniforat 13 11 11 1 38 1 21 21 13 40 13 1 1 21 21 10 39 10 13 38 13 13 13 100
evandier 13 40 13 13 13 13 13 33 39 33 24 24 32 32 100
eclapp 13 13 13 21 21 10 36 10 14 14 33 36 33 13 13 13 13 13 13 11 11 100
awaldsch 13 13 24 24 32 32 100
adevito1 13 13 24 24 32 32 13 13 100
tsilva1 13 13 13 13 24 24 32 32 33 33 100
oivan 13 4 4 13 40 13 13 13 33 33 32 32 24 24 100
mmarti45 13 40 13 33 33 24 24 32 32 100
mjorden 13 13 13 24 24 33 33 13 40 13 24 24 32 32 33 33 100
ldorenko 13 33 33 24 24 32 38 32 100
ktracey 13 13 13 24 39 24 32 32 13 40 13 100
krothmey 13 40 13 24 24 32 32 100
kbiladea 13 13 13 100
jweas 13 24 24 32 32 13 13 33 33 100
jgoldsch 13 31 31 13 40 13 100
jdraves 13 13 32 32 24 24 33 33 13 13 100
gotte1 13 100
etruesda 13 38 13 100
emeara 13 13 13 13 13 13 13 13 24 24 32 37 32 100
cnilsen 13 40 13 33 33 32 32 24 24 100
bmurph24 13 40 13 33 33 24 24 32 32 100
azammit 13 40 13 13 13 13 100
arabbitt 13 100
wcheong 13 40 13 13 13 13 13 24 24 32 32 100
kmoran11 13 40 13 21 21 10 10 14 14 13 40 13 13 13 11 11 13 13 100
kgalla21 13 13 100
kgalla20 13 37 13 13 13 13 13 13 24 24 13 13 32 36 32 100
kfranz1 13 24 24 33 33 32 32 100
jsutton3 13 13 24 24 32 32 100
jhegart2 13 13 11 11 13 40 13 13 100
japplew1 13 36 13 10 10 14 14 13 40 13 13 13 11 11 13 13 13 3 3 13 13 13 13 1 1 13 40 13 24 24 32 32 100
imurrer 13 13 24 24 32 32 100
fschemel 13 40 13 13 13 13 24 24 32 32 33 33 100
fprimozi 13 11 11 13 40 13 13 13 13 13 13 11 11 100
elinares 13 13 13 13 13 13 24 24 32 36 32 100
cmulshin 13 13 33 33 24 24 32 32 100
cmagnuss 13 100
ccleary1 10 10 14 14 21 21 13 40 13 13 13 11 11 13 40 13 13 13 24 24 32 32 33 33 100
abohling 13 13 100
mscanish 13 13 24 24 32 32 100
mkirven 13 40 13 13 13 13 13 11 11 13 40 13 13 13 13 100
lkim3 13 36 13 13 13 13 24 24 13 38 13 13 13 13 13 13 13 13 24 24 32 32 33 33 100
lgrabows 13 24 24 32 32 13 36 13 100
lcaffar1 13 40 13 13 13 11 11 33 33 24 24 32 32 100
kliang2 13 11 11 13 40 13 13 100
jnowak4 13 21 21 10 36 10 13 13 14 14 13 40 13 13 13 13 13 13 13 11 11 13 36 13 3 39 3 31 31 4 4 13 40 13 24 24 32 32 13 40 13 100
hcheng1 13 40 13 100
bmerrick 13 13 33 33 32 32 24 24 100
bgagnon 13 24 24 32 32 100
tmansell 13 24 24 32 32 33 33 100
rrocco 13 100
rpuno 13 40 13 11 11 13 40 13 13 3 3 13 40 13 13 15 15 13 13 33 33 13 37 13 13 3 3 100
lyan4 13 24 24 32 32 33 33 13 13 100
kpresteg 13 13 32 32 24 24 100
jbaines 13 13 13 33 33 32 32 24 24 100
blemay 13 100
aromano2 13 11 11 4 4 13 40 13 13 1 1 13 40 13 13 13 11 11 13 40 13 10 37 10 13 40 13 100
alongsta 13 13 13 13 13 24 24 32 32 100
szachari 13 40 13 33 33 13 40 13 32 32 24 24 100
spalumb1 13 40 13 100
pcamara 13 13 100
operez2 13 13 13 13 13 33 33 24 24 32 32 100
nvincent 13 13 13 24 24 32 32 33 33 13 37 13 100
lgelin 13 36 13 13 11 11 13 40 13 11 11 13 40 13 13 13 11 11 13 40 13 11 11 2 39 2 21 21 1 1 13 40 13 13 13 100
ldomenel 13 40 13 24 24 13 13 100
lcho 13 13 10 10 13 40 13 13 11 11 13 40 13 11 11 13 40 13 24 24 32 32 13 13 33 33 100
jpaul2 13 100
ischmitz 13 13 13 100
egorman5 13 33 33 32 32 24 24 100
eeagle 13 36 13 13 13 13 13 24 24 32 32 100
dallen13 13 32 32 24 24 100
cdenzel 13 33 33 24 24 13 40 13 24 24 32 32 33 33 100
asowell 13 13 13 13 100
yzou2 13 21 21 13 13 21 21 14 14 10 10 13 40 13 100
speter14 13 100
pmcmonag 13 40 13 100
kpaulsen 13 13 33 33 24 24 32 32 100
kjacoby1 13 40 13 13 13 13 13 13 33 33 24 24 32 32 100
jruane 13 13 13 13 13 33 33 24 24 32 36 32 100
jdodig 13 13 13 13 13 13 13 100
gcramer1 13 24 24 13 13 32 32 100
everhey 13 13 13 33 33 13 13 13 100
esoller 13 13 11 11 13 40 13 13 13 24 24 32 32 100
egorman6 13 13 100
ckotseos 13 40 13 13 24 24 32 32 100
cganley 13 13 13 24 24 32 37 32 33 33 100
bfraser 13 13 13 13 13 11 11 13 40 13 33 33 24 24 32 32 100
asweet 13 40 13 24 24 100
apaik 13 13 100
thuber1 13 40 13 13 13 13 13 13 13 33 33 32 32 24 24 100
sincera 13 40 13 13 24 24 32 32 33 33 100
phennes2 13 40 13 24 24 32 32 100
msahd 13 100
mcabrer1 13 24 24 32 37 32 100
kkolleck 13 33 33 32 32 24 24 100
jreeg 13 24 24 32 32 100
jgonnard 13 100
hsarkey 13 100
hholden 13 13 13 13 32 32 24 24 100
epil 13 39 13 13 13 13 100
awitte 13 24 24 32 32 100
trogers6 13 33 33 24 24 32 32 100
tfross 13 13 24 24 32 32 33 33 100
taguirre 13 36 13 13 13 24 24 32 32 16 16 100
sbindel 13 40 13 13 13 24 24 33 33 100
rmaqbool 13 100
kcockrel 13 40 13 13 13 13 24 24 32 32 33 33 100
jmarino6 13 33 33 24 24 32 32 13 40 13 100
eguenthe 13 13 13 34 34 13 40 13 13 13 13 13 13 13 13 100
ecaradon 13 36 13 100
creid4 13 33 36 33 24 24 32 36 32 100
carizama 13 33 33 13 40 13 13 33 33 100
anataraj 13 13 24 39 24 32 32 100
svukovit 13 13 13 24 24 32 32 100
msteph11 13 13 24 24 32 32 100
mraster 13 100
lbognar1 13 40 13 13 13 11 11 13 40 13 33 33 13 13 13 32 32 24 24 100
lbakke 13 40 13 24 24 32 32 100
jzacher 13 13 13 13 13 24 24 32 32 13 40 13 100
