dtorgers 13 13 13 13 13 13 13 13 13 16 16 13 40 13 13 13 13 13 13 13 13 13 13 13 13 13 13 13 13 13 13 13 13 13 13 11 11 13 13 13 13 13 13 13 13 13 13 13 13 13 13 13 13 100
cdavin1 13 36 13 13 13 13 13 13 13 13 13 13 13 13 13 13 13 13 13 13 13 13 13 13 33 33 12 12 13 13 13 13 13 13 13 13 13 13 13 13 13 13 13 33 33 12 12 28 28 6 6 100
alebron1 13 100
ccooper8 13 40 13 13 13 13 13 13 13 13 13 13 13 13 33 33 13 38 13 13 13 13 13 13 13 13 13 13 13 28 28 6 6 12 12 33 36 33 100
nweindel 13 36 13 13 13 13 13 13 13 13 13 13 13 13 13 13 13 33 33 33 39 33 12 12 28 28 6 6 13 40 13 13 33 33 12 12 28 40 28 6 6 100
ntownsen 13 24 24 32 32 13 37 13 13 13 13 13 13 13 13 13 33 33 13 40 13 13 13 13 12 12 28 28 6 6 100
jberg2 13 13 13 13 13 13 12 12 20 36 20 28 28 6 6 13 40 13 13 11 11 13 38 13 13 13 13 100
fhita 13 24 24 32 32 13 40 13 13 13 13 13 13 13 13 13 13 13 13 13 13 100
mmcfarli 13 38 13 13 13 13 13 13 13 33 33 12 12 13 40 13 13 13 13 33 33 28 28 6 6 100
mlengwin 13 40 13 13 13 13 13 13 13 13 13 13 28 28 6 6 12 12 33 33 13 38 13 100
kwurl 13 40 13 13 13 13 13 13 13 13 13 13 13 13 13 13 13 13 13 13 33 33 28 36 28 6 6 12 36 12 100
ccampb20 11 38 11 13 36 13 16 16 1 39 1 13 40 13 13 13 13 13 13 13 13 13 13 13 13 13 13 13 13 13 13 13 13 13 13 13 13 13 13 13 33 33 12 12 28 28 6 6 16 16 13 40 13 6 6 33 33 13 40 13 100
pbrown10 13 36 13 13 13 13 13 13 13 13 13 13 13 13 13 13 13 13 13 13 13 33 33 13 13 100
rdiejoma 13 40 13 13 13 13 13 13 13 13 13 13 13 13 13 13 13 13 13 13 13 13 13 13 13 13 13 28 28 20 20 18 18 100
cdelpila 13 36 13 13 13 13 13 13 13 13 12 12 13 13 33 33 28 28 6 6 28 36 28 100
cbolivar 13 37 13 13 13 13 12 12 33 33 28 40 28 6 6 100
muhlenbr 13 13 13 13 13 13 13 33 33 28 28 6 6 12 12 13 38 13 13 100
msmith75 13 13 13 13 33 33 13 40 13 24 24 32 32 13 38 13 13 13 13 13 13 13 13 13 13 13 13 13 13 13 12 12 33 33 28 28 6 6 13 40 13 100
pmcguir2 13 24 24 32 32 13 40 13 13 13 13 13 13 13 13 13 13 13 28 28 6 6 12 12 100
jstaten 13 13 13 13 13 13 13 13 13 13 16 16 13 37 13 11 11 13 40 13 13 13 13 13 13 13 13 13 11 11 13 40 13 13 13 13 13 13 13 32 32 24 24 13 13 33 33 28 28 12 12 6 6 13 40 13 100
mgirod 13 37 13 13 13 13 13 13 13 13 13 13 28 28 6 6 12 12 13 13 13 100
zgartenh 13 40 13 13 13 13 13 13 13 13 13 13 13 28 28 6 6 12 12 33 33 100
alabella 13 13 13 13 13 13 13 13 13 13 13 33 33 12 12 28 28 6 6 13 40 13 100
bferrer1 13 13 13 13 24 24 33 33 28 28 6 6 12 12 13 13 100
pcataldi 13 40 13 100
aohri 13 100
pklekamp 13 13 13 13 13 13 13 13 13 13 13 33 33 12 12 28 36 28 6 6 100
amccar10 13 24 24 32 32 13 13 13 13 13 13 13 13 13 13 13 100
nwamble 13 13 13 13 13 13 13 32 32 24 24 13 40 13 13 13 13 13 13 13 13 13 13 12 12 100
wwu5 13 13 13 13 13 13 13 33 33 24 24 32 32 33 33 13 36 13 13 13 13 13 13 33 33 12 12 6 6 28 28 100
wsuter2 13 13 13 13 13 16 16 13 40 13 13 13 13 13 13 13 13 13 13 13 13 24 24 32 32 28 28 6 6 12 12 13 40 13 33 33 13 40 13 100
thowe1 13 37 13 13 16 16 13 40 13 13 13 13 13 13 13 13 13 13 13 13 12 12 13 40 13 13 28 28 6 6 12 12 33 33 100
jhouge 13 13 13 13 13 13 100
slemaign 13 40 13 13 13 13 13 13 13 13 28 28 6 6 12 12 33 33 100
ldamoose 13 13 13 13 13 33 33 6 6 28 28 12 36 12 100
sburnbau 13 32 32 13 13 24 24 13 36 13 13 13 13 13 13 13 13 13 100
nwarren 13 40 13 13 13 13 13 13 13 13 13 13 13 13 13 13 13 33 33 12 12 28 28 6 6 100
bconnol3 13 24 24 13 36 13 13 13 13 13 13 13 28 28 6 6 12 12 13 13 33 33 100
rheitkam 13 36 13 13 13 13 13 13 13 13 13 13 13 13 13 13 13 13 12 12 33 33 13 37 13 28 28 6 6 100
jmullike 13 40 13 13 13 13 13 13 13 13 13 33 33 12 12 28 28 6 6 100
chickey3 13 36 13 100
athoma24 13 39 13 13 13 13 13 13 13 13 13 13 13 13 16 16 13 13 13 13 13 13 12 12 13 13 12 12 28 36 28 6 36 6 100
rgensler 13 38 13 13 13 13 13 13 13 13 13 13 13 13 13 13 13 13 13 13 13 33 33 12 12 28 36 28 6 6 100
kthornt4 13 13 12 12 33 33 13 40 13 13 13 28 28 6 38 6 13 40 13 100
pvlandis 13 13 13 13 13 13 13 13 13 13 13 12 12 33 33 28 40 28 6 6 13 40 13 100
mmizraji 13 13 33 33 13 13 12 12 28 28 6 6 13 36 13 13 13 13 33 33 13 13 100
zpavlin 13 13 13 13 13 13 12 12 33 33 28 28 6 6 100
ydeng3 13 13 13 3 3 33 33 13 40 13 13 100
kfox8 13 40 13 13 24 24 32 32 13 40 13 13 13 13 13 13 13 13 28 28 6 6 12 12 100
lsulli11 13 13 13 13 13 13 13 13 13 13 13 13 13 28 28 6 6 12 12 13 13 11 11 100
jgorman6 13 24 24 32 32 13 40 13 13 13 13 13 13 13 13 100
enunez 13 13 13 9 9 13 40 13 13 13 13 13 13 13 13 13 13 13 13 13 13 13 13 13 13 100
jdirksen 13 13 13 13 33 33 100
whornby 32 32 24 24 13 39 13 13 13 13 13 13 13 13 13 13 12 12 12 12 13 13 100
jwade5 13 28 28 6 6 12 12 13 39 13 13 13 13 13 13 13 13 13 100
mblatt1 13 13 13 13 13 13 13 13 28 28 6 6 12 40 12 100
jowusuko 13 13 13 13 13 24 24 32 32 33 33 13 37 13 100
mmang 13 40 13 13 13 13 13 13 13 13 33 33 12 12 13 40 13 28 28 6 6 100
waberger 13 13 13 13 13 13 13 13 33 33 12 12 28 36 28 6 6 100
llombar2 13 40 13 13 13 13 13 13 13 13 12 12 28 28 13 40 13 28 28 6 6 33 33 12 12 100
gkaiser 13 13 13 13 13 11 11 13 40 13 11 11 13 40 13 13 33 33 13 40 13 13 100
koconn27 13 32 32 24 24 13 40 13 13 100
aweishan 13 13 13 33 33 12 12 13 40 13 13 28 36 28 6 6 13 40 13 100
mcaskey 13 40 13 13 13 33 33 12 12 100
jguarino 32 32 24 24 13 13 13 13 13 13 13 13 13 13 13 13 100
cseymou2 13 40 13 13 13 13 13 13 13 13 13 13 13 13 33 39 33 12 12 28 28 6 6 100
dplagenz 13 13 13 13 13 13 13 13 13 13 13 13 13 13 13 13 33 33 12 12 28 40 28 6 6 13 36 13 100
csasso 13 40 13 13 13 13 28 28 6 6 12 12 33 33 28 40 28 100
amccar11 13 13 13 13 13 13 13 28 28 13 13 33 33 6 6 12 36 12 100
yshi6 13 13 13 13 13 13 13 13 100
minoue2 13 13 13 13 13 13 13 13 13 13 100
jwinebre 32 32 24 24 13 40 13 13 13 13 13 13 13 13 13 13 13 13 13 13 13 13 13 33 33 12 12 13 13 100
sgalbens 13 13 13 24 24 32 32 33 33 13 40 13 13 13 13 13 100
jlazzara 13 13 13 13 13 13 13 100
vruesch 13 13 13 13 13 13 13 13 13 13 13 13 28 28 13 13 6 6 12 12 100
nniere 13 13 13 13 13 13 13 13 13 13 13 13 13 13 16 16 13 40 13 13 13 100
ghong 13 13 28 28 6 6 12 12 13 13 13 100
bhogan1 13 40 13 13 13 13 13 13 13 13 13 13 13 13 13 13 13 13 13 13 13 13 13 100
wdu 13 100
tmercier 13 40 13 13 13 13 16 16 13 40 13 16 16 13 40 13 13 13 33 33 13 13 12 12 13 13 28 28 6 6 100
esunshi1 13 40 13 13 13 13 13 13 13 13 13 13 12 12 33 33 13 40 13 13 28 28 13 36 13 6 6 12 12 33 33 13 36 13 100
eevans9 13 13 100
bkenney1 13 40 13 13 24 24 13 13 32 32 13 40 13 13 13 13 13 13 28 36 28 6 6 12 12 100
cdieckma 13 40 13 13 13 28 28 6 6 12 12 100
mcoggins 13 40 13 13 13 13 13 13 13 13 13 13 33 33 28 28 6 6 12 12 100
lblitzer 13 13 13 13 13 13 13 12 12 6 6 28 36 28 100
jdelledo 13 40 13 13 13 13 13 13 13 13 13 13 33 33 13 13 13 12 12 28 28 6 36 6 100
mfreedlu 13 37 13 13 13 13 28 28 6 6 12 12 33 33 100
tprice4 13 13 13 13 13 13 13 13 13 13 28 28 6 6 12 12 100
lbarret2 13 39 13 13 13 13 13 13 13 13 28 28 6 6 12 12 33 33 100
eralph 13 36 13 13 13 13 13 13 13 28 28 6 6 12 12 13 13 100
bhalliga 13 13 13 13 10 10 13 13 13 13 13 11 11 13 13 13 13 13 32 32 24 24 13 37 13 13 13 12 12 28 28 6 6 100
sroennec 13 40 13 13 13 13 13 13 13 13 13 13 28 28 33 33 6 6 12 12 100
jmurph32 13 36 13 28 28 12 12 6 6 100
cfrentze 13 40 13 13 13 13 13 13 13 13 13 13 33 33 6 6 12 12 100
mnewcome 13 40 13 13 100
jsitarsk 13 24 24 32 32 16 16 13 38 13 13 13 13 12 12 28 28 100
tpreko 13 40 13 13 13 13 33 33 12 40 12 13 40 13 28 36 28 6 6 13 13 100
mtreacy 13 40 13 13 13 13 13 28 28 12 12 6 36 6 13 39 13 100
ccampb21 13 13 32 32 24 24 13 40 13 13 13 13 13 13 13 13 28 28 100
rrivera8 13 13 13 13 13 12 12 28 39 28 13 13 33 33 6 6 13 39 13 100
rblack4 13 40 13 13 13 12 12 13 40 13 13 13 13 28 28 6 6 13 13 100
jwelsch 33 33 13 13 13 24 24 32 32 13 37 13 13 13 13 13 28 37 28 6 6 12 12 13 13 33 33 100
jgately1 13 40 13 13 13 13 13 12 12 100
gdean 13 40 13 13 13 28 28 6 6 12 12 13 40 13 13 13 13 13 100
ewigutow 13 40 13 13 13 13 13 13 13 13 28 28 6 6 12 12 100
dgibbon2 13 24 24 13 40 13 13 13 13 13 13 13 13 100
cmorton2 13 24 24 32 32 13 36 13 13 13 13 12 12 100
mrooney6 13 13 13 13 33 33 13 40 13 12 12 13 39 13 28 28 6 6 13 40 13 100
mmoran12 13 13 13 13 13 13 13 13 13 13 12 12 28 28 6 6 13 13 100
jwalte10 13 13 13 28 28 6 6 12 12 33 33 100
jcarney6 13 40 13 13 12 12 33 33 13 13 12 12 28 36 28 28 28 6 6 6 36 6 100
pmeyer3 13 40 13 13 13 13 13 13 33 33 13 40 13 33 33 12 12 0 0 28 28 13 13 13 6 6 13 13 33 33 100
icallaha 13 39 13 13 13 13 13 13 13 13 13 33 33 12 12 28 28 6 6 13 13 100
dtoth1 13 40 13 13 13 13 13 13 13 13 13 13 13 13 13 11 11 13 13 13 13 13 13 13 13 13 13 13 13 13 13 13 100
kkostola 13 40 13 12 12 13 40 13 13 13 100
dlee26 13 40 13 13 33 33 32 32 24 24 12 12 6 6 100
yying 32 32 24 36 24 13 40 13 13 13 13 11 11 13 40 13 13 13 13 13 13 13 13 13 100
swagy 13 40 13 13 13 13 13 13 13 13 13 13 33 33 12 12 28 28 6 36 6 100
rroque1 13 40 13 13 13 13 13 13 13 100
kdantoni 13 13 13 13 13 13 13 13 13 13 13 33 33 28 28 6 6 12 12 100
wmohler 13 13 13 13 13 13 13 28 28 6 6 12 12 33 33 13 40 13 33 33 12 37 12 100
lklein1 13 13 13 13 100
jbecker9 13 24 24 32 32 33 33 100
hrague 13 40 13 13 13 13 13 13 13 13 13 33 33 6 6 28 28 12 12 100
cott 13 40 13 13 13 16 16 13 40 13 13 13 13 13 13 13 13 33 33 12 12 28 28 6 6 100
mholzbau 13 13 13 13 13 13 16 16 13 40 13 33 33 13 40 13 12 12 13 40 13 28 28 6 6 100
mhawkin3 13 13 100
lharmon 13 40 13 13 13 13 33 33 12 12 28 28 6 6 100
elazzaro 13 40 13 13 13 13 13 13 13 13 13 13 13 13 13 13 13 13 13 13 13 13 13 100
tburley 13 13 13 24 24 32 36 32 13 40 13 100
shenn 13 40 13 12 12 6 6 13 13 28 28 100
jgomez5 13 100
jfries3 13 40 13 13 13 13 13 13 13 13 13 28 28 6 6 12 12 100
bniemoel 13 40 13 13 13 28 28 100
kriordan 13 100
jmurph33 13 40 13 13 13 33 33 12 12 28 28 13 13 6 6 100
dcorr1 24 24 32 32 13 40 13 13 13 13 13 13 100
cemenalo 13 40 13 13 13 13 13 33 33 28 28 6 6 12 12 100
yjung2 13 24 24 32 32 13 13 13 13 13 13 13 100
rpappas 13 40 13 13 13 13 13 13 13 13 13 13 13 13 13 13 28 28 6 6 12 12 100
mmerric1 13 24 24 32 32 13 40 13 13 13 13 13 13 13 13 100
mdosch 13 13 13 13 13 13 28 28 6 6 12 12 33 33 13 13 13 13 13 100
jbettag 13 13 13 13 13 100
jbernin1 13 13 13 13 13 13 13 13 13 13 12 12 100
gbruenin 13 12 12 13 40 13 13 28 28 6 6 12 12 13 40 13 13 100
ddallava 13 13 13 33 33 13 40 13 13 13 33 33 12 40 12 28 36 28 6 6 13 13 100
cgamboa 13 40 13 13 13 13 12 12 33 33 100
nquartir 13 40 13 13 13 13 13 13 12 12 13 40 13 13 13 28 28 6 6 12 12 13 40 13 13 13 28 28 6 6 100
lfaubion 13 13 13 13 24 24 32 38 32 13 40 13 13 13 13 13 13 13 28 28 6 6 12 12 100
cwilso24 13 40 13 13 13 13 13 13 13 33 33 12 12 13 13 13 28 28 6 6 100
aursino1 24 39 24 32 32 13 40 13 13 13 13 13 13 13 33 33 13 40 13 12 12 28 28 6 6 100
msummer2 13 100
kramm 13 13 13 13 13 12 12 33 33 100
jchapple 13 13 24 24 32 32 13 13 13 13 13 100
jbonds 13 33 33 13 40 13 12 12 13 40 13 16 16 28 28 33 33 6 6 100
dbirzer 13 24 24 32 32 13 40 13 13 13 13 100
cfish 13 13 13 33 33 100
nholmes1 13 40 13 100
ngiovino 13 40 13 13 13 32 32 12 12 33 33 28 36 28 6 6 100
eherber1 13 40 13 13 13 13 33 33 13 40 13 13 13 12 12 28 28 6 6 100
cgallag3 13 40 13 13 13 13 13 13 33 33 12 12 100
tzheng2 13 37 13 13 13 13 13 28 39 28 6 6 12 12 13 13 13 100
mgerber 13 40 13 24 24 32 32 13 40 13 13 28 28 6 6 12 12 33 33 100
jcolli23 33 33 32 39 32 24 38 24 13 40 13 13 13 33 33 13 40 13 13 13 13 13 33 33 13 40 13 12 12 13 13 13 13 28 28 6 6 100
awalton3 13 37 13 13 13 13 13 13 13 12 12 100
vwhitmor 13 40 13 13 13 13 12 12 33 33 28 36 28 6 6 13 36 13 13 13 100
rpellica 13 24 24 32 32 13 13 13 13 13 13 13 16 39 16 13 40 13 13 13 13 100
rmyers9 13 40 13 13 13 28 28 6 6 12 12 13 40 13 33 33 100
mdillon7 13 40 13 13 28 28 13 13 13 33 33 12 12 6 6 100
jdoerer 32 40 32 13 40 13 13 13 13 13 13 13 13 13 13 13 13 13 13 13 13 100
gbiltz 13 13 13 13 13 13 13 13 13 13 13 13 13 33 33 28 28 6 6 12 12 5 36 5 20 20 18 18 29 36 29 19 19 27 27 33 36 33 7 7 9 9 30 30 23 23 0 0 26 26 100
aheck1 13 13 13 13 13 13 28 36 28 6 6 12 12 13 40 13 100
ucooper 13 40 13 13 13 13 13 13 13 11 11 13 40 13 13 13 100
rschill1 13 32 32 24 24 33 33 13 13 13 13 13 13 13 13 13 19 19 13 40 13 100
mschlic1 13 13 13 13 13 33 33 12 12 100
mperry6 13 13 32 32 13 39 13 13 28 28 12 12 6 6 100
jfenton1 13 36 13 13 13 33 33 12 12 28 39 28 13 40 13 13 6 6 100
csauder 13 40 13 13 13 13 13 100
alowney 32 32 24 24 13 40 13 13 13 13 13 13 13 33 33 13 13 100
zkagalw1 13 36 13 13 13 13 13 13 13 13 13 12 12 100
swilkin4 13 40 13 13 13 13 13 13 13 33 33 12 12 28 28 6 6 100
imarx 13 40 13 13 33 33 12 12 6 36 6 28 28 100
cschmid7 13 40 13 24 24 32 32 13 13 100
awang4 13 40 13 13 13 100
abenavi3 13 40 13 16 16 7 7 13 40 13 13 13 13 13 33 33 12 12 28 36 28 6 6 100
sweyhmil 13 40 13 6 6 28 28 12 12 100
sgenz 13 40 13 13 13 13 13 33 33 12 12 28 28 6 6 100
mwu4 13 24 24 32 32 13 40 13 13 13 28 28 6 6 12 12 13 13 100
jleporte 13 32 32 13 13 24 24 13 40 13 28 28 6 6 12 12 13 13 16 16 9 9 33 33 13 13 13 13 100
adichris 13 37 13 11 11 13 40 13 13 13 33 33 28 28 6 6 12 12 13 37 13 100
scrotty1 13 38 13 13 13 13 11 11 13 40 13 13 28 28 6 6 13 36 13 13 13 6 6 12 12 100
pfarring 13 13 13 13 11 11 13 40 13 13 13 33 37 33 12 12 28 37 28 6 6 100
pdesousa 13 40 13 13 13 13 13 13 13 13 13 13 13 28 28 6 6 12 12 100
mkuehl 13 36 13 13 12 12 13 40 13 28 28 6 6 100
lfitter 32 32 24 36 24 13 40 13 13 13 13 13 100
kenriett 13 24 24 32 32 13 40 13 13 13 13 13 13 13 13 100
jruan 13 28 28 33 33 12 12 6 6 100
hzahour 13 40 13 13 13 13 33 33 100
emostyn 13 40 13 13 13 13 12 12 28 28 6 37 6 100
edohert1 13 36 13 13 13 13 13 13 13 13 100
amellert 13 24 24 13 40 13 13 13 13 13 13 13 13 13 13 13 13 100
aandrade 13 40 13 13 13 28 28 6 6 12 12 100
tdann 13 40 13 13 13 13 13 12 12 13 38 13 6 6 100
sielusic 13 40 13 13 28 28 6 6 12 12 13 13 13 33 33 100
mlicursi 13 13 13 13 13 12 12 33 37 33 28 28 6 39 6 100
lhe3 13 40 13 13 13 13 13 13 33 33 12 12 6 6 100
inegroro 13 13 13 13 13 13 13 13 13 13 13 13 13 33 36 33 12 12 13 13 100
afonash 13 40 13 13 12 12 33 33 28 40 28 6 6 13 37 13 100
obarnard 13 13 13 13 13 13 13 13 13 13 28 28 6 36 6 12 12 100
nbenz 13 13 33 33 12 12 13 38 13 28 28 6 6 100
lhuang3 13 13 13 13 28 28 6 6 12 12 13 13 33 33 100
jwessele 13 40 13 13 13 13 13 13 28 28 6 6 12 12 33 33 13 40 13 13 100
jmastron 13 40 13 11 11 3 3 13 40 13 13 13 13 33 33 28 28 6 6 12 12 100
dmarino 13 13 13 13 13 13 13 13 13 33 33 12 12 28 38 28 100
cpickfor 13 13 13 13 13 12 12 33 33 13 40 13 28 28 6 6 13 40 13 100
obaitlot 13 37 13 13 13 24 24 32 32 13 40 13 100
kmollenk 13 40 13 13 100
ccarlso2 13 40 13 33 33 12 40 12 13 40 13 28 28 6 6 100
bmoreno1 13 32 32 24 24 13 40 13 13 100
smanriqu 13 13 13 13 13 33 33 28 28 6 6 12 37 12 100
mmillado 13 100
mferrel2 13 40 13 13 13 12 12 13 13 100
ldougla3 13 13 28 28 6 6 12 12 100
jmcconn1 24 24 32 32 13 40 13 13 13 13 13 13 13 13 13 13 13 13 13 100
ecahill 13 13 33 33 12 12 13 40 13 13 33 33 28 28 6 6 13 13 12 12 100
dshaw4 13 40 13 13 13 13 13 13 33 33 12 12 28 36 28 6 6 100
alucche1 13 24 24 33 33 13 13 32 32 13 39 13 13 13 13 13 13 33 33 13 37 13 12 12 13 36 13 6 6 28 28 100
odonnel1 24 24 32 32 13 40 13 4 4 13 13 13 13 13 13 13 13 13 13 100
mpirko 13 40 13 13 13 13 33 33 12 12 13 40 13 6 6 28 28 100
mlyden1 13 13 13 13 13 13 13 13 13 13 13 13 24 24 33 33 12 12 6 6 28 28 100
mdekold 13 40 13 13 13 12 12 13 13 13 13 24 24 32 32 13 13 28 39 28 33 33 6 6 5 36 5 20 20 18 18 100
eschnaut 13 32 32 24 24 13 40 13 13 13 13 100
esalina1 13 13 24 24 32 32 33 33 13 40 13 13 13 33 33 12 12 13 40 13 13 13 100
adiederi 13 13 24 24 32 36 32 33 33 13 40 13 13 13 13 28 40 28 33 33 6 6 12 12 13 40 13 13 100
sholtz1 13 39 13 13 13 13 13 13 13 13 13 13 13 13 13 13 13 13 13 13 13 13 13 33 33 28 28 6 6 12 12 100
sdann 13 40 13 13 13 12 12 13 13 33 33 28 28 6 6 13 39 13 100
pkolek 13 13 13 13 13 13 13 33 33 12 12 13 40 13 13 28 28 13 13 33 33 6 6 12 12 100
nhaymond 13 13 6 6 28 28 12 12 13 36 13 100
kmuha 13 13 13 13 12 12 13 39 13 28 28 6 6 100
kfeehan 13 13 13 13 13 13 13 13 13 13 13 13 13 13 13 100
kalme 13 24 24 32 32 13 40 13 13 13 33 33 12 12 13 40 13 13 13 100
ivaldess 13 13 13 13 13 33 33 13 40 13 12 12 28 28 18 18 6 6 13 13 13 100
esmith30 13 24 24 32 32 13 40 13 24 24 13 40 13 13 13 100
ctoudouz 13 13 13 13 13 13 100
sreddy4 13 13 28 28 6 6 12 12 33 33 13 39 13 100
rboylan 13 13 28 28 6 6 12 12 13 40 13 100
ncheng 13 40 13 13 13 13 33 33 12 12 28 28 6 6 13 36 13 100
jzelinsk 13 40 13 13 13 13 13 13 33 33 12 12 28 28 6 6 100
jcuji 13 32 32 24 24 13 40 13 13 13 11 11 13 40 13 13 13 13 100
gworthin 13 13 16 16 13 40 13 33 33 32 32 24 24 13 40 13 13 33 33 12 12 13 13 6 6 28 28 100
dfabrega 13 40 13 13 13 13 13 13 13 13 13 13 13 100
angov 13 40 13 13 13 13 33 33 12 12 28 28 6 6 100
adunniga 13 40 13 13 13 13 13 13 12 12 28 28 6 6 100
skolda 13 13 13 13 33 33 13 13 28 28 6 6 12 12 100
scrippes 13 13 13 13 13 100
mschutze 13 13 13 13 3 3 4 4 31 31 13 40 13 13 12 12 13 40 13 13 13 33 33 33 33 13 13 12 12 100
mpavloff 13 40 13 13 13 13 28 28 6 6 12 12 33 33 13 36 13 100
lnixon1 13 13 13 13 13 13 33 33 13 40 13 13 13 28 28 13 13 6 6 12 12 100
kmurray7 13 36 13 13 28 28 6 6 12 12 100
jshard 13 38 13 13 13 13 13 33 33 13 13 12 12 28 28 6 39 6 100
hthomps4 13 40 13 13 13 13 13 13 28 28 6 6 12 12 13 13 100
ewood1 13 40 13 13 28 28 6 6 12 12 100
estrouse 13 40 13 13 13 28 28 6 6 12 12 33 33 13 40 13 100
sekanay1 13 13 13 13 13 33 33 12 12 13 40 13 28 28 6 6 100
odegnim 13 13 32 32 13 40 13 13 13 13 13 13 13 13 12 12 28 38 28 13 36 13 6 6 100
kcox5 13 13 13 33 33 12 39 12 28 28 6 6 13 13 100
kborotho 13 24 24 13 36 13 32 32 13 40 13 13 13 13 13 13 13 13 100
jbertram 13 33 33 13 40 13 13 100
hbyrne 13 40 13 16 16 13 40 13 13 100
ggulyas 13 13 13 13 13 13 13 13 13 13 13 13 13 13 13 100
ekeuler 13 13 13 13 13 100
egeyer1 13 40 13 13 28 28 6 6 12 12 33 33 100
dlong2 13 40 13 13 13 13 13 13 33 33 12 12 13 40 13 100
bpierpoi 13 13 13 13 13 13 13 13 13 32 32 24 24 13 40 13 13 13 13 13 100
apavelka 13 40 13 13 13 13 28 28 12 12 6 6 13 13 100
rbartle1 13 13 13 13 13 28 28 6 6 12 12 100
nyusko1 13 40 13 13 13 13 13 13 13 13 28 28 6 6 100
motten1 13 13 33 33 32 32 24 24 13 40 13 13 13 13 13 33 33 12 12 28 28 6 6 100
molsen3 13 13 32 32 24 24 13 39 13 13 13 13 13 12 12 13 13 100
mdambros 13 13 13 13 13 12 12 13 13 33 33 13 40 13 6 6 28 28 16 16 13 13 18 18 5 5 20 20 19 19 27 36 27 9 9 7 7 23 37 23 0 0 26 26 13 40 13 100
kmountf1 13 40 13 28 28 6 6 12 12 33 33 100
jeversol 13 13 13 28 28 6 6 12 12 33 33 13 39 13 100
etorrent 13 13 13 13 13 12 12 13 40 13 28 28 6 6 13 40 13 100
ereynol5 13 13 28 28 6 6 12 12 33 33 100
epark5 13 40 13 13 33 33 13 39 13 28 28 6 6 12 12 5 38 5 20 20 18 18 29 36 29 19 19 27 27 13 40 13 100
dpatel2 13 13 13 33 33 28 36 28 6 6 12 36 12 100
cmoreno5 13 13 32 32 13 13 24 24 13 13 13 12 12 28 39 28 6 6 12 12 33 33 13 13 100
bgawel 13 39 13 13 13 100
bconlon 13 40 13 24 24 13 13 32 32 13 40 13 13 13 13 13 13 13 13 13 0 0 100
apanousi 13 33 33 13 13 13 13 13 13 32 32 24 24 13 40 13 100
tngochi 13 12 12 33 33 13 40 13 28 28 6 6 13 13 100
tdasso 13 13 24 24 32 32 13 40 13 13 13 13 33 33 13 40 13 28 28 6 36 6 12 12 100
rwittmer 13 24 24 18 18 13 40 13 13 13 13 13 13 13 13 13 13 33 33 100
rvazza 11 11 13 40 13 13 13 13 13 13 4 4 3 39 3 10 36 10 14 14 21 39 21 13 40 13 13 13 13 24 24 32 32 13 40 13 13 13 13 13 13 28 36 28 6 6 12 12 100
nhong 13 13 13 12 12 13 13 33 33 100
mrohling 13 24 24 32 32 13 40 13 13 13 13 13 33 33 12 12 28 28 13 13 100
dsmith53 13 39 13 13 100
cdowicz 13 13 13 13 13 13 28 28 100
bnakfoor 13 13 13 33 33 12 12 13 38 13 28 28 6 6 100
akhemani 13 24 24 32 32 13 40 13 13 13 13 13 13 100
ahughes8 13 38 13 13 13 13 13 13 13 13 13 28 28 100
tperey 13 40 13 13 13 13 33 33 28 28 6 6 12 12 100
pbetz 13 32 32 24 24 13 40 13 13 13 13 11 11 13 40 13 13 13 12 12 3 39 3 4 4 13 13 15 40 15 1 1 13 40 13 13 13 13 13 13 13 13 13 13 
mmccor15 13 40 13 13 13 13 33 33 12 12 13 13 28 28 6 6 100
mgray10 13 40 13 28 28 6 6 12 12 33 33 100
mfraizer 13 32 32 24 24 100
lherna11 13 40 13 13 13 13 12 12 33 33 6 6 28 28 100
jmolumph 13 40 13 13 12 12 33 33 13 40 13 13 13 13 28 28 6 6 12 12 100
hzweberl 13 40 13 13 13 13 33 33 13 13 12 12 28 36 28 6 6 100
dserafin 13 40 13 13 13 33 33 12 12 28 28 6 6 100
bpowell4 13 40 13 13 13 33 33 32 32 24 24 13 13 13 13 100
mdownin1 13 40 13 33 33 12 12 13 40 13 13 13 33 33 12 12 28 28 6 6 13 13 100
lduggan 13 40 13 13 13 13 13 12 12 33 33 28 36 28 100
kmclaug3 13 13 24 24 13 40 13 13 13 100
kbulleit 13 40 13 13 33 33 13 13 13 12 12 13 40 13 13 6 6 33 33 13 39 13 28 28 100
jplas 13 40 13 13 33 33 12 12 13 39 13 100
jbrown36 13 40 13 5 5 13 39 13 16 16 33 33 100
dkim30 13 40 13 13 13 13 13 13 28 28 6 6 12 12 100
cpantin 13 24 24 32 32 13 40 13 13 13 17 17 33 33 32 32 13 13 10 10 13 39 13 13 100
cmyers11 13 13 28 28 6 6 12 12 100
amora2 13 13 13 28 28 6 6 100
adrisco2 13 100
xtsai 13 40 13 13 13 33 33 12 12 13 13 13 13 13 100
nisakson 13 37 13 13 13 100
kmurph44 13 13 13 33 33 13 39 13 12 12 28 28 6 6 13 40 13 100
ibushue 13 13 33 33 13 40 13 100
hadams3 13 40 13 13 13 100
enichol4 13 28 28 6 6 12 12 33 33 13 40 13 100
egroth 13 39 13 13 13 33 33 28 28 6 6 12 38 12 13 39 13 100
aheinzma 13 36 13 13 13 13 33 33 28 28 6 6 12 12 100
adecker1 13 40 13 13 13 16 16 13 40 13 28 28 33 33 6 6 12 12 100
aameen 13 37 13 11 11 13 40 13 13 13 13 33 33 13 40 13 12 12 28 28 6 6 33 33 100
zwall 13 13 13 13 13 13 12 12 33 33 13 13 13 28 28 6 6 100
smonaha1 12 12 100
sdeschne 13 40 13 13 13 13 13 12 12 33 33 13 40 13 33 33 13 40 13 33 33 28 28 6 36 6 13 36 13 100
mowen 13 13 13 13 33 33 12 12 28 40 28 13 40 13 6 6 100
lwatts1 13 40 13 13 13 33 33 28 28 6 6 12 12 100
krochefo 13 24 24 13 40 13 13 13 13 13 13 13 13 33 33 13 13 12 12 100
gniforat 13 24 24 13 40 13 32 32 24 24 13 39 13 13 32 32 13 40 13 13 13 13 13 33 33 100
evandier 13 40 13 13 13 100
eclapp 13 13 13 24 24 32 32 100
awaldsch 13 40 13 13 13 13 13 13 13 12 12 13 39 13 6 6 28 28 33 37 33 100
adevito1 13 13 13 13 13 13 13 100
tsilva1 13 40 13 13 13 17 17 13 13 13 13 13 13 13 12 12 33 33 28 28 6 6 100
oivan 13 40 13 13 13 13 13 13 13 33 33 13 13 100
mmarti45 13 13 13 13 13 13 13 13 100
mjorden 13 37 13 13 33 33 28 28 6 6 12 12 13 40 13 100
ldorenko 13 40 13 13 13 13 13 33 33 33 33 28 28 6 6 13 38 13 12 12 33 33 13 40 13 100
ktracey 13 13 13 33 33 12 12 28 28 6 6 100
krothmey 13 13 13 13 13 13 13 13 28 28 6 6 12 12 100
kbiladea 13 13 100
jweas 13 40 13 3 3 13 40 13 13 12 12 13 13 33 33 13 36 13 28 40 28 6 6 100
jgoldsch 13 24 24 32 32 33 33 13 40 13 13 13 33 33 12 12 28 28 6 6 13 36 13 100
jdraves 13 13 13 28 40 28 6 6 12 12 33 33 33 33 13 39 13 100
gotte1 13 32 32 24 24 13 40 13 13 13 13 13 13 100
etruesda 24 24 32 32 13 13 4 4 31 31 13 40 13 3 3 13 39 13 13 13 13 100
emeara 13 40 13 12 12 13 40 13 13 13 13 13 13 13 13 28 37 28 13 40 13 12 12 13 13 6 6 100
cnilsen 13 40 13 13 13 13 33 33 13 40 13 13 12 12 13 37 13 100
bmurph24 13 40 13 13 33 33 12 12 28 28 6 6 100
azammit 13 100
arabbitt 13 13 32 32 24 24 13 13 13 28 28 6 6 12 12 100
wcheong 13 13 13 13 13 16 39 16 33 33 13 40 13 13 33 33 100
kmoran11 13 40 13 13 13 8 8 13 40 13 28 28 28 28 6 6 12 12 12 12 100
kgalla21 13 13 13 13 33 33 12 12 28 28 6 40 6 100
kgalla20 13 36 13 13 13 12 12 13 40 13 28 28 6 6 12 12 100
kfranz1 13 40 13 13 13 13 13 33 33 28 28 6 6 12 12 100
jsutton3 13 40 13 13 13 33 33 13 40 13 12 12 13 39 13 33 33 13 40 13 28 28 6 6 33 33 100
jhegart2 13 24 24 32 32 13 36 13 13 13 13 13 13 13 13 100
japplew1 13 13 13 13 13 13 100
imurrer 13 40 13 13 13 24 24 28 28 6 6 12 12 13 40 13 100
fschemel 13 40 13 13 13 13 13 13 33 33 12 12 6 6 100
fprimozi 13 13 34 34 3 3 1 1 15 39 15 13 38 13 13 13 13 13 13 13 13 13 13 13 13 100
elinares 13 13 13 13 13 13 28 28 6 6 12 12 100
cmulshin 13 40 13 13 13 13 33 33 12 12 28 36 28 6 6 100
cmagnuss 13 33 33 32 32 24 24 13 40 13 100
ccleary1 13 13 13 11 11 13 40 13 28 28 6 6 12 12 100
abohling 13 13 13 13 13 13 24 24 32 32 28 28 6 6 12 12 33 33 5 36 5 20 20 18 36 18 29 29 13 40 13 29 29 19 19 27 27 7 40 7 9 9 30 30 23 36 23 0 0 26 26 16 37 16 13 40 13 100
mscanish 13 40 13 13 13 33 33 28 40 28 6 6 12 12 100
mkirven 13 13 13 2 2 13 36 13 10 10 21 36 21 24 36 24 13 13 13 100
lkim3 13 40 13 13 13 28 28 6 6 12 12 33 33 100
lgrabows 13 13 13 13 13 13 12 12 13 40 13 33 33 6 6 12 12 100
lcaffar1 13 39 13 13 33 33 28 28 6 6 12 12 100
kliang2 13 24 24 13 40 13 13 13 13 13 13 100
jnowak4 13 40 13 13 13 13 28 28 12 12 100
hcheng1 13 24 24 32 32 13 40 13 13 13 13 28 28 100
bmerrick 13 40 13 13 13 33 33 6 6 28 28 12 12 100
bgagnon 13 13 13 13 28 28 6 6 12 12 100
tmansell 13 40 13 13 13 100
rrocco 13 13 13 100
rpuno 13 33 40 33 24 24 32 32 13 40 13 13 13 13 3 3 13 40 13 33 33 28 28 6 6 12 12 100
lyan4 13 13 28 38 28 6 6 12 12 33 33 100
kpresteg 13 40 13 13 13 13 13 100
jbaines 13 40 13 13 13 13 13 13 33 33 12 12 28 28 6 6 13 40 13 100
blemay 13 100
aromano2 13 24 24 32 32 33 33 24 24 13 40 13 13 28 28 6 6 13 40 13 100
alongsta 13 40 13 13 13 13 12 12 28 28 6 6 100
szachari 13 40 13 33 33 13 39 13 12 12 28 28 6 6 13 13 100
spalumb1 13 13 13 16 16 13 40 13 28 28 6 6 13 13 13 12 12 33 33 100
pcamara 13 13 12 12 13 40 13 13 13 13 13 100
operez2 13 40 13 33 33 12 12 6 36 6 28 28 13 37 13 100
nvincent 13 13 28 28 6 6 12 12 33 33 13 13 100
lgelin 13 40 13 5 5 20 20 18 18 13 38 13 100
ldomenel 13 13 32 32 13 40 13 100
lcho 13 13 2 2 1 1 13 39 13 13 13 11 11 13 13 2 2 1 1 13 40 13 13 100
jpaul2 13 13 13 13 12 12 13 40 13 28 36 28 6 6 100
ischmitz 13 24 24 32 32 13 40 13 13 13 13 13 13 28 28 6 6 12 12 100
egorman5 13 40 13 33 33 13 40 13 12 12 13 39 13 28 28 13 13 6 6 100
eeagle 13 40 13 28 28 6 6 13 13 12 12 13 13 100
dallen13 13 13 13 13 13 13 32 32 24 24 13 13 13 13 13 100
cdenzel 13 40 13 13 28 28 33 33 6 40 6 13 36 13 12 12 13 40 13 13 100
asowell 13 24 24 32 32 13 40 13 13 13 28 28 6 6 12 12 100
yzou2 13 24 24 32 32 13 36 13 13 13 13 13 13 100
speter14 13 33 33 28 28 6 6 12 12 100
pmcmonag 33 33 7 37 7 30 30 13 40 13 24 24 32 32 33 33 13 40 13 12 37 12 33 33 28 28 6 6 13 36 13 13 24 24 100
kpaulsen 15 40 15 13 40 13 13 28 28 33 33 13 40 13 13 33 33 12 12 13 13 28 28 6 6 100
kjacoby1 13 13 13 13 13 13 33 33 28 28 6 6 12 12 13 13 13 100
jruane 13 40 13 13 13 28 28 6 6 12 12 100
jdodig 13 24 24 13 13 13 32 32 13 40 13 13 13 13 100
gcramer1 13 40 13 13 13 13 100
everhey 13 24 24 13 40 13 28 28 6 6 12 12 100
esoller 13 40 13 13 100
egorman6 24 24 32 32 13 40 13 13 13 100
ckotseos 13 40 13 28 28 20 20 6 6 12 12 100
cganley 13 40 13 13 13 13 28 28 6 6 12 12 33 33 100
bfraser 13 40 13 13 13 33 33 12 40 12 28 38 28 6 6 100
asweet 13 13 32 32 13 40 13 13 100
apaik 13 32 32 24 24 13 36 13 13 13 13 100
thuber1 13 40 13 13 13 13 13 13 13 33 33 12 12 6 6 28 36 28 100
sincera 13 40 13 100
phennes2 13 40 13 100
msahd 13 24 24 32 32 13 40 13 13 13 32 32 13 40 13 13 12 12 13 39 13 100
mcabrer1 13 40 13 13 13 12 12 13 40 13 13 12 12 28 28 6 6 100
kkolleck 13 40 13 13 13 13 13 33 33 28 28 6 6 12 12 100
jreeg 13 40 13 100
jgonnard 13 32 32 13 13 13 24 24 13 36 13 13 13 13 13 13 33 33 28 28 6 6 12 12 13 37 13 100
hsarkey 13 24 37 24 32 32 13 40 13 13 24 24 13 13 13 13 100
hholden 13 40 13 13 13 13 13 33 40 33 12 12 28 28 6 6 100
epil 13 13 32 32 11 11 13 40 13 13 12 12 33 33 13 40 13 33 33 28 28 6 6 12 12 33 37 33 100
awitte 13 40 13 13 13 13 28 28 6 6 12 12 33 33 100
trogers6 13 36 13 13 13 33 33 12 12 28 37 28 6 6 100
tfross 13 40 13 13 33 33 6 6 28 28 12 12 100
taguirre 13 40 13 13 13 13 13 13 13 13 28 36 28 6 6 12 12 100
sbindel 13 40 13 13 13 13 33 33 13 13 100
rmaqbool 32 38 32 24 24 13 13 13 13 11 11 13 40 13 100
kcockrel 13 40 13 13 33 33 28 28 6 6 12 12 100
jmarino6 13 13 12 12 13 36 13 28 28 6 6 100
eguenthe 13 24 24 32 32 13 40 13 13 13 13 13 13 24 24 32 32 100
ecaradon 13 24 24 32 32 33 33 13 40 13 12 12 33 33 28 36 28 6 6 100
creid4 13 40 13 13 33 33 28 28 6 6 12 12 100
carizama 13 13 24 24 32 32 12 12 100
anataraj 13 40 13 33 33 12 12 100
svukovit 13 36 13 13 13 13 13 13 28 28 6 6 12 12 13 13 13 100
msteph11 13 40 13 13 12 12 33 33 28 36 28 100
mraster 13 13 24 24 32 32 13 13 33 33 13 40 13 13 33 33 13 40 13 13 28 28 6 6 12 12 33 33 100
lbognar1 13 13 33 33 12 12 100
lbakke 13 40 13 13 13 13 13 13 13 100
jzacher 13 13 28 28 6 6 12 12 13 40 13 6 6 12 12 100
