dtorgers 18 18 18 18 18 18 18 18 18 18 18 18 18 18 18 18 18 18 18 18 18 18 18 18 18 18 18 18 18 18 18 18 18 
cdavin1 18 18 18 18 18 18 18 18 18 18 18 14 14 18 37 18 18 18 18 14 14 18 40 18 18 18 32 32 33 33 100
ccooper8 18 36 18 18 18 18 18 18 18 18 18 18 24 24 18 40 18 18 18 18 14 14 18 18 18 18 18 18 32 32 23 23 33 33 14 36 14 100
nweindel 18 40 18 18 18 18 18 18 18 18 18 14 14 18 40 18 14 14 32 39 32 23 23 18 40 18 32 32 23 23 33 33 23 40 23 33 33 14 14 32 32 18 40 18 18 14 14 18 36 18 100
jberg2 18 18 18 18 18 18 18 18 18 18 18 
fhita 18 26 26 19 19 3 3 18 40 18 18 18 18 18 18 18 18 18 18 18 100
mmcfarli 18 18 18 18 18 18 18 18 18 18 18 32 32 23 23 33 37 33 100
mlengwin 18 18 18 18 18 32 32 23 23 33 33 18 37 18 18 24 24 100
kwurl 18 40 18 18 18 18 18 18 18 18 18 24 24 18 40 18 18 18 18 14 14 18 18 18 32 32 23 23 33 33 
pbrown10 18 18 18 18 18 18 18 18 18 18 18 18 18 18 100
drogers1 18 18 18 18 18 18 18 18 18 24 24 14 14 32 32 23 23 18 40 18 23 23 33 40 33 18 40 18 18 33 33 23 36 23 100
cdelpila 26 26 19 19 3 3 26 40 26 19 19 18 18 18 18 14 14 32 32 23 23 33 33 14 36 14 18 18 18 100
cbolivar 18 40 18 18 18 18 18 18 18 24 24 18 40 18 18 32 32 18 40 18 100
msmith75 18 18 18 18 11 11 18 37 18 14 14 23 23 33 33 32 32 18 40 18 100
pmcguir2 19 39 19 3 3 18 40 18 18 18 18 18 18 32 32 18 40 18 18 23 23 33 33 100
jstaten 18 14 14 18 18 32 32 23 23 33 33 18 38 18 100
bferrer1 18 36 18 18 18 18 18 18 18 18 24 24 18 40 18 18 18 18 32 32 23 23 33 33 18 38 18 100
amccar10 18 26 26 18 18 19 19 18 40 18 18 18 18 18 18 18 18 18 18 18 18 18 14 14 100
nwamble 18 26 26 19 19 3 3 18 40 18 18 18 18 18 18 18 18 100
wwu5 18 18 18 18 18 19 19 26 26 18 36 18 32 32 23 23 33 36 33 18 40 18 18 18 18 18 18 18 18 18 18 100
wsuter2 18 18 18 18 18 18 18 18 18 18 18 
thowe1 18 40 18 18 18 32 32 18 18 100
mmian 18 24 24 18 40 18 18 18 18 18 18 18 100
ldamoose 18 40 18 18 18 18 32 32 14 14 23 23 33 36 33 18 40 18 18 
sburnbau 18 18 18 18 18 18 18 18 18 18 18 18 26 26 
nwarren 18 40 18 18 24 24 18 40 18 18 14 14 32 32 23 23 33 33 100
bconnol3 18 26 26 19 19 18 36 18 18 18 18 32 32 23 23 14 14 18 40 18 32 32 23 23 33 33 14 14 100
jmullike 18 40 18 18 18 18 18 18 18 18 18 18 18 18 18 18 18 14 14 26 26 19 19 18 18 18 100
chickey3 26 26 19 19 18 40 18 26 26 18 18 18 18 
rgensler 18 18 18 32 32 33 36 33 100
pvlandis 18 18 18 18 18 18 32 32 33 33 18 40 18 100
ydeng3 18 18 18 100
jgorman6 18 40 18 18 18 18 18 18 18 100
enunez 18 39 18 18 18 18 18 18 18 18 18 18 18 18 18 18 18 18 18 18 18 18 100
jdirksen 26 26 19 36 19 3 3 18 18 14 14 18 40 18 18 14 14 18 38 18 18 100
jwade5 18 18 18 18 
mblatt1 18 37 18 18 18 18 18 32 32 23 23 33 33 18 40 18 18 100
aweishan 18 18 18 18 100
mcaskey 18 18 18 100
jguarino 18 18 26 26 18 40 18 18 100
dplagenz 18 40 18 18 18 18 18 14 14 32 32 23 23 33 33 100
csasso 18 40 18 18 18 18 14 40 14 32 32 23 23 33 33 
minoue2 18 39 18 18 18 18 18 18 18 18 18 18 18 18 18 14 14 32 38 32 23 23 33 33 18 18 100
jwinebre 18 40 18 18 18 100
sgalbens 26 26 19 19 3 3 18 38 18 19 36 19 18 40 18 18 18 18 18 18 100
vruesch 18 26 26 19 19 18 40 18 3 3 18 18 18 18 18 18 18 18 18 32 32 23 23 33 33 100
nniere 18 18 18 18 18 
ghong 18 40 18 18 33 33 23 23 24 24 18 36 18 32 32 18 40 18 18 100
bhogan1 26 26 19 19 18 40 18 18 18 18 18 18 14 14 100
wdu 18 18 18 18 18 18 24 24 18 40 18 100
eevans9 18 18 18 18 24 24 18 40 18 18 18 18 18 100
bkenney1 18 40 18 18 18 18 18 18 18 18 18 100
cdieckma 18 40 18 24 24 18 40 18 18 33 33 18 40 18 18 23 23 14 14 100
mcoggins 18 18 18 18 32 32 23 23 33 33 18 18 14 14 100
lblitzer 18 18 24 40 24 32 32 23 23 33 33 18 40 18 18 
mfreedlu 18 18 18 18 18 18 24 24 14 14 32 32 23 23 33 33 100
tprice4 18 3 3 26 26 19 19 18 36 18 18 18 18 18 18 18 18 18 18 33 33 23 23 32 32 100
bhalliga 18 18 26 26 19 19 18 39 18 18 18 18 18 18 33 33 23 23 32 32 100
jmurph32 18 40 18 18 18 18 18 18 18 18 18 18 100
cfrentze 18 18 18 32 36 32 23 23 33 33 14 14 100
mnewcome 18 40 18 18 18 18 18 32 32 23 23 33 33 14 14 18 18 18 18 18 100
tpreko 18 40 18 24 24 18 40 18 18 18 18 14 14 18 40 18 18 14 14 18 18 18 100
mtreacy 18 18 18 18 18 18 18 18 100
rblack4 18 18 18 32 32 23 23 33 33 18 18 18 100
jgately1 18 18 18 18 100
gdean 18 18 26 26 23 23 33 36 33 18 40 18 18 18 32 32 18 40 18 100
dgibbon2 18 19 19 18 40 18 24 24 18 18 18 
mrooney6 18 18 18 18 33 33 23 23 32 32 100
mmoran12 18 18 18 18 18 18 18 18 18 100
jwalte10 18 18 18 32 32 23 23 33 33 14 14 100
jcarney6 18 18 18 18 18 14 14 23 23 32 32 33 33 18 40 18 18 100
dtoth1 18 18 18 18 18 18 18 18 18 18 
kkostola 18 18 18 18 18 18 18 18 18 24 24 18 40 18 14 14 18 40 18 18 18 18 18 18 32 32 33 33 100
dlee26 18 18 18 18 18 18 18 18 100
yying 19 19 26 26 18 40 18 18 18 18 100
rroque1 19 19 3 3 18 40 18 18 100
kdantoni 18 40 18 18 24 24 18 18 14 14 32 32 23 23 33 33 
wmohler 18 40 18 18 18 24 36 24 32 32 23 23 33 36 33 18 40 18 14 14 18 40 18 14 14 23 23 33 33 100
lklein1 18 100
jbecker9 18 40 18 18 18 18 18 32 32 23 23 33 33 
cott 18 40 18 18 24 24 18 40 18 14 14 32 32 23 23 33 36 33 14 36 14 100
mholzbau 18 100
mhawkin3 18 40 18 18 18 26 26 18 18 18 18 18 18 32 32 23 23 33 33 100
shenn 18 19 19 18 40 18 18 32 32 23 23 33 33 100
jgomez5 18 18 18 100
rpappas 18 40 18 18 18 18 18 32 32 23 23 33 33 100
mdosch 18 40 18 32 32 23 23 33 33 14 14 18 18 18 18 100
ddallava 18 19 19 26 26 18 40 18 18 33 33 18 37 18 23 23 14 14 32 38 32 100
nquartir 18 18 18 33 33 18 40 18 32 32 23 23 100
lfaubion 18 40 18 18 18 18 18 18 18 18 26 26 100
cwilso24 18 40 18 18 18 18 14 14 32 32 23 23 33 33 100
msummer2 18 40 18 18 18 18 18 33 33 23 23 32 32 100
jchapple 18 18 3 3 19 19 18 40 18 18 18 18 100
jbonds 18 40 18 18 24 24 18 40 18 14 14 18 40 18 33 39 33 23 23 32 37 32 
cfish 18 40 18 18 23 23 33 33 26 26 100
ngiovino 18 18 18 18 18 18 24 24 14 14 32 32 23 23 33 33 18 18 100
eherber1 18 18 18 18 18 23 23 32 32 33 33 18 40 18 100
cgallag3 18 18 18 14 14 33 33 23 23 18 40 18 18 
mgerber 18 24 24 18 40 18 18 18 18 18 18 13 13 18 40 18 1 38 1 15 15 7 7 18 40 18 22 22 18 18 18 30 30 17 17 18 40 18 18 18 18 5 5 24 37 24 
jcolli23 18 40 18 18 18 14 14 33 33 24 40 24 18 40 18 14 14 18 40 18 23 23 18 18 18 32 32 14 14 23 23 100
vwhitmor 18 18 18 18 18 18 18 32 32 23 23 33 33 14 14 18 40 18 18 33 33 100
rpellica 18 40 18 18 18 14 14 32 32 23 23 33 33 
rmyers9 18 40 18 18 18 32 40 32 23 36 23 33 38 33 14 36 14 100
jdoerer 18 100
gbiltz 18 14 14 24 24 18 40 18 18 18 18 18 18 100
aheck1 18 40 18 18 18 33 40 33 100
rschill1 18 3 3 26 26 19 36 19 18 40 18 100
mperry6 18 26 26 18 18 18 18 33 33 18 18 100
jfenton1 18 18 18 18 18 100
csauder 18 3 3 26 26 19 19 18 40 18 18 18 18 18 100
alowney 18 26 26 19 19 18 40 18 18 18 18 18 18 18 18 18 100
zkagalw1 18 40 18 19 19 18 40 18 24 24 23 23 33 33 18 40 18 18 18 100
cschmid7 18 26 26 19 19 3 3 18 40 18 32 32 23 23 33 33 100
awang4 18 26 26 19 19 3 3 18 40 18 33 33 18 40 18 100
sweyhmil 18 37 18 18 18 29 29 23 23 33 33 100
adichris 18 24 24 14 14 18 40 18 32 32 23 23 33 33 14 14 18 36 18 100
scrotty1 18 36 18 18 18 18 18 18 33 33 23 37 23 32 32 100
pfarring 18 18 3 3 26 26 18 40 18 18 18 18 18 11 11 100
pdesousa 18 40 18 100
mkuehl 18 18 32 32 23 23 33 33 18 40 18 18 24 24 18 40 18 18 18 100
kenriett 18 26 26 19 19 18 18 18 18 18 23 23 33 33 18 18 100
jruan 18 40 18 18 32 32 23 23 33 33 14 14 100
hzahour 18 18 26 26 26 26 18 40 18 18 14 14 18 18 
emostyn 18 14 14 18 40 18 23 40 23 33 36 33 18 40 18 100
amellert 18 19 19 26 26 18 40 18 18 100
lhe3 18 18 18 18 18 18 18 18 14 14 32 36 32 18 38 18 23 23 18 40 18 18 33 33 100
inegroro 18 40 18 18 18 18 14 14 32 32 33 33 
afonash 18 14 14 18 18 33 33 23 23 32 36 32 100
obarnard 18 40 18 18 23 23 33 33 32 32 100
nbenz 18 40 18 18 32 32 23 23 100
lhuang3 18 40 18 18 32 32 23 23 33 33 100
jwessele 18 40 18 32 32 23 23 33 33 14 14 100
dmarino 18 40 18 18 24 24 18 40 18 18 14 14 32 32 23 23 33 33 100
kmollenk 18 40 18 18 33 33 18 40 18 18 18 14 14 18 18 18 23 23 32 32 100
ccarlso2 18 18 18 14 14 33 33 23 36 23 32 32 18 40 18 23 23 100
mferrel2 18 18 18 18 26 36 26 19 19 3 3 18 39 18 18 18 18 18 18 100
ecahill 18 14 14 23 23 18 40 18 18 32 32 100
alucche1 26 26 19 36 19 18 40 18 18 14 14 18 40 18 14 14 32 32 33 36 33 100
mdekold 18 36 18 18 32 32 33 33 18 36 18 24 24 18 40 18 18 18 100
eschnaut 18 18 
adiederi 18 40 18 32 32 23 36 23 33 33 14 14 100
sdann 18 36 18 18 18 18 26 26 18 40 18 18 18 23 23 33 33 24 24 32 32 100
kalme 18 40 18 18 14 14 33 33 18 40 18 32 32 23 23 100
ivaldess 18 18 18 14 14 18 40 18 32 32 33 37 33 100
esmith30 18 40 18 14 14 26 26 19 19 18 18 18 18 32 32 32 32 23 23 23 23 33 33 33 33 
ctoudouz 18 26 26 19 19 18 18 18 18 18 
sreddy4 18 24 40 24 32 32 23 23 33 33 14 14 18 40 18 18 18 18 100
ncheng 18 18 32 32 23 23 33 33 14 14 100
jzelinsk 18 18 14 14 32 32 23 23 33 33 100
jcuji 18 18 19 19 19 19 18 18 18 18 18 18 18 18 100
gworthin 18 18 18 18 14 14 32 32 33 33 100
angov 18 40 18 18 14 14 32 32 23 23 33 36 33 100
adunniga 18 40 18 100
skolda 18 18 18 24 24 13 36 13 18 40 18 26 26 18 40 18 4 4 18 18 18 18 18 
scrippes 18 32 32 100
kmurray7 18 40 18 18 19 19 18 40 18 100
jshard 18 18 14 14 24 24 32 32 23 36 23 18 38 18 33 33 18 18 18 100
hthomps4 18 40 18 26 26 19 19 3 3 18 40 18 18 33 33 23 23 32 32 100
ewood1 18 24 24 18 40 18 18 18 100
estrouse 18 40 18 32 32 23 23 33 33 14 14 18 40 18 18 100
sekanay1 18 40 18 18 24 24 18 37 18 18 18 18 18 18 14 14 18 18 24 24 18 39 18 18 18 18 13 13 18 40 18 18 31 31 18 38 18 100
kcox5 18 40 18 18 33 33 18 40 18 14 14 18 18 100
kborotho 18 39 18 18 18 18 18 18 18 32 32 100
jbertram 18 24 24 18 36 18 18 100
hbyrne 18 40 18 18 24 24 14 14 32 32 23 23 33 33 100
ekeuler 18 18 18 18 18 100
egeyer1 18 36 18 18 32 32 23 23 33 33 14 14 18 40 18 32 32 23 23 33 33 14 14 100
apavelka 19 19 3 3 18 40 18 18 18 26 26 18 18 23 23 33 33 32 32 14 14 100
rbartle1 18 40 18 32 32 23 23 33 33 14 14 100
motten1 18 40 18 18 14 14 32 32 23 23 33 33 100
mdambros 18 18 18 100
jeversol 18 40 18 24 24 18 18 14 14 32 32 33 33 23 23 100
etorrent 18 18 18 18 18 100
ereynol5 18 40 18 18 18 18 18 18 32 32 23 23 33 33 14 14 
epark5 18 40 18 18 18 18 
dpatel2 18 18 18 18 18 14 14 32 40 32 23 23 33 33 18 37 18 18 100
bgawel 18 18 26 26 19 19 18 38 18 3 3 18 40 18 18 18 100
apanousi 18 40 18 18 18 18 100
tdasso 18 40 18 18 100
mrohling 18 18 26 26 19 19 18 40 18 18 18 18 100
dsmith53 19 19 3 3 18 40 18 18 18 18 18 100
akhemani 18 26 26 19 19 18 36 18 18 18 18 100
tperey 18 40 18 14 14 32 32 23 23 33 33 100
mmccor15 18 18 100
mgray10 18 18 18 14 14 32 32 23 23 33 33 100
jmolumph 18 40 18 18 19 19 18 18 24 24 18 18 32 36 32 23 23 33 33 100
dserafin 18 18 14 14 18 40 18 24 24 18 40 18 32 32 23 23 14 14 33 33 100
lduggan 18 40 18 18 100
kmclaug3 18 34 34 7 7 18 40 18 18 18 18 18 100
jbrown36 18 18 18 18 18 100
cpantin 26 26 19 19 3 37 3 18 40 18 100
cmyers11 18 18 18 32 32 23 23 33 33 18 18 18 100
adrisco2 18 18 26 26 19 19 19 39 19 18 40 18 18 24 24 18 40 18 18 18 24 24 18 18 32 32 23 23 33 33 100
ibushue 18 40 18 100
aameen 18 40 18 18 18 100
zwall 18 40 18 18 18 18 14 14 18 40 18 18 32 32 23 23 33 33 100
smonaha1 18 18 18 
sdeschne 18 40 18 18 23 40 23 100
mowen 18 36 18 18 18 32 32 18 18 18 33 33 
lwatts1 18 33 33 14 14 32 40 32 23 23 100
gniforat 18 23 23 18 37 18 32 32 100
evandier 18 18 32 32 23 23 33 33 18 40 18 24 24 18 40 18 18 18 12 39 12 12 12 24 38 24 18 40 18 
awaldsch 18 40 18 18 18 32 32 23 36 23 33 33 18 40 18 18 100
adevito1 18 40 18 18 18 100
mjorden 18 18 18 24 24 32 32 23 23 33 33 14 14 18 40 18 18 18 18 18 100
kbiladea 18 18 18 32 32 23 23 14 14 100
jgoldsch 18 18 18 18 18 18 14 14 32 32 23 23 33 33 100
gotte1 18 36 18 19 19 18 40 18 18 24 38 24 13 40 13 17 17 6 6 31 31 18 40 18 18 18 18 18 18 24 24 24 24 11 11 11 11 18 40 18 18 100
etruesda 18 26 26 19 19 3 3 18 40 18 26 26 19 19 3 3 18 39 18 18 18 18 18 18 18 24 24 32 32 100
emeara 18 18 100
cnilsen 18 40 18 18 18 14 14 32 32 23 23 33 33 100
bmurph24 18 18 9 9 9 9 18 40 18 14 14 18 40 18 32 32 23 23 33 33 100
azammit 18 18 18 18 18 
arabbitt 18 26 26 19 19 3 3 14 14 33 40 33 
kmoran11 18 40 18 18 32 38 32 23 23 33 33 18 18 14 14 18 39 18 18 24 24 18 40 18 18 18 18 26 26 19 19 18 40 18 100
kgalla20 18 40 18 32 36 32 23 23 33 33 100
kfranz1 18 14 14 18 40 18 32 32 23 23 33 33 100
jhegart2 18 18 26 26 19 19 18 40 18 18 3 3 100
imurrer 18 18 18 26 26 19 19 3 3 32 39 32 23 23 33 33 100
fschemel 18 40 18 18 18 18 18 18 18 18 18 18 14 14 32 32 23 23 33 33 100
fprimozi 18 18 18 18 
cmulshin 18 40 18 18 18 18 18 14 14 32 32 24 24 23 23 33 33 100
cmagnuss 18 40 18 100
ccleary1 18 40 18 18 18 18 18 14 14 32 32 18 40 18 23 23 18 18 33 33 100
mscanish 18 18 18 18 100
lkim3 18 40 18 18 18 18 18 18 18 18 18 24 24 18 40 18 18 18 18 24 24 18 37 18 18 18 18 18 18 18 18 24 24 18 36 18 18 14 14 33 33 100
lcaffar1 18 40 18 3 3 18 40 18 14 14 33 33 32 32 23 23 18 40 18 100
kliang2 18 40 18 18 18 32 32 23 23 33 33 18 40 18 18 18 100
jnowak4 18 18 18 18 26 26 19 19 3 3 100
hcheng1 18 33 33 18 37 18 18 100
tmansell 18 40 18 14 14 23 23 32 36 32 33 36 33 18 40 18 18 100
rrocco 18 18 18 24 24 18 18 18 18 18 18 18 14 14 23 23 32 32 33 33 18 40 18 18 100
lyan4 18 40 18 100
kpresteg 18 40 18 100
blemay 10 10 7 7 14 14 18 18 18 18 100
aromano2 18 33 33 32 32 23 23 100
szachari 18 40 18 14 14 18 18 32 32 23 23 33 33 100
spalumb1 18 40 18 18 18 14 14 32 32 18 39 18 33 33 18 38 18 100
pcamara 26 26 19 19 18 40 18 18 18 18 18 18 18 18 18 
operez2 18 18 18 18 32 32 23 23 33 33 18 36 18 18 100
nvincent 18 18 21 21 32 32 23 40 23 33 38 33 100
lgelin 18 40 18 18 19 19 24 24 18 40 18 32 32 100
ldomenel 18 18 26 26 26 26 19 19 19 19 18 40 18 18 100
lcho 18 40 18 18 32 32 23 23 33 33 18 18 100
jpaul2 18 18 18 18 18 18 18 33 33 32 32 100
egorman5 18 14 14 33 33 23 36 23 18 18 32 32 100
eeagle 18 40 18 18 18 18 26 26 26 26 19 19 19 19 18 18 18 18 18 19 19 3 3 18 18 100
cdenzel 18 18 18 14 14 32 32 23 23 33 33 18 18 100
asowell 18 40 18 100
yzou2 18 26 26 18 40 18 24 40 24 18 40 18 18 100
speter14 18 18 18 18 18 100
pmcmonag 18 18 32 32 23 23 33 37 33 14 14 100
kpaulsen 18 40 18 32 32 24 24 18 40 18 14 14 18 40 18 14 14 32 32 23 23 33 36 33 100
jruane 18 18 18 18 18 18 18 32 32 23 23 33 37 33 100
jdodig 18 18 18 34 34 7 7 10 10 18 40 18 18 18 26 26 19 19 3 3 100
gcramer1 26 26 19 19 3 38 3 18 40 18 100
everhey 18 40 18 32 32 23 23 33 33 
esoller 18 40 18 18 18 18 100
egorman6 26 39 26 19 19 3 40 3 18 40 18 24 24 18 40 18 100
ckotseos 18 18 18 18 18 100
cganley 18 18 14 14 26 26 32 32 23 23 33 36 33 18 40 18 18 18 18 100
apaik 18 18 18 18 100
sincera 18 18 18 18 18 18 18 18 18 26 26 19 19 3 3 18 40 18 100
phennes2 18 18 19 19 19 19 18 18 18 18 100
msahd 18 40 18 18 18 23 23 32 32 33 36 33 100
mcabrer1 18 18 32 32 23 36 23 100
kkolleck 18 40 18 18 14 14 18 18 24 24 100
jreeg 18 18 18 18 23 23 33 33 100
hsarkey 18 26 26 19 19 3 3 18 40 18 100
awitte 18 18 18 32 32 23 23 33 33 18 18 100
taguirre 18 40 18 18 18 14 14 32 32 23 23 33 33 18 40 18 100
sbindel 18 18 14 14 23 23 18 40 18 32 32 33 33 100
rmaqbool 26 39 26 19 19 3 3 18 40 18 18 18 33 33 23 23 32 32 100
kcockrel 18 40 18 18 18 14 14 32 32 33 33 100
jmarino6 18 40 18 18 14 14 24 24 32 32 23 36 23 33 33 100
eguenthe 18 18 18 18 32 32 23 23 33 33 100
ecaradon 18 18 18 18 14 14 18 18 18 32 32 23 23 33 33 100
creid4 18 40 18 14 14 32 40 32 33 33 23 23 32 32 32 32 18 40 18 100
carizama 18 36 18 18 18 18 18 18 18 23 23 100
anataraj 18 40 18 100
mraster 18 18 32 36 32 23 23 33 33 14 14 100
lbakke 18 40 18 18 32 32 23 23 33 33 18 18 100
jzacher 18 40 18 18 18 32 32 23 23 33 33 18 40 18 18 100
csmith71 3 3 19 19 14 38 14 32 32 18 40 18 18 100
clucas4 18 40 18 18 14 14 18 18 18 24 24 14 14 32 32 33 33 18 40 18 14 14 100
clowney1 18 18 14 14 100
bburger 18 18 18 18 100
ttarkles 18 18 100
sschmit1 18 23 23 33 33 32 32 18 18 18 100
rsulli13 18 26 26 19 19 18 40 18 18 18 18 100
hschwart 18 18 18 18 18 23 23 33 33 32 39 32 
hparkhil 18 24 24 18 40 18 18 18 32 32 23 23 33 33 100
emcdowel 19 19 3 3 18 40 18 18 18 14 14 18 18 18 18 18 100
dnaquin 18 40 18 32 32 23 23 33 33 100
wdefaria 18 18 18 100
mdonne10 18 18 18 18 18 24 24 24 24 18 40 18 32 32 23 23 33 33 24 36 24 18 40 18 23 23 
jsuttman 18 40 18 32 40 32 23 23 33 33 100
ccorse 18 100
asmith56 18 18 
acook8 18 40 18 14 14 32 32 23 23 33 36 33 100
abojczuk 26 26 19 19 18 40 18 18 18 18 18 100
ychen30 18 26 26 19 19 18 40 18 18 18 18 18 14 14 14 14 32 32 32 32 33 36 33 33 33 18 40 18 18 100
szabala 18 24 36 24 18 18 23 23 33 33 32 32 18 40 18 32 32 23 23 33 33 100
swallac3 18 14 14 32 32 23 23 33 33 100
sbattali 18 18 18 18 18 18 26 26 19 19 3 36 3 100
npatidar 18 32 32 23 23 33 36 33 100
ngiannot 18 18 14 14 32 32 18 40 18 33 39 33 18 39 18 100
mstebbi1 18 
kwhite14 18 18 26 26 19 19 3 3 100
kmchugh6 18 40 18 18 18 24 24 23 23 33 33 32 32 100
kconese 18 18 18 18 18 23 23 32 32 18 40 18 33 33 18 39 18 100
jstacho1 18 18 18 100
gpernico 18 18 18 100
cschust4 18 40 18 32 32 23 23 33 36 33 100
cprince 18 40 18 32 32 23 36 23 33 33 100
bdzubara 18 19 19 18 40 18 18 18 
akurz 18 18 18 32 32 23 23 33 33 100
zzovko 18 40 18 18 100
ztulausk 18 40 18 18 18 18 14 14 32 32 33 33 
tfolwell 18 14 14 18 40 18 26 26 3 3 19 19 18 37 18 18 14 14 100
mphelan5 18 18 18 24 24 18 40 18 14 14 32 32 23 23 33 33 18 18 18 
ksteenvo 18 40 18 32 32 23 23 33 33 18 18 100
kmehta2 18 18 100
jrhiling 18 40 18 18 32 32 23 23 33 33 100
jmcclin1 18 18 19 19 100
eolsen2 18 40 18 18 18 32 32 23 23 33 33 14 14 18 40 18 100
egrammer 18 40 18 18 18 18 32 36 32 23 23 33 33 100
dngo2 18 18 18 18 18 18 100
csedore 18 18 18 18 32 32 23 23 33 33 18 36 18 100
awood8 18 40 18 18 14 14 23 23 32 32 33 33 18 36 18 100
astaresi 18 40 18 18 32 32 23 23 33 33 14 14 100
areymer 18 32 32 23 37 23 33 36 33 18 39 18 100
ahays1 18 18 18 32 32 23 23 33 33 18 40 18 100
abatkoff 18 19 19 3 3 26 26 18 37 18 18 100
xzhang24 18 40 18 18 18 18 18 24 24 14 14 32 32 23 23 33 36 33 100
skoo1 18 18 19 19 3 3 18 38 18 18 32 32 23 23 33 33 100
rsong 18 18 18 18 14 14 32 32 33 37 33 100
rbanuelo 18 32 32 23 36 23 33 33 
npassina 18 40 18 18 32 32 23 23 100
mlarson3 18 40 18 18 23 23 33 33 100
mhagan2 18 
jander21 18 37 18 18 18 18 18 18 18 33 40 33 100
ioteroto 18 26 26 19 19 3 3 18 40 18 32 32 23 23 33 33 100
ecummin2 18 40 18 14 14 23 23 32 32 33 33 100
ccastil4 18 40 18 18 18 18 32 32 23 23 33 33 14 14 18 39 18 100
zeggers 3 40 3 18 40 18 24 24 32 32 18 18 100
mryan32 18 18 19 19 19 19 18 40 18 18 26 26 100
mmatusk1 18 37 18 26 26 18 40 18 100
mflanag8 18 18 26 26 19 19 3 3 18 18 18 18 18 100
mdoyle19 18 10 10 18 40 18 14 14 100
jmarvin2 18 40 18 18 18 18 14 14 14 14 23 23 23 23 32 32 32 32 33 36 33 33 33 18 40 18 100
hchoudhu 18 26 26 19 19 3 3 18 40 18 18 100
delwell 18 40 18 18 14 14 32 32 23 23 33 33 18 40 18 100
ccasper 18 39 18 18 18 18 14 14 18 18 23 23 33 33 18 36 18 100
ychen31 18 40 18 18 100
rwilso18 18 40 18 18 14 14 24 24 32 32 23 23 33 33 100
mzakowsk 18 36 18 24 24 32 32 14 14 18 40 18 100
mlake2 18 100
mhoffm12 18 40 18 18 18 32 32 23 23 33 33 100
mcurlis2 18 36 18 24 24 18 40 18 23 23 32 32 33 33 14 14 100
kwardlow 18 26 26 19 19 18 40 18 100
kround 26 26 19 19 3 3 18 40 18 18 100
kmoeinva 18 100
jsimone 18 18 18 26 26 3 3 19 19 18 40 18 14 14 100
jmullen6 18 
ekiszla 18 40 18 32 32 23 23 33 33 14 14 
dmikovit 18 24 24 11 11 18 40 18 18 23 23 33 33 24 39 24 14 14 32 39 32 100
dkim28 18 18 18 18 100
clink4 18 40 18 18 18 14 14 32 32 23 23 18 40 18 32 32 33 33 100
bferris1 18 40 18 14 14 18 18 32 32 33 33 100
asiguler 18 40 18 32 32 23 23 33 33 14 14 100
swolfe1 26 26 19 19 3 3 18 40 18 18 100
rtaraboc 18 40 18 100
nllauro 18 18 19 19 18 40 18 18 18 18 18 18 23 23 33 33 100
mvander4 18 18 3 3 18 40 18 14 14 32 32 23 23 18 40 18 33 33 18 40 18 100
mtapp 18 40 18 18 2 2 18 40 18 32 32 23 23 33 33 18 39 18 100
mbutle14 18 40 18 32 32 23 23 33 33 
mbutle13 18 40 18 14 14 23 23 33 33 32 36 32 18 18 18 33 33 100
kkubik 18 18 18 18 14 14 32 32 23 23 33 33 100
kflanag4 18 40 18 14 14 33 33 23 23 32 32 100
gpetrosi 18 18 18 26 26 19 19 18 40 18 18 24 40 24 24 40 24 18 40 18 18 18 100
edownin1 18 18 18 18 100
coleary2 18 32 32 14 14 23 23 33 33 100
cmeyers3 18 40 18 18 26 26 32 32 23 23 33 33 100
apeter14 18 40 18 100
yfeng3 18 24 24 32 32 23 23 33 33 14 14 100
risrael1 18 36 18 18 24 24 18 40 18 18 100
nmattei1 18 40 18 100
mvondras 18 14 14 32 32 33 39 33 100
mjohns57 18 40 18 18 14 14 23 23 18 40 18 18 32 32 33 36 33 100
jhirshor 18 36 18 18 18 18 33 33 32 39 32 18 37 18 100
gnguyen 18 18 23 23 33 33 32 32 18 40 18 100
eriojas 18 40 18 18 18 32 32 23 23 33 33 100
ebrown20 18 32 40 32 23 23 33 40 33 18 40 18 18 18 100
alaboe 18 40 18 18 32 32 23 23 33 33 100
ablanch2 18 40 18 18 100
wzhu2 18 100
tkoewler 18 14 14 32 36 32 23 23 33 36 33 100
scannova 18 40 18 18 
ohatch 18 40 18 26 36 26 19 19 3 3 18 40 18 18 18 18 32 32 23 23 33 33 18 18 18 100
nho1 18 40 18 
mwinche1 18 40 18 18 14 14 18 40 18 32 32 23 23 33 33 100
mmccans 18 40 18 18 24 24 18 36 18 23 23 33 33 32 36 32 18 36 18 100
mcasasga 18 40 18 32 32 23 23 33 36 33 14 36 14 18 36 18 100
kthomp21 18 40 18 18 18 32 32 23 23 33 33 18 18 18 100
khuffert 18 40 18 14 14 32 32 23 23 33 33 100
jstellon 26 26 19 19 3 3 18 40 18 18 18 100
iedgar 18 40 18 32 32 14 14 33 33 100
dfeldman 18 32 32 23 23 33 33 14 14 18 38 18 100
cpalor 14 36 14 18 40 18 18 23 23 32 32 33 33 14 14 100
ccahill6 18 32 32 23 23 10 10 33 33 14 14 100
bdrummo1 18 36 18 18 18 18 100
bcarmody 18 37 18 18 18 18 18 18 18 24 24 32 32 23 23 33 33 100
amarti55 18 40 18 15 15 18 40 18 14 14 32 32 23 23 33 33 100
afemrite 18 40 18 23 23 14 14 33 33 18 40 18 32 32 18 18 100
tpagessa 18 14 14 32 32 33 36 33 100
tjohns29 18 23 23 18 39 18 33 39 33 32 36 32 18 18 100
mnieves1 18 40 18 14 14 26 40 26 19 19 3 3 18 40 18 18 100
mbrombac 18 40 18 18 14 14 24 24 32 32 23 23 33 33 100
kmoran10 19 19 3 3 18 40 18 14 14 18 40 18 32 32 23 23 33 33 100
kmessier 18 40 18 18 18 26 26 32 32 23 23 33 33 100
jusher 18 40 18 18 26 26 19 19 3 3 100
jmusema 18 40 18 32 32 33 36 33 100
jkirkham 18 40 18 100
jhall15 18 26 26 19 36 19 3 3 18 40 18 18 24 24 32 32 23 23 33 33 100
gmcdermo 18 19 19 18 40 18 18 18 19 19 26 26 3 3 18 40 18 
eyeager 26 26 19 19 18 40 18 18 18 18 100
edewane 18 33 33 23 23 32 39 32 14 37 14 100
bni 18 40 18 19 19 32 32 14 14 23 23 33 40 33 100
amarti54 18 40 18 3 3 19 19 26 26 18 40 18 18 23 23 32 32 33 33 14 14 100
zwang17 18 40 18 18 18 100
mmoreno3 18 26 26 19 19 3 36 3 18 40 18 32 32 18 18 100
mcurrie2 18 40 18 100
kmullan4 18 40 18 18 26 26 19 19 3 3 100
jigiede 18 40 18 19 19 18 18 18 23 23 32 32 33 33 100
jhlavin 18 18 23 36 23 32 32 100
edidonat 18 40 18 14 14 23 23 32 32 100
dharvey1 18 24 24 18 18 18 18 18 
crichte2 18 18 18 100
cdunlea1 26 26 3 3 19 19 18 18 18 32 32 100
awolfe4 18 100
aturzai 18 40 18 24 24 23 23 33 33 18 40 18 18 18 18 18 100
aherna13 18 18 19 19 26 26 18 40 18 3 3 18 40 18 100
tsong2 18 19 19 3 3 14 14 32 32 23 38 23 33 33 100
sjo 18 18 18 18 18 18 33 33 100
sbsales 18 26 26 18 40 18 18 100
rpozasg1 26 26 26 26 19 19 19 19 18 40 18 100
jplocher 18 40 18 18 18 33 40 33 18 40 18 32 32 100
jlehn 18 18 
chowell2 18 33 33 100
bklaus 18 40 18 18 18 100
tpopps 18 18 18 18 100
tissa 18 40 18 14 14 26 26 19 19 100
svorne 18 40 18 18 32 32 23 23 33 33 100
pgorman2 18 18 32 32 23 23 33 33 18 18 14 14 18 40 18 100
nmunozol 18 40 18 100
kwhite13 18 40 18 33 33 23 39 23 18 40 18 32 32 14 14 100
jgirardo 18 40 18 14 14 32 32 23 23 33 33 100
iroberts 18 18 19 19 100
hferrero 18 24 24 100
ginglis 18 18 18 14 14 18 40 18 32 32 33 33 100
esherloc 26 26 19 19 3 3 18 40 18 18 18 18 18 100
ellano1 18 18 18 18 18 100
apines1 18 40 18 18 14 14 32 32 23 23 33 33 
aorsinel 18 18 14 14 18 18 100
abiondo 18 36 18 100
tmcginn1 18 18 19 19 3 3 18 18 18 32 32 100
thartle 26 26 19 19 3 3 18 40 18 18 18 18 100
tbendeck 18 18 18 18 32 32 23 23 33 33 100
pjohns21 18 18 100
mperez19 18 18 18 32 32 23 23 33 33 100
mpenn1 18 40 18 18 14 14 32 32 23 23 33 33 100
llontoc 18 19 19 26 26 3 3 18 40 18 32 32 23 23 33 33 100
ldevito 18 40 18 100
kdiggin1 18 32 32 23 23 33 33 100
kbockhol 18 24 24 18 39 18 18 18 18 18 18 18 18 
jduffy8 18 26 26 19 19 18 40 18 18 100
jchandle 18 100
jbordall 18 11 11 18 40 18 32 32 23 23 33 33 18 40 18 100
hwakelin 18 40 18 18 33 33 23 23 32 32 100
gcampoli 19 19 26 39 26 18 40 18 18 100
eutley 18 18 100
csmith72 18 19 19 100
cdelane2 18 37 18 100
akeller5 18 38 18 18 18 32 32 23 23 33 33 100
adaniele 18 40 18 32 32 23 23 33 33 100
aboyd2 18 100
srodawig 18 26 26 18 18 24 24 18 40 18 33 33 18 18 14 14 23 23 18 40 18 18 26 26 100
slee51 18 18 100
rmcgove1 18 40 18 100
nskora 18 14 14 32 32 33 33 23 23 100
nmarti12 18 18 100
nhelm 18 40 18 100
mpaulran 32 40 32 100
jminor1 18 40 18 18 14 14 14 14 18 40 18 14 14 32 32 33 33 14 14 23 23 100
hsun2 18 18 
ehiestan 18 40 18 32 32 23 23 33 33 100
ebrady7 18 40 18 18 32 32 23 23 33 33 100
cbartlet 18 40 18 32 36 32 23 23 33 36 33 14 14 100
atreacy 18 18 18 18 100
asood1 18 26 26 18 40 18 18 18 100
alehanka 18 40 18 14 14 32 32 23 23 33 33 100
tmcguir2 18 40 18 32 32 23 23 33 36 33 100
rhughes8 18 18 100
mriss 18 40 18 18 26 26 14 14 18 40 18 32 32 23 23 33 33 100
mhepbur1 18 14 14 32 32 23 23 33 40 33 18 38 18 18 100
mgreene3 18 18 32 32 18 18 14 14 18 18 23 23 18 40 18 33 33 100
kmcfarl1 18 100
gklaus 18 40 18 18 24 24 26 26 32 32 14 14 23 23 33 33 100
eeschwei 18 40 18 100
ebabcoc1 26 26 19 19 14 14 18 40 18 18 100
dyefreme 18 26 26 19 19 3 3 18 40 18 18 26 26 23 23 18 40 18 33 33 18 18 26 26 18 40 18 32 32 18 18 18 100
dpark5 18 18 18 18 24 24 32 32 23 23 33 36 33 18 36 18 100
coakley2 14 39 14 32 32 23 23 100
