dtorgers 18 18 18 18 18 18 18 18 18 18 18 18 18 18 18 18 18 18 18 18 18 18 18 18 18 18 18 18 18 18 18 18 18 18 18 18 18 18 18 18 18 18 18 18 18 18 18 18 18 18 18 18 18 18 18 18 18 100
cdavin1 18 40 18 18 18 18 14 14 18 40 18 14 14 26 26 19 19 3 3 100
alebron1 18 40 18 18 18 18 18 18 18 18 18 26 26 19 19 3 3 14 14 18 18 18 18 18 18 18 18 18 18 3 3 19 19 14 14 18 18 26 36 26 100
ccooper8 18 40 18 18 18 18 18 18 18 18 14 14 18 40 18 26 26 19 36 19 3 3 100
nweindel 18 18 18 18 18 18 14 14 18 40 18 18 18 18 26 26 19 19 14 37 14 3 3 18 40 18 18 18 14 14 100
ntownsen 18 37 18 18 18 18 18 18 18 18 18 18 18 18 18 18 18 18 18 18 26 26 26 26 19 19 19 19 100
jberg2 18 18 18 18 18 18 18 24 24 18 40 18 18 18 18 18 18 18 18 18 18 18 18 18 18 18 18 18 18 100
fhita 18 40 18 18 18 18 18 18 18 18 18 100
mmcfarli 18 37 18 18 18 18 18 18 18 18 18 18 18 18 14 14 18 18 18 18 18 18 24 24 18 18 18 18 18 18 18 18 18 18 14 14 26 26 19 19 3 3 18 18 18 100
mlengwin 18 18 26 26 19 19 3 3 18 40 18 18 18 18 18 100
kwurl 18 40 18 18 14 14 26 40 26 19 19 100
ccampb20 18 40 18 24 24 18 40 18 26 26 14 14 19 36 19 
pbrown10 18 18 18 18 18 18 18 18 18 18 18 18 18 26 26 19 19 18 18 100
rdiejoma 18 40 18 18 18 18 18 18 18 18 18 26 26 19 19 18 40 18 3 3 100
drogers1 18 34 34 7 7 10 10 18 37 18 18 18 18 18 18 18 18 18 18 7 7 10 10 14 14 26 26 19 37 19 18 18 18 100
cdelpila 18 40 18 18 18 100
cbolivar 18 34 34 10 10 7 36 7 18 40 18 18 18 18 18 18 18 18 26 26 19 19 3 3 100
muhlenbr 18 18 18 18 18 18 14 14 26 26 19 19 3 3 100
msmith75 18 18 14 14 18 40 18 26 26 19 19 3 37 3 18 40 18 19 19 18 36 18 100
pmcguir2 18 40 18 18 18 18 18 18 18 26 26 18 40 18 100
jstaten 18 18 18 18 24 24 18 18 18 18 18 24 24 18 40 18 18 18 14 14 18 40 18 18 24 24 26 26 14 14 19 19 3 3 18 39 18 100
mgirod 18 40 18 34 34 10 10 18 40 18 18 18 18 18 18 18 18 18 18 26 26 19 19 3 3 100
zgartenh 18 18 14 14 26 26 7 7 19 19 100
alabella 18 18 18 18 18 18 18 18 18 18 18 14 14 18 40 18 18 26 26 19 19 3 3 100
bferrer1 18 40 18 18 18 18 18 18 18 34 34 18 18 18 14 14 26 26 19 19 3 3 100
pcataldi 18 34 34 7 7 10 10 18 40 18 18 18 18 26 26 26 26 19 19 19 19 3 3 3 3 100
aohri 18 4 4 18 40 18 18 18 18 18 18 18 18 18 18 18 18 18 18 18 18 7 39 7 18 40 18 9 9 18 18 100
pklekamp 18 40 18 18 18 18 18 26 26 19 19 100
amccar10 18 34 34 18 18 7 7 10 10 18 18 18 18 100
nwamble 18 18 7 36 7 10 10 18 40 18 18 18 18 18 18 18 100
wsuter2 18 19 19 26 26 3 3 32 36 32 23 23 33 33 18 40 18 18 24 24 18 40 18 18 18 100
thowe1 18 40 18 100
mmian 18 100
jhouge 18 34 34 7 7 10 36 10 18 40 18 18 18 18 26 26 19 19 3 3 100
slemaign 18 36 18 18 18 18 26 26 19 19 18 40 18 3 3 14 14 18 18 18 18 26 36 26 100
ldamoose 18 37 18 18 18 18 18 18 18 18 18 18 26 26 19 19 14 14 100
sburnbau 18 18 18 18 18 18 18 18 100
nwarren 18 40 18 18 18 18 18 18 14 14 3 36 3 26 37 26 19 19 100
bconnol3 18 18 18 26 26 19 19 3 3 14 14 18 37 18 100
rheitkam 18 40 18 26 36 26 19 19 3 3 14 14 100
jmullike 18 
chickey3 18 34 34 7 7 10 10 18 18 18 18 100
athoma24 18 40 18 18 18 18 18 18 24 24 18 40 18 18 18 18 18 26 26 19 19 3 3 
rgensler 18 39 18 18 18 18 18 18 18 14 14 19 19 18 40 18 26 26 18 36 18 100
kthornt4 18 40 18 18 18 18 18 26 26 19 19 18 40 18 14 14 3 3 18 40 18 19 19 100
pvlandis 18 18 34 34 18 18 18 10 37 10 18 40 18 18 18 18 19 19 26 26 18 40 18 14 14 18 40 18 18 100
mmizraji 18 18 18 14 14 18 18 26 26 19 19 18 40 18 3 3 18 36 18 18 18 14 14 100
zpavlin 18 27 27 18 40 18 18 18 18 18 18 18 18 14 14 14 14 18 40 18 14 14 19 19 100
ydeng3 18 18 18 24 24 18 40 18 18 100
kfox8 18 40 18 18 18 18 26 26 19 19 3 3 100
lsulli11 18 18 18 18 18 18 18 26 26 3 3 19 19 100
jgorman6 18 34 34 7 7 10 10 18 40 18 18 18 18 18 18 26 26 3 3 19 19 100
enunez 18 34 34 7 7 10 10 18 18 18 26 26 19 19 100
jdirksen 34 34 7 36 7 10 37 10 18 40 18 18 18 100
whornby 18 18 18 100
jwade5 18 18 18 34 34 7 7 10 10 18 40 18 18 26 26 19 19 3 3 24 36 24 32 32 23 23 33 33 18 40 18 18 18 24 24 18 40 18 18 18 18 100
mblatt1 18 40 18 18 18 18 18 19 36 19 26 40 26 18 40 18 26 26 19 19 3 3 100
mmang 18 40 18 18 18 18 14 36 14 18 40 18 14 14 19 19 18 40 18 18 18 18 100
waberger 18 40 18 18 14 14 26 26 19 19 100
llombar2 18 36 18 18 18 18 18 18 18 18 18 18 14 14 19 36 19 26 26 3 3 100
gkaiser 18 40 18 100
koconn27 18 18 18 18 7 7 18 18 18 18 18 18 18 18 18 18 18 18 18 18 19 19 100
aweishan 18 40 18 18 18 24 24 18 40 18 14 14 18 40 18 26 26 19 19 3 39 3 18 40 18 100
mcaskey 18 100
jguarino 18 7 36 7 34 40 34 10 10 18 40 18 18 18 18 18 19 19 100
cseymou2 18 40 18 18 18 24 24 18 40 18 18 14 14 3 3 26 26 19 19 100
dplagenz 18 40 18 18 18 18 18 18 18 34 34 26 26 14 14 19 19 18 18 3 3 100
csasso 18 37 18 18 18 18 18 18 18 18 14 14 26 26 19 19 3 36 3 18 39 18 19 19 14 39 14 100
amccar11 18 18 18 26 26 19 36 19 3 3 14 14 18 36 18 100
yshi6 18 18 18 10 10 18 40 18 7 7 34 34 18 18 14 14 14 36 14 18 40 18 18 26 26 19 19 3 3 14 14 100
minoue2 18 40 18 24 24 18 40 18 18 14 14 3 3 26 26 19 19 100
jwinebre 18 100
sgalbens 7 36 7 10 10 18 40 18 18 18 18 18 100
jlazzara 18 36 18 18 18 18 18 14 14 26 36 26 100
vruesch 18 18 18 18 100
nniere 18 18 18 18 18 100
ghong 18 18 18 18 18 18 18 26 26 19 19 3 3 32 36 32 100
bhogan1 7 36 7 34 40 34 17 17 18 40 18 18 100
wdu 18 100
tmercier 18 40 18 18 18 26 36 26 19 19 100
esunshi1 18 40 18 18 18 18 18 18 3 3 14 14 26 26 19 19 100
eevans9 18 18 18 100
bkenney1 18 18 100
cdieckma 18 40 18 26 26 19 19 18 40 18 18 18 18 18 18 18 26 26 26 26 19 19 19 19 3 3 3 3 100
mcoggins 18 40 18 18 18 18 18 18 26 26 19 19 14 14 3 3 18 40 18 100
lblitzer 18 40 18 24 24 3 3 19 19 26 26 18 40 18 18 18 100
jdelledo 18 40 18 18 14 14 14 14 18 18 18 26 26 26 26 19 19 19 19 3 3 3 3 100
mfreedlu 18 40 18 18 26 26 19 19 3 3 18 40 18 100
tprice4 18 34 34 18 18 18 18 34 34 7 7 10 10 18 37 18 24 24 18 40 18 18 18 100
lbarret2 18 40 18 18 18 26 26 19 19 14 14 18 40 18 18 100
eralph 18 40 18 18 18 18 18 18 18 18 26 26 19 19 18 36 18 100
bhalliga 18 40 18 18 18 18 19 19 26 26 3 3 14 14 100
sroennec 18 40 18 18 18 26 26 19 19 3 3 14 14 100
jmurph32 18 18 26 26 19 36 19 14 14 100
cfrentze 18 18 18 18 18 14 14 26 26 19 19 3 3 18 18 100
mnewcome 18 100
jsitarsk 26 26 34 34 20 20 7 7 10 36 10 18 40 18 18 
tpreko 18 18 34 34 7 36 7 10 10 18 40 18 18 14 14 3 3 18 18 19 19 26 26 100
mtreacy 18 18 100
ccampb21 7 7 10 10 18 40 18 18 18 100
rrivera8 18 18 34 34 7 39 7 10 39 10 34 40 34 18 40 18 26 26 19 19 3 3 14 14 18 37 18 18 18 33 33 3 3 100
rblack4 18 40 18 18 26 26 19 19 3 3 18 18 14 14 18 40 18 18 18 18 100
jwelsch 18 40 18 18 18 18 18 18 26 26 19 19 3 3 100
jgately1 18 40 18 18 18 18 18 18 18 7 7 26 26 19 19 3 37 3 100
gdean 18 26 26 18 39 18 19 36 19 18 40 18 18 18 18 18 14 14 14 14 18 40 18 18 100
ewigutow 18 40 18 18 18 18 18 100
dgibbon2 18 4 4 18 40 18 18 18 18 18 18 18 18 18 18 18 18 18 18 18 18 18 18 18 24 24 18 40 18 18 18 18 18 100
cmorton2 18 34 34 2 36 2 7 7 18 40 18 7 7 10 37 10 18 40 18 100
mrooney6 18 18 18 24 24 18 40 18 18 18 18 26 26 26 26 19 19 19 19 3 3 3 3 18 36 18 14 14 18 40 18 26 26 18 18 18 100
mmoran12 18 18 18 18 18 18 18 18 100
jwalte10 18 40 18 18 26 26 19 19 3 3 14 14 18 40 18 100
jcarney6 18 18 18 18 14 14 26 26 3 3 19 19 18 40 18 100
pmeyer3 18 40 18 18 14 14 26 26 18 39 18 19 19 3 3 14 14 19 19 100
icallaha 18 36 18 18 18 18 14 14 24 24 26 39 26 19 39 19 3 37 3 100
dtoth1 18 100
kkostola 18 36 18 18 18 18 18 18 18 14 14 18 18 3 3 19 19 26 26 100
dlee26 18 40 18 18 26 26 19 19 18 40 18 18 100
yying 34 40 34 18 18 34 34 7 7 18 40 18 18 18 18 18 18 18 18 18 100
swagy 18 34 34 14 14 7 7 10 10 18 40 18 18 18 18 18 18 18 14 14 26 26 19 19 3 3 100
rroque1 7 36 7 10 10 18 40 18 26 26 100
kdantoni 18 40 18 18 18 18 18 18 18 18 14 14 26 26 19 19 100
wmohler 18 40 18 18 26 26 18 40 18 18 26 26 26 26 19 36 19 19 19 18 40 18 3 36 3 14 14 100
lklein1 18 18 100
jbecker9 18 34 34 3 3 19 19 18 18 7 7 10 10 18 40 18 26 26 19 19 3 3 100
hrague 18 18 18 18 14 14 26 26 19 19 3 3 100
cott 18 40 18 18 18 18 18 26 26 19 19 14 14 18 40 18 18 3 36 3 100
mholzbau 18 18 100
mhawkin3 18 40 18 18 18 26 26 19 19 3 3 100
lharmon 18 18 14 14 18 37 18 26 26 19 36 19 3 3 100
elazzaro 18 18 18 3 3 19 19 26 26 100
tburley 18 18 18 18 18 18 34 34 18 18 7 7 14 14 100
shenn 18 40 18 18 100
jgomez5 18 18 18 18 100
jfries3 18 40 18 18 18 18 100
bniemoel 18 3 3 26 26 19 19 100
kriordan 18 36 18 
jmurph33 18 18 18 18 18 18 18 100
dcorr1 34 34 7 39 7 18 40 18 18 18 18 100
cemenalo 18 18 18 18 26 26 19 19 3 3 14 14 100
yjung2 18 34 34 7 37 7 18 40 18 18 18 100
rpappas 18 39 18 18 18 18 18 26 26 19 19 3 3 100
mmerric1 18 18 18 18 34 34 10 10 7 7 18 40 18 100
mdosch 18 26 26 19 19 3 3 14 14 18 18 18 19 36 19 100
jbettag 18 18 18 24 24 18 40 18 18 18 18 100
jbernin1 18 34 34 7 7 10 40 10 18 40 18 26 26 19 19 18 40 18 19 19 3 3 100
gbruenin 18 26 26 19 19 3 3 18 40 18 100
ddallava 18 18 14 14 18 18 3 3 18 40 18 18 18 14 14 18 18 100
cgamboa 18 40 18 18 18 18 3 3 14 14 19 19 100
nquartir 18 33 33 18 40 18 26 26 19 19 3 3 18 40 18 18 18 18 18 18 18 18 100
lfaubion 18 40 18 18 18 24 24 26 39 26 19 19 18 40 18 18 19 19 3 3 100
cwilso24 18 40 18 18 18 18 18 18 18 14 14 19 19 26 26 100
aursino1 18 40 18 18 18 18 18 100
msummer2 34 34 7 7 10 10 18 39 18 18 18 18 26 26 19 19 3 3 100
kramm 18 36 18 18 14 14 18 40 18 18 18 18 26 26 18 40 18 19 19 100
jchapple 7 7 10 10 18 40 18 18 18 18 18 18 3 40 3 100
jbonds 18 40 18 14 14 18 40 18 26 37 26 19 19 3 3 14 36 14 100
dbirzer 4 4 17 17 31 31 34 36 34 7 7 18 40 18 18 18 100
cfish 18 26 26 19 19 3 3 14 14 100
nholmes1 18 40 18 14 14 3 3 19 19 26 26 18 40 18 14 14 18 18 18 18 14 14 18 18 18 26 26 19 19 18 18 3 3 100
ngiovino 18 36 18 18 18 26 26 19 19 18 18 3 36 3 14 14 18 40 18 100
eherber1 18 18 18 26 26 14 14 19 19 3 36 3 24 36 24 18 40 18 100
cgallag3 18 18 18 18 14 14 26 26 19 19 3 3 18 40 18 100
tzheng2 18 18 18 26 26 19 19 3 3 18 36 18 100
mgerber 18 18 100
jcolli23 18 26 26 19 19 3 3 100
awalton3 18 37 18 18 18 18 26 26 100
vwhitmor 18 40 18 18 14 14 18 40 18 26 26 19 19 3 3 18 40 18 100
rpellica 18 40 18 18 18 18 18 26 26 19 36 19 3 3 100
rmyers9 18 18 18 26 26 19 38 19 18 38 18 3 39 3 18 40 18 14 14 100
jdoerer 34 34 7 7 10 36 10 18 40 18 18 18 18 18 18 100
gbiltz 18 18 18 18 100
aheck1 18 18 18 18 26 26 19 19 3 3 18 18 3 3 100
ucooper 18 7 7 18 40 18 18 14 14 26 26 19 19 18 18 100
rschill1 18 100
mschlic1 18 18 34 34 10 10 18 18 18 18 18 1 1 18 40 18 18 33 33 33 33 18 40 18 26 26 19 19 18 40 18 3 3 100
mperry6 18 40 18 18 18 18 18 18 26 26 26 26 18 40 18 26 26 19 19 3 3 18 40 18 100
jfenton1 18 18 18 18 24 24 18 40 18 26 26 3 3 18 36 18 32 32 23 23 33 33 18 18 18 18 18 100
csauder 18 34 34 7 7 10 10 18 40 18 18 18 18 100
alowney 18 18 7 7 18 40 18 100
zkagalw1 34 34 7 36 7 18 40 18 26 26 19 19 3 3 100
swilkin4 18 38 18 18 18 18 18 18 18 18 18 18 14 14 18 18 100
imarx 18 40 18 18 24 24 24 24 18 40 18 14 14 18 40 18 26 26 19 36 19 18 40 18 
cschmid7 18 18 34 34 7 7 10 10 18 40 18 18 18 100
awang4 18 40 18 18 18 18 18 1 1 18 40 18 18 18 100
abenavi3 18 40 18 18 19 19 26 26 33 33 18 40 18 18 18 26 26 19 19 14 14 100
sweyhmil 18 40 18 18 7 7 18 40 18 18 18 18 26 26 19 19 3 3 100
sgenz 18 40 18 18 18 18 18 34 34 7 7 10 10 14 14 18 40 18 18 18 18 18 18 18 18 14 14 18 40 18 26 26 19 19 3 3 100
mwu4 18 18 18 18 18 14 14 18 40 18 34 34 7 7 10 10 18 36 18 18 18 18 26 26 19 19 3 3 100
jleporte 18 40 18 19 19 26 26 18 18 14 14 18 40 18 100
adichris 18 40 18 26 26 19 19 3 3 14 14 18 40 18 100
scrotty1 18 36 18 18 18 18 18 18 26 26 26 26 19 19 19 19 3 40 3 3 3 100
pfarring 18 36 18 18 18 18 18 14 14 100
pdesousa 18 18 34 34 18 40 18 18 7 7 10 37 10 18 40 18 18 26 26 19 19 3 3 100
mkuehl 18 40 18 18 26 26 19 19 18 18 23 23 33 33 18 40 18 100
lfitter 34 34 7 7 10 37 10 18 40 18 18 18 100
kenriett 7 7 10 10 18 40 18 18 18 14 14 24 24 18 40 18 18 18 18 24 24 18 40 18 18 100
jruan 18 18 14 14 26 26 19 19 3 38 3 26 26 100
hzahour 18 18 34 34 18 36 18 18 18 18 18 18 18 18 14 14 14 14 18 18 18 100
emostyn 18 40 18 26 26 19 19 3 40 3 14 14 18 18 18 100
edohert1 18 40 18 7 7 18 37 18 18 18 10 10 18 40 18 18 18 14 14 26 26 18 40 18 19 19 26 26 100
amellert 18 18 34 34 10 10 18 39 18 18 18 18 18 100
aandrade 18 40 18 2 2 18 40 18 26 26 19 19 3 3 100
tdann 18 40 18 18 18 18 18 18 100
sielusic 18 40 18 24 24 18 40 18 18 18 18 18 18 7 7 18 36 18 34 34 10 10 18 18 100
mlicursi 18 40 18 18 18 18 18 18 14 14 26 26 19 19 3 3 18 37 18 3 3 100
mdrake2 18 40 18 18 18 100
lhe3 18 14 14 18 18 18 18 18 18 18 18 26 26 26 26 100
inegroro 18 40 18 18 18 18 18 18 18 18 18 18 18 18 18 18 14 14 14 14 3 36 3 3 3 100
afonash 18 40 18 18 18 26 26 19 19 14 14 18 40 18 100
obarnard 18 36 18 18 18 18 18 18 26 40 26 18 40 18 18 19 19 3 3 100
nbenz 18 18 14 14 26 26 18 40 18 18 18 18 19 19 26 37 26 100
lhuang3 18 40 18 18 26 26 19 19 3 3 24 24 18 40 18 14 14 100
jwessele 18 26 26 19 19 3 3 14 14 100
jmastron 18 7 7 18 40 18 14 14 26 26 19 19 100
dmarino 18 17 17 4 4 31 31 18 40 18 18 18 18 24 24 18 40 18 18 18 18 14 14 18 39 18 19 19 100
cpickfor 18 18 18 18 18 18 18 18 14 14 18 18 26 26 18 40 18 19 19 3 3 100
obaitlot 18 40 18 18 18 100
kmollenk 18 40 18 18 18 26 26 19 19 3 3 14 36 14 100
ccarlso2 18 14 14 26 40 26 19 19 18 40 18 18 3 39 3 18 40 18 100
bmoreno1 18 34 34 18 18 10 10 18 40 18 18 100
smanriqu 18 19 19 18 40 18 26 26 19 19 3 3 14 14 18 40 18 14 14 100
mmillado 18 34 34 7 7 10 36 10 18 40 18 18 18 18 18 100
mferrel2 18 18 18 34 34 7 7 10 37 10 18 40 18 18 18 24 24 19 19 18 40 18 18 100
ldougla3 18 40 18 18 18 26 26 19 19 3 3 100
jmcconn1 18 40 18 14 14 18 40 18 18 100
ecahill 18 40 18 18 14 14 26 38 26 19 36 19 18 40 18 100
dshaw4 18 39 18 18 18 14 14 26 26 19 19 3 36 3 100
alucche1 18 40 18 18 18 14 14 18 18 100
odonnel1 18 18 34 34 7 7 10 36 10 18 40 18 14 14 18 40 18 18 18 100
mpirko 18 40 18 18 18 18 18 14 14 18 40 18 18 14 14 19 19 26 26 100
mlyden1 18 40 18 18 14 14 3 36 3 19 19 26 26 100
mdekold 18 36 18 18 24 38 24 18 39 18 19 19 26 26 18 40 18 18 14 14 18 40 18 18 18 14 14 19 19 3 3 26 26 100
eschnaut 18 100
esalina1 18 34 34 7 7 10 10 14 14 18 40 18 18 18 18 18 26 26 26 26 19 19 19 19 3 3 3 3 14 14 14 14 100
adiederi 18 18 26 26 19 19 18 40 18 3 40 3 14 14 18 40 18 14 14 100
sholtz1 18 18 26 26 19 19 3 3 100
sdann 18 40 18 26 26 19 36 19 3 3 100
pkolek 18 40 18 18 18 14 14 26 26 19 19 18 18 3 36 3 100
nhaymond 18 18 18 18 18 18 26 26 19 19 3 3 18 40 18 100
kmuha 18 37 18 10 10 18 40 18 26 26 19 19 3 3 14 14 18 18 100
kfeehan 18 40 18 18 18 26 26 19 19 100
kalme 18 18 14 14 26 26 19 19 3 3 100
ivaldess 18 40 18 18 31 31 17 17 18 40 18 18 26 26 26 26 19 19 19 19 18 40 18 18 100
esmith30 34 34 18 18 7 7 10 10 18 40 18 18 24 24 18 39 18 18 14 14 19 19 26 26 18 40 18 24 24 34 37 34 10 10 20 20 31 31 26 36 26 28 28 100
ctoudouz 18 18 18 14 14 26 37 26 19 19 3 3 18 40 18 18 18 18 18 100
sreddy4 18 18 14 14 18 38 18 3 3 18 40 18 18 18 18 18 100
rboylan 18 40 18 18 18 18 18 26 37 26 19 19 3 3 18 37 18 100
ncheng 18 40 18 26 26 19 19 3 3 14 14 18 18 18 100
jzelinsk 18 100
jcuji 18 18 18 18 18 18 100
gworthin 18 40 18 18 14 14 24 24 26 26 19 19 19 19 3 3 18 40 18 18 18 100
dfabrega 18 18 18 18 18 18 100
angov 18 40 18 18 18 18 14 14 19 19 26 26 100
adunniga 18 26 26 19 19 3 3 18 40 18 18 18 18 18 18 18 32 32 23 23 33 33 100
skolda 18 18 18 24 24 23 23 32 32 18 40 18 18 34 34 18 40 18 18 26 39 26 19 36 19 3 3 100
scrippes 18 34 34 7 7 18 40 18 18 18 18 18 100
mschutze 18 18 18 18 18 14 14 18 18 14 14 26 26 19 19 3 3 100
mpavloff 18 40 18 26 26 19 19 3 36 3 18 18 14 14 100
lnixon1 18 38 18 18 18 18 18 18 26 26 19 19 3 3 100
kmurray7 18 40 18 18 14 14 26 26 19 19 100
jshard 18 100
hthomps4 18 18 34 34 7 7 10 10 18 40 18 26 26 19 19 3 3 100
ewood1 18 18 18 18 18 100
estrouse 18 26 26 14 14 19 19 3 3 100
sekanay1 18 40 18 18 14 14 14 14 18 37 18 18 18 18 18 14 14 100
odegnim 18 40 18 18 18 18 26 26 19 19 3 3 100
kcox5 18 40 18 18 14 14 14 14 26 26 26 26 19 19 19 19 18 36 18 18 3 39 3 3 3 100
kborotho 18 4 4 17 36 17 18 40 18 18 34 37 34 14 39 14 18 40 18 7 7 18 40 18 26 26 19 40 19 3 37 3 100
jbertram 18 24 24 18 40 18 100
hbyrne 18 18 3 3 19 19 26 26 14 14 100
ggulyas 18 34 34 18 18 7 7 10 10 18 40 18 18 18 18 18 
ekeuler 18 18 18 18 24 24 18 40 18 18 18 18 100
egeyer1 18 40 18 18 18 24 24 18 40 18 18 26 26 19 19 3 3 14 14 100
dlong2 18 40 18 18 34 34 14 14 7 7 18 40 18 18 18 18 18 18 14 14 26 26 19 36 19 3 3 18 18 100
bpierpoi 18 18 18 14 14 18 39 18 18 18 18 100
apavelka 18 40 18 18 18 18 18 26 26 100
rbartle1 18 37 18 18 26 26 19 19 3 3 100
nyusko1 18 18 18 34 34 10 10 7 7 100
motten1 18 40 18 24 24 18 40 18 14 14 26 26 19 19 3 3 100
molsen3 18 18 18 18 18 100
mdambros 18 18 18 2 2 18 40 18 18 18 18 18 18 18 18 100
kmountf1 18 18 18 18 26 26 19 19 3 3 100
jeversol 18 40 18 18 18 18 18 18 18 14 14 3 3 100
etorrent 18 26 26 19 19 18 40 18 32 32 23 23 33 33 18 40 18 18 18 100
ereynol5 18 18 26 26 19 19 3 3 14 14 100
epark5 18 18 14 14 18 18 32 32 23 23 33 38 33 18 40 18 24 24 100
dpatel2 18 40 18 14 14 26 26 19 19 3 36 3 18 18 100
cmoreno5 18 36 18 7 7 18 40 18 34 34 18 18 3 3 100
bgawel 18 34 34 7 7 10 36 10 18 40 18 18 24 24 18 18 18 100
bconlon 18 40 18 18 18 100
apanousi 18 18 18 26 26 19 19 3 3 14 14 100
tngochi 18 18 10 10 7 7 10 40 10 18 40 18 26 26 19 19 3 3 14 14 18 40 18 100
tdasso 18 40 18 18 18 14 14 18 18 26 26 19 19 3 3 100
rwittmer 18 18 18 18 18 26 26 100
rvazza 18 18 18 18 18 26 26 19 19 3 3 100
nhong 18 100
mrohling 18 40 18 18 18 18 18 18 14 14 100
dsmith53 18 36 18 18 18 18 18 18 18 26 26 100
cdowicz 7 7 18 40 18 18 18 100
bnakfoor 18 40 18 18 18 18 14 14 14 14 3 3 3 3 18 40 18 26 26 19 19 18 39 18 100
akhemani 18 34 34 7 7 10 10 18 36 18 18 100
ahughes8 18 18 18 26 26 19 19 3 3 18 18 100
tperey 18 36 18 18 14 14 26 26 19 19 3 36 3 100
mmccor15 18 18 24 24 18 40 18 18 18 100
mgray10 18 40 18 26 26 19 19 3 3 14 14 18 18 18 100
mfraizer 18 40 18 18 18 7 7 18 40 18 18 18 18 18 100
jmolumph 18 26 26 19 19 3 3 100
hzweberl 18 40 18 14 14 3 3 26 26 19 19 18 18 100
dserafin 18 40 18 18 18 33 33 26 26 14 14 24 24 18 37 18 3 3 26 26 19 19 18 37 18 100
bpowell4 18 18 18 18 18 18 18 18 34 34 7 7 100
mdownin1 18 40 18 18 18 14 14 19 19 26 26 18 40 18 14 14 26 26 19 19 3 3 100
lduggan 18 40 18 26 26 19 38 19 100
kmclaug3 18 2 2 6 6 30 30 18 40 18 18 4 4 18 40 18 18 18 100
kbulleit 18 18 18 14 14 100
jplas 18 18 18 18 18 18 18 18 3 3 19 19 26 26 100
jbrown36 18 7 7 18 40 18 18 100
dkim30 18 40 18 18 18 18 26 26 19 19 3 3 100
cpantin 18 18 34 34 4 4 17 17 31 36 31 18 18 24 24 18 39 18 18 18 18 34 34 7 7 10 40 10 18 40 18 18 34 34 18 18 100
cmyers11 18 18 18 18 18 26 26 19 19 3 3 18 39 18 18 24 24 23 23 32 32 33 33 18 40 18 100
amora2 18 34 34 7 7 10 10 18 40 18 18 18 18 18 18 18 
adrisco2 18 18 14 14 100
xtsai 34 34 18 40 18 18 18 26 26 14 39 14 18 18 18 
nisakson 18 100
kmurph44 18 18 10 10 18 40 18 18 18 26 26 19 39 19 3 3 14 14 24 40 24 18 39 18 18 100
ibushue 18 40 18 14 14 26 40 26 19 19 18 40 18 19 19 3 3 26 26 14 14 100
enichol4 18 40 18 26 26 19 19 3 3 18 40 18 26 26 19 19 3 3 18 18 14 14 100
egroth 18 40 18 14 14 26 26 19 19 3 36 3 18 18 18 100
aheinzma 18 36 18 18 26 26 19 19 3 3 100
adecker1 18 34 34 10 10 7 7 14 39 14 18 40 18 14 14 19 19 26 26 100
aameen 18 40 18 26 26 19 19 14 37 14 3 3 100
zwall 18 40 18 18 18 26 26 19 19 3 3 100
smonaha1 18 18 18 18 18 100
sdeschne 18 40 18 18 26 26 3 3 18 18 19 19 18 40 18 24 24 100
mowen 18 18 18 18 11 39 11 18 39 18 18 18 18 26 26 14 14 19 19 18 40 18 3 3 100
lwatts1 18 40 18 18 14 14 26 26 19 36 19 18 18 18 100
krochefo 18 7 7 10 10 18 40 18 18 18 26 26 19 19 3 3 100
gniforat 18 40 18 26 26 19 19 3 36 3 18 36 18 100
evandier 18 18 18 14 14 26 26 19 19 100
eclapp 18 34 34 18 40 18 7 7 10 40 10 18 36 18 18 18 18 18 18 18 18 100
awaldsch 18 40 18 18 18 18 18 18 18 18 18 18 3 3 100
adevito1 18 40 18 26 26 19 19 3 3 100
tsilva1 18 18 18 18 18 34 34 10 10 7 7 18 40 18 18 18 18 26 26 19 19 3 3 100
oivan 18 40 18 18 18 18 18 18 18 14 14 26 36 26 100
mmarti45 18 26 26 19 19 3 3 100
mjorden 18 26 26 19 19 14 36 14 18 40 18 3 3 19 19 18 18 18 14 14 18 18 100
ldorenko 18 14 14 18 18 26 26 19 19 3 3 100
ktracey 18 40 18 14 14 26 26 19 19 3 3 18 40 18 18 18 100
krothmey 18 40 18 18 18 18 18 26 26 19 19 3 3 100
kbiladea 18 40 18 18 100
jweas 18 26 26 19 19 3 3 18 18 14 14 100
jgoldsch 18 40 18 18 18 28 28 28 28 26 26 26 26 14 14 14 14 19 19 19 19 3 36 3 3 3 100
jdraves 18 40 18 18 26 26 19 19 3 3 14 14 18 37 18 100
gotte1 18 18 18 18 24 24 7 36 7 18 18 18 18 18 14 14 26 26 19 19 18 40 18 18 26 26 100
etruesda 18 40 18 18 34 34 7 7 10 10 18 40 18 100
emeara 18 18 100
cnilsen 18 40 18 18 18 14 14 26 26 18 39 18 19 19 18 40 18 18 14 14 18 36 18 19 19 100
bmurph24 18 40 18 14 14 19 19 3 3 26 26 18 36 18 100
azammit 18 24 24 18 40 18 18 24 24 18 40 18 18 24 24 18 40 18 18 24 24 18 40 18 24 24 18 39 18 13 13 15 15 18 40 18 18 100
arabbitt 18 18 10 10 18 40 18 18 18 18 100
wcheong 18 40 18 18 18 18 26 26 19 19 3 3 100
kmoran11 18 34 34 7 7 10 10 18 40 18 18 18 18 26 26 19 19 3 3 100
kgalla21 18 14 14 18 40 18 18 26 26 19 19 3 39 3 18 38 18 100
kgalla20 18 40 18 3 3 26 26 19 19 100
kfranz1 18 40 18 18 18 18 14 14 14 14 26 26 26 26 19 19 19 19 3 3 3 3 18 40 18 100
jsutton3 18 40 18 18 18 14 14 18 39 18 26 26 19 19 3 3 
jhegart2 18 4 4 18 18 34 34 10 10 7 7 18 40 18 18 18 18 18 3 3 100
japplew1 18 40 18 18 18 26 26 19 19 3 3 100
imurrer 18 18 100
fschemel 18 40 18 18 7 7 18 18 14 14 18 18 19 19 100
fprimozi 18 18 18 18 18 100
elinares 18 32 32 18 40 18 18 26 26 18 40 18 18 3 3 19 19 18 18 
cmulshin 18 40 18 18 18 18 14 14 26 39 26 19 19 3 3 100
cmagnuss 18 18 18 14 14 26 26 19 19 3 3 100
ccleary1 18 40 18 11 11 18 40 18 18 18 18 11 11 18 40 18 18 18 18 18 14 14 26 26 19 19 3 3 100
abohling 18 18 18 18 18 18 18 100
mscanish 18 18 18 18 26 26 19 19 3 3 18 39 18 100
mkirven 18 4 4 18 18 7 7 10 10 34 34 18 18 14 14 18 40 18 18 18 18 18 18 100
lkim3 18 36 18 18 18 18 18 26 26 19 19 3 3 100
lgrabows 18 40 18 18 18 18 18 26 26 19 19 100
lcaffar1 18 18 14 14 26 26 19 19 100
kliang2 18 40 18 18 18 18 18 26 26 19 19 14 14 18 40 18 18 26 26 19 19 3 3 100
jnowak4 18 18 18 18 18 18 10 10 18 40 18 7 7 34 36 34 100
hcheng1 18 26 26 19 19 18 18 14 14 18 40 18 18 19 19 3 3 26 36 26 32 32 23 23 33 33 18 40 18 18 100
bmerrick 18 40 18 18 18 18 14 14 100
bgagnon 18 18 18 26 26 26 26 19 19 19 19 3 3 3 3 100
tmansell 18 14 14 26 38 26 19 36 19 3 3 100
rrocco 18 26 26 19 19 18 39 18 100
rpuno 18 40 18 18 18 18 4 40 4 14 14 3 3 26 26 19 19 100
lyan4 18 7 7 34 34 18 40 18 26 26 3 3 19 19 100
kpresteg 18 40 18 18 26 26 19 19 3 3 14 14 100
jbaines 18 40 18 14 14 18 40 18 26 26 19 19 3 3 18 40 18 100
blemay 18 34 34 18 40 18 100
aromano2 18 18 18 18 3 3 3 3 14 14 14 14 26 26 26 26 19 19 19 19 18 39 18 100
alongsta 18 40 18 26 26 19 19 3 3 100
szachari 18 39 18 33 33 18 40 18 18 18 26 26 19 19 14 14 100
spalumb1 18 40 18 18 26 26 14 14 19 37 19 100
pcamara 18 18 18 100
operez2 18 40 18 18 14 14 26 26 19 19 3 3 18 40 18 18 18 100
nvincent 18 18 18 18 3 3 26 26 18 40 18 19 19 18 37 18 14 14 18 37 18 100
lgelin 18 40 18 26 26 19 36 19 3 36 3 100
ldomenel 18 18 7 7 34 39 34 10 10 18 40 18 18 18 18 18 18 100
lcho 18 18 18 26 26 19 19 3 3 100
jpaul2 18 18 24 24 18 40 18 18 24 24 26 26 19 19 3 3 18 40 18 18 18 100
ischmitz 18 40 18 18 26 26 19 19 3 3 100
egorman5 18 40 18 100
eeagle 18 100
dallen13 18 18 34 34 18 40 18 18 100
cdenzel 18 18 18 14 14 18 18 26 26 19 36 19 3 36 3 18 40 18 18 100
asowell 18 40 18 26 26 19 19 3 3 100
yzou2 18 18 100
speter14 18 100
pmcmonag 18 26 26 19 19 3 3 14 14 18 36 18 100
kpaulsen 18 40 18 14 14 26 26 19 19 18 36 18 3 3 100
kjacoby1 18 34 34 7 7 10 10 14 14 18 40 18 14 14 26 26 19 19 3 3 100
jruane 18 40 18 26 26 19 19 3 36 3 18 18 14 14 100
jdodig 18 18 18 100
gcramer1 7 7 34 39 34 10 10 18 40 18 18 18 100
everhey 18 26 26 19 19 3 3 100
esoller 18 40 18 18 26 26 18 18 19 19 3 3 100
egorman6 34 34 10 10 7 7 18 40 18 18 24 24 100
ckotseos 18 7 7 18 18 18 26 26 100
cganley 18 36 18 18 26 26 19 19 14 40 14 18 40 18 100
bfraser 18 40 18 18 14 14 26 36 26 19 19 3 3 100
asweet 18 7 7 18 40 18 18 34 34 18 18 7 7 18 40 18 24 24 18 40 18 18 100
apaik 18 100
thuber1 18 40 18 18 14 14 19 36 19 100
sincera 18 37 18 26 26 19 19 3 3 100
phennes2 18 40 18 18 18 18 100
msahd 18 36 18 34 34 18 40 18 10 10 18 40 18 18 18 26 26 26 26 18 40 18 19 19 3 3 100
mcabrer1 18 40 18 18 18 18 18 3 3 18 18 3 3 19 19 26 36 26 18 40 18 19 19 18 18 100
kkolleck 18 40 18 18 14 14 14 14 26 37 26 26 26 19 19 19 19 100
jreeg 18 40 18 26 26 19 19 3 3 100
jgonnard 18 100
hsarkey 18 34 34 7 7 10 36 10 18 40 18 18 100
hholden 18 34 34 10 10 7 7 18 40 18 18 26 26 19 19 3 3 14 14 100
epil 18 40 18 18 18 14 14 18 40 18 18 14 14 18 40 18 14 14 100
awitte 18 40 18 26 26 19 19 3 3 100
trogers6 18 26 26 
tfross 18 40 18 18 34 34 34 34 7 7 7 7 10 10 10 10 26 26 26 26 19 19 19 19 3 3 3 3 14 14 14 14 18 40 18 100
taguirre 18 18 18 26 26 19 19 3 3 100
sbindel 18 7 7 18 40 18 18 14 14 14 14 18 18 18 18 18 26 26 26 26 19 19 19 19 3 3 3 3 18 18 18 100
rmaqbool 18 18 18 100
kcockrel 18 36 18 26 26 19 19 3 3 100
jmarino6 18 40 18 24 24 18 40 18 26 26 19 19 18 40 18 18 24 24 14 14 26 26 19 19 18 36 18 3 39 3 100
eguenthe 18 40 18 18 18 18 100
ecaradon 18 26 26 19 19 3 3 18 18 100
creid4 18 40 18 14 14 26 26 19 19 3 3 18 40 18 18 26 26 19 19 3 36 3 100
carizama 7 7 10 10 24 36 24 18 40 18 18 18 14 14 26 26 19 19 100
anataraj 18 18 18 14 14 26 26 19 36 19 3 3 100
svukovit 18 40 18 18 18 26 26 19 19 3 3 100
msteph11 18 37 18 24 24 18 18 18 26 26 19 19 3 3 14 14 100
mraster 18 40 18 26 26 19 19 3 3 14 14 18 40 18 18 18 18 18 18 18 18 100
lbognar1 18 18 18 18 14 14 26 26 100
lbakke 7 7 10 10 18 40 18 26 26 19 40 19 3 3 100
jzacher 18 37 18 18 26 26 24 24 18 40 18 18 26 26 19 19 3 3 100
jheath3 18 40 18 26 26 14 14 18 40 18 3 3 14 14 26 37 26 100
hduan 18 40 18 100
gvargas 18 14 14 34 34 7 36 7 10 10 18 40 18 18 18 14 14 18 40 18 18 14 14 19 19 26 26 18 40 18 100
erogan 18 40 18 26 26 14 36 14 19 37 19 100
epuntill 18 40 18 100
ebarthel 18 40 18 100
eallgaie 18 7 7 18 40 18 100
dlipa 18 40 18 18 14 14 19 19 26 26 3 36 3 18 18 100
csmith71 7 36 7 18 37 18 18 18 18 26 26 18 18 100
clucas4 18 40 18 18 14 14 26 26 19 19 100
clowney1 18 40 18 18 18 18 14 14 18 40 18 100
bsailer1 18 40 18 18 18 14 14 26 26 100
bburger 18 14 14 26 26 19 19 3 3 18 40 18 18 26 26 26 26 19 19 19 19 3 3 3 3 3 38 3 3 3 18 40 18 100
bbishop2 18 40 18 18 18 18 14 14 3 3 19 36 19 26 26 18 40 18 18 18 18 18 18 100
alifka 18 39 18 18 18 18 18 26 26 19 19 3 36 3 100
alee25 18 40 18 18 18 18 10 10 3 36 3 19 37 19 26 26 18 18 100
ttarkles 18 18 18 26 26 32 32 23 23 33 33 100
tkhong 18 40 18 26 26 19 19 18 40 18 3 3 18 36 18 100
sschmit1 18 40 18 18 18 26 26 19 19 3 3 18 18 100
rsulli13 18 7 7 18 40 18 17 17 18 40 18 18 100
plally 18 40 18 26 39 26 19 19 3 3 100
mwhelan3 18 7 7 10 10 34 34 18 40 18 18 18 18 18 18 34 34 7 7 10 10 18 18 18 26 26 19 19 3 3 100
mmccabe6 7 7 10 10 18 40 18 18 18 18 18 26 26 19 19 3 3 100
mkeller6 34 34 17 36 17 7 7 10 36 10 18 40 18 18 18 18 14 14 18 40 18 18 100
mhare1 18 36 18 10 10 18 40 18 18 18 24 24 18 40 18 18 26 26 26 26 19 19 19 19 14 14 14 14 3 3 3 3 100
mdadamio 18 14 14 26 40 26 19 19 100
khinish 18 18 18 18 
hschwart 18 40 18 18 18 18 18 3 3 18 40 18 18 18 26 26 19 19 100
hparkhil 18 34 34 7 7 10 10 18 40 18 26 26 3 3 19 19 18 40 18 100
emcdowel 34 34 7 40 7 18 40 18 18 18 26 26 18 18 100
dnaquin 18 40 18 18 26 36 26 26 26 19 19 19 19 3 36 3 3 3 100
abenedic 18 40 18 18 14 14 18 40 18 26 26 19 19 3 3 24 39 24 18 40 18 14 14 18 40 18 100
wdefaria 18 40 18 3 3 19 36 19 26 36 26 18 18 100
tcomer 14 14 34 34 7 7 10 10 18 40 18 18 18 26 26 19 19 3 3 18 18 18 14 14 18 37 18 100
tcarnes 18 40 18 14 14 26 26 19 19 3 3 100
rduffy3 18 40 18 18 18 26 26 19 19 3 3 14 14 100
narmbrus 18 40 18 26 26 19 19 3 3 100
mritten 18 18 18 18 18 18 18 14 14 14 14 19 19 19 19 100
mdonne10 18 40 18 100
kperez4 10 10 18 40 18 18 18 18 100
jsuttman 18 40 18 18 26 26 19 19 3 3 100
jgriff12 18 24 24 18 40 18 18 100
jables 18 18 18 14 14 26 26 19 36 19 3 3 
eforbes1 18 40 18 18 14 14 19 19 26 26 18 36 18 100
ccorse 18 34 34 18 18 7 7 18 40 18 100
asmith56 18 18 18 18 18 18 26 26 19 19 3 3 14 14 100
acook8 7 7 10 36 10 18 40 18 18 14 14 26 26 3 3 19 19 100
abojczuk 18 34 34 7 7 10 10 18 40 18 18 18 18 100
zliang3 18 40 18 18 18 18 14 14 19 19 26 26 100
ychen30 18 40 18 18 100
tkacius 18 40 18 100
szabala 18 38 18 24 24 18 40 18 26 26 19 19 3 3 18 40 18 18 100
swallac3 18 40 18 18 2 2 18 38 18 18 18 18 14 14 34 34 7 7 10 36 10 18 40 18 14 14 26 26 19 19 18 18 100
sbattali 18 100
ojacobse 18 34 34 18 40 18 18 18 18 18 100
npatidar 18 40 18 22 22 1 1 18 40 18 27 27 1 1 18 40 18 18 18 18 18 14 14 26 26 19 19 18 18 18 100
ngiannot 18 40 18 14 14 24 24 18 40 18 14 14 26 26 19 19 3 3 18 36 18 18 18 18 100
mstebbi1 23 23 33 40 33 18 18 18 24 24 18 40 18 18 18 100
mkelley9 18 100
kwhite14 18 18 18 100
kmchugh6 18 40 18 26 26 19 19 3 3 100
kconese 18 26 26 19 19 3 3 100
jstacho1 18 100
jslaugh2 18 40 18 18 18 18 14 14 18 40 18 18 14 14 
gwilson6 18 40 18 100
gpernico 18 18 7 7 34 34 10 10 14 14 18 40 18 18 18 26 26 19 19 3 3 100
drea 18 40 18 18 18 18 14 14 3 3 100
dkelly13 18 40 18 18 14 14 3 3 19 19 100
cschust4 18 40 18 18 18 14 14 26 26 19 19 3 3 100
cprince 18 26 26 18 40 18 19 19 3 3 14 14 100
bdzubara 18 34 34 7 7 10 10 18 40 18 18 100
akurz 18 18 18 4 4 17 17 31 31 18 38 18 2 2 18 40 18 18 7 40 7 18 40 18 18 10 40 10 34 34 18 40 18 18 18 18 18 26 26 19 19 3 3 18 18 100
acrowle1 18 34 34 18 18 7 7 10 10 18 40 18 18 24 24 18 40 18 100
zzovko 18 18 100
ztulausk 18 40 18 18 18 18 18 18 26 26 19 19 100
tfolwell 18 18 3 3 19 19 32 32 23 23 33 33 18 36 18 18 24 24 18 40 18 100
sharri11 18 18 26 26 19 19 3 3 100
mphelan5 18 18 14 14 26 26 19 19 18 18 100
mkocher2 34 34 7 36 7 18 40 18 18 18 18 100
ksteenvo 7 7 18 40 18 18 18 26 26 19 19 3 3 100
kmehta2 26 26 18 40 18 18 100
kaiello1 18 40 18 18 18 14 14 18 40 18 26 26 19 40 19 100
jrhiling 18 26 26 19 19 3 3 100
jmcclin1 18 40 18 18 18 26 26 19 19 3 3 100
eolsen2 18 40 18 18 18 14 14 26 39 26 19 19 100
egrammer 18 40 18 24 24 18 40 18 18 18 19 40 19 26 26 18 40 18 26 26 19 19 3 36 3 100
dngo2 18 26 26 19 19 3 3 18 40 18 26 26 3 3 18 18 100
czhou4 18 40 18 18 18 14 14 18 18 26 26 19 37 19 100
csedore 18 40 18 26 26 19 19 3 3 100
awood8 18 40 18 14 14 18 40 18 26 26 19 19 100
astaresi 18 18 26 26 19 40 19 3 3 100
areymer 18 40 18 18 24 24 18 40 18 26 39 26 18 40 18 19 36 19 3 38 3 18 40 18 100
ahays1 18 18 10 10 18 40 18 18 26 26 26 26 19 19 19 19 3 3 3 3 18 18 18 100
abatkoff 18 34 34 7 7 10 36 10 18 40 18 18 100
xzhang24 18 40 18 18 18 18 18 26 26 19 19 3 3 14 14 100
skoo1 10 38 10 18 40 18 26 26 100
rsong 18 36 18 18 26 26 19 19 100
rbanuelo 18 18 18 26 26 19 19 3 3 18 18 100
psansone 18 34 34 7 7 18 18 3 3 10 10 18 40 18 18 3 3 100
npassina 18 40 18 18 34 34 34 34 7 7 10 10 33 38 33 18 40 18 18 26 26 26 26 19 19 19 19 3 3 3 3 14 14 14 14 100
mlarson3 18 40 18 26 26 19 19 100
mhagan2 18 18 100
mcrawf10 18 33 33 18 40 18 26 26 19 19 3 3 14 14 18 40 18 18 100
jbelluc2 18 34 34 7 7 18 40 18 18 18 18 26 26 19 19 3 3 100
jander21 18 40 18 18 26 26 19 19 3 3 14 14 100
ioteroto 18 18 100
ejones15 18 40 18 18 18 26 26 19 19 3 3 100
ecummin2 18 40 18 14 37 14 26 26 19 37 19 3 36 3 100
dventer 18 40 18 18 26 26 19 19 3 3 14 14 18 18 18 100
ccastil4 18 18 26 26 19 19 3 3 14 14 100
cbarahon 34 36 34 7 36 7 10 36 10 18 40 18 18 18 26 26 19 19 3 3 14 14 100
zeggers 34 34 7 7 10 10 18 40 18 18 26 26 19 19 100
skeller5 18 18 18 18 14 14 18 40 18 19 19 18 18 100
nholmes2 18 40 18 18 14 14 26 38 26 19 19 3 37 3 100
mtagovai 18 18 18 7 7 18 40 18 18 18 18 100
mryan32 7 7 34 36 34 10 10 18 40 18 18 18 18 100
mmatusk1 18 18 18 2 2 18 40 18 18 18 18 18 14 14 100
mflanag8 18 18 18 7 7 18 40 18 100
mdoyle19 18 14 14 2 2 18 40 18 18 31 31 4 4 17 17 18 40 18 18 18 7 7 18 40 18 100
lfalquez 18 40 18 18 18 26 39 26 19 19 3 3 14 14 100
jmarvin2 18 19 19 26 26 24 24 100
hchoudhu 34 34 7 7 18 40 18 100
edell 18 40 18 18 18 26 26 19 19 18 18 3 3 
delwell 18 34 34 14 14 7 7 10 36 10 18 40 18 14 14 3 3 26 26 19 19 100
cpawelek 18 18 18 18 100
cgotuaco 18 34 34 7 36 7 18 40 18 18 100
ccasper 18 40 18 14 14 100
bbrown14 18 18 26 26 19 19 3 3 100
ychen31 18 18 18 18 26 26 19 19 3 3 100
vkareh 18 40 18 26 26 19 19 3 3 100
rwilso18 18 40 18 14 14 26 26 19 19 3 3 100
rmelotik 34 34 7 7 10 10 18 40 18 18 18 18 100
pkollma1 18 18 7 7 18 40 18 18 18 100
phaley1 18 40 18 26 26 19 19 3 3 100
oeaddy 18 3 3 19 19 26 26 14 14 18 18 100
mzakowsk 18 36 18 18 14 14 3 3 26 26 19 19 100
mmoufawa 18 18 34 34 7 7 10 10 18 40 18 26 26 19 36 19 3 36 3 100
mmaldona 18 40 18 18 18 3 3 18 36 18 26 26 19 19 100
mlake2 18 40 18 26 26 19 19 3 3 18 18 100
mhoffm12 18 40 18 34 34 10 10 7 7 18 40 18 26 26 19 19 3 3 100
mcurlis2 18 18 7 7 10 10 26 36 26 19 19 3 3 100
kwardlow 18 18 100
kround 18 34 34 7 7 18 40 18 18 18 10 10 18 40 18 18 18 18 100
kmoeinva 18 18 18 18 18 100
jsong3 18 18 10 10 18 40 18 18 26 26 14 14 19 19 3 3 18 40 18 33 33 32 40 32 23 23 18 40 18 18 100
jsimone 18 18 34 34 7 7 3 36 3 18 40 18 100
jmullen6 18 100
jhuber4 18 14 14 26 26 19 19 100
gvonuhle 18 39 18 18 26 26 19 19 3 3 100
esienko 18 40 18 24 24 18 40 18 18 18 14 14 26 26 19 19 3 3 
ekiszla 18 37 18 24 24 18 40 18 18 26 26 19 19 3 3 14 14 18 40 18 26 26 19 19 14 14 100
ekenney1 18 40 18 3 3 14 36 14 19 19 100
edoyal 18 40 18 26 26 19 19 3 3 14 14 100
dmikovit 18 40 18 26 26 19 19 18 39 18 18 100
dkim28 18 18 18 18 100
clink4 18 40 18 14 14 26 26 19 19 3 3 100
bferris1 18 40 18 18 18 18 18 14 14 18 18 26 26 19 19 100
asiguler 18 40 18 26 26 3 3 19 19 14 14 100
syi3 18 18 15 15 13 13 18 18 34 34 7 7 10 10 18 40 18 18 18 18 18 26 26 19 19 3 3 100
swolfe1 18 100
shatfie1 18 40 18 18 26 26 26 26 19 19 19 19 3 3 3 3 14 14 14 14 18 40 18 100
rtaraboc 18 40 18 24 24 18 39 18 14 14 26 26 19 19 3 3 18 40 18 14 14 32 32 23 23 33 33 18 36 18 18 18 14 14 100
rmazzini 18 40 18 26 26 19 19 3 3 14 14 100
nllauro 17 17 18 40 18 18 18 18 18 14 14 26 26 100
mvander4 18 40 18 18 18 18 26 36 26 20 40 20 18 18 18 18 3 3 26 26 100
mtapp 18 40 18 18 18 18 26 26 19 19 3 3 100
mmirer 18 34 34 7 7 10 10 18 40 18 18 18 18 26 26 18 18 19 19 3 3 14 14 18 18 100
mesteve 18 39 18 18 18 26 26 19 19 3 3 100
mbutle14 18 18 26 26 19 19 3 3 100
mbutle13 18 36 18 18 18 14 14 18 18 26 26 19 19 3 3 100
lrodrig6 18 40 18 14 14 26 26 19 19 3 3 18 40 18 14 14 100
kkubik 18 18 18 18 14 14 24 24 18 40 18 18 14 14 19 19 26 26 100
kflanag4 18 40 18 26 26 19 19 3 3 14 14 100
jcorbin2 18 40 18 26 26 18 40 18 18 26 26 19 19 3 36 3 100
ihornung 18 36 18 18 26 26 19 19 3 3 
gpetrosi 18 40 18 100
coleary2 18 40 18 18 26 26 3 3 14 14 19 19 18 40 18 100
cmeyers3 18 40 18 14 14 18 40 18 26 26 19 19 100
cfitzgib 18 18 34 34 7 7 10 36 10 18 40 18 10 10 18 40 18 18 14 14 26 26 19 19 3 36 3 100
ccocco 18 34 34 7 7 10 10 18 40 18 14 14 100
apeter14 18 40 18 26 26 19 19 3 3 100
aander27 18 18 18 6 6 30 30 2 2 14 14 18 18 18 2 2 14 14 18 40 18 34 34 7 7 10 10 18 18 18 34 34 18 18 18 34 34 18 18 18 18 18 18 26 26 19 19 3 3 18 18 18 18 19 19 26 26 100
yfeng3 18 18 7 36 7 10 10 18 40 18 100
risrael1 18 40 18 26 26 19 19 3 3 100
piannell 18 40 18 18 18 18 14 14 34 34 7 7 18 40 18 18 18 18 18 18 18 18 18 26 26 100
nmattei1 18 18 18 32 32 33 33 100
mvondras 18 40 18 100
mretoske 18 36 18 18 26 26 19 37 19 3 37 3 14 14 100
mplante 18 100
mlegersk 18 40 18 18 26 26 19 19 3 3 100
mjohns57 18 40 18 18 18 14 14 18 40 18 26 26 19 19 3 3 100
mheli 18 40 18 18 18 7 7 34 34 10 10 100
mbianco 18 34 34 7 40 7 10 10 18 40 18 18 18 100
lstephe3 18 18 26 26 19 36 19 3 39 3 100
kmccahan 34 34 7 7 10 10 18 40 18 18 18 100
jriver11 34 40 34 10 10 18 40 18 34 39 34 18 40 18 18 26 26 19 19 100
jmrozek 10 37 10 7 37 7 18 18 7 7 18 36 18 18 18 100
jhirshor 18 39 18 18 18 24 24 18 40 18 26 26 19 19 3 3 100
jgarci22 18 34 34 10 10 18 40 18 34 34 7 7 18 40 18 18 100
gnguyen 18 37 18 18 18 18 26 26 19 19 3 3 14 14 18 37 18 100
eriojas 18 40 18 18 3 3 26 26 19 19 100
ebrown20 18 40 18 26 26 19 19 14 14 3 37 3 18 36 18 100
dadams13 18 18 100
cdito 18 40 18 18 26 26 100
apasin 18 40 18 14 14 26 26 19 19 100
alaboe 18 18 26 26 19 19 3 3 18 40 18 26 26 19 19 3 3 100
ablanch2 18 34 34 7 7 10 10 18 40 18 18 18 18 26 26 19 19 3 3 14 14 100
yhe9 18 40 18 18 18 26 26 19 19 3 3 100
wzhu2 18 100
wschemel 18 40 18 14 14 26 26 19 19 3 3 100
tkoewler 18 40 18 18 18 14 14 14 14 3 36 3 3 3 19 19 19 19 18 18 18 100
scannova 18 39 18 18 26 26 19 19 3 3 14 14 100
samezqui 18 40 18 18 18 26 26 19 19 3 3 100
rchan3 18 40 18 18 26 26 19 19 3 3 14 14 18 40 18 100
poconno6 18 40 18 18 14 14 26 26 19 19 100
ohatch 18 40 18 18 26 26 19 19 3 3 100
nho1 18 39 18 18 18 26 26 19 19 3 3 100
mwinche1 18 40 18 18 14 14 19 19 100
msteeves 18 14 14 26 26 19 19 3 3 100
mmccans 18 40 18 18 19 19 14 14 100
mhanley1 18 36 18 18 18 18 14 14 26 26 19 19 3 38 3 100
mguggenb 18 18 26 26 19 19 3 3 100
mfarleka 18 40 18 14 14 26 26 23 23 19 19 100
mcasasga 18 100
kthomp21 18 38 18 18 26 26 19 19 3 3 100
kmccabe4 18 34 34 7 7 10 10 100
khuffert 18 40 18 18 26 26 26 26 14 14 14 14 19 36 19 19 19 3 3 3 3 100
jxu9 18 36 18 34 34 18 40 18 26 26 19 19 3 3 100
jstellon 34 34 7 7 10 10 18 40 18 18 18 100
jboateng 18 40 18 100
iedgar 18 40 18 33 33 24 24 18 40 18 14 14 26 26 19 19 3 3 18 40 18 26 26 19 19 3 3 14 14 100
ekeefe2 18 18 7 7 18 40 18 18 18 18 18 100
eheidenr 18 40 18 18 34 34 7 7 10 10 18 40 18 26 26 19 19 3 3 14 14 18 37 18 18 
dfeldman 18 40 18 18 26 26 26 26 19 19 19 19 3 3 3 3 14 38 14 14 14 18 37 18 18 100
cpalor 18 40 18 26 26 19 19 3 3 100
ccahill6 18 40 18 26 26 19 19 3 3 18 18 18 100
bgrier 18 40 18 14 14 100
bdrummo1 18 40 18 18 18 18 26 26 19 19 3 3 100
bcarmody 18 37 18 34 34 10 10 18 40 18 26 26 19 19 3 3 100
amurph14 34 34 7 7 10 36 10 18 40 18 18 18 100
amarti55 18 39 18 7 7 18 40 18 18 14 14 3 3 19 19 26 36 26 100
agerman 18 40 18 4 4 17 17 18 40 18 26 26 19 19 3 3 14 14 18 40 18 18 100
afemrite 18 40 18 14 14 26 26 19 19 100
tpagessa 18 26 26 18 18 14 14 19 19 3 3 18 18 100
tjohns29 18 40 18 3 3 26 26 19 19 18 40 18 100
pbald 18 40 18 26 26 19 19 100
mbrombac 18 40 18 18 18 18 14 14 26 26 19 19 3 3 100
mbeinlic 18 40 18 14 14 26 40 26 19 19 3 3 18 37 18 100
lmedinab 18 34 34 10 10 7 7 18 40 18 18 29 29 18 40 18 18 26 26 19 19 3 3 100
lmcphill 18 34 34 18 40 18 7 7 10 36 10 14 14 18 40 18 18 18 100
kwoodwa3 18 39 18 18 34 34 7 7 10 10 18 40 18 18 26 26 19 19 3 3 100
kmoran10 18 40 18 32 39 32 26 40 26 100
kmessier 18 6 6 30 30 2 2 18 40 18 18 18 34 34 7 7 10 10 18 40 18 18 26 26 19 19 3 3 100
kabe1 18 40 18 26 26 19 19 3 3 100
jusher 10 10 34 34 7 7 100
jmusema 18 36 18 18 18 18 18 18 18 18 18 3 3 3 3 19 19 19 19 100
jkirkham 18 40 18 18 26 26 19 19 3 3 100
jhall15 18 40 18 18 100
jcharbon 18 40 18 18 14 14 26 26 19 19 100
gverfurt 18 32 32 23 23 33 33 14 14 18 18 26 26 19 19 3 3 18 39 18 100
gmcdermo 18 100
eyeager 34 34 19 19 7 7 10 10 18 40 18 18 100
esulli14 18 40 18 19 19 14 14 100
edewane 18 40 18 18 18 18 18 26 26 26 26 19 19 19 19 3 3 3 3 14 14 14 14 18 18 18 100
dmoran5 18 40 18 19 19 26 26 18 40 18 26 26 19 19 3 3 14 14 18 18 18 100
dbodewig 18 14 14 100
bni 18 40 18 26 26 19 19 3 3 18 36 18 18 14 14 100
aseketa 18 40 18 14 14 18 18 19 19 18 40 18 100
amitch13 18 40 18 26 26 19 19 3 3 14 14 18 40 18 18 100
amarti54 18 40 18 18 18 18 26 26 19 19 3 3 14 14 100
zwang17 18 18 18 14 14 100
rmcclain 18 40 18 3 3 18 18 100
pmcgee 18 40 18 18 18 18 18 26 26 18 40 18 100
oramire1 18 40 18 18 18 18 18 18 18 26 26 19 19 3 3 100
olombard 34 34 7 36 7 18 37 18 18 18 100
myoung12 18 40 18 14 14 100
mmoreno3 34 34 7 7 10 37 10 18 40 18 100
mmcelro2 18 36 18 18 18 18 14 14 18 40 18 18 100
mgroark 18 7 7 18 40 18 18 100
mcurrie2 18 4 4 17 17 34 34 7 7 10 10 18 40 18 18 18 26 26 19 19 3 3 100
mcarro10 18 40 18 18 26 26 26 26 19 19 19 19 3 3 3 3 100
lschwar2 18 40 18 26 26 19 19 3 3 14 14 100
labreha 18 18 14 14 7 7 10 10 18 40 18 18 26 26 19 19 3 36 3 100
kmullan4 18 40 18 100
jstuppy 18 40 18 18 26 26 19 19 3 3 100
jluk 34 34 7 36 7 10 10 18 40 18 100
jigiede 18 39 18 18 18 18 18 26 26 19 19 3 3 100
jhlavin 4 4 17 17 18 40 18 34 34 7 7 10 10 100
jgripens 18 40 18 100
jfabreg2 18 40 18 18 18 18 18 14 14 14 14 18 40 18 14 14 19 36 19 100
jedward4 18 40 18 18 26 26 14 14 3 37 3 19 19 100
jburhann 18 40 18 26 26 19 19 3 3 
hfertitt 18 18 18 18 18 18 18 100
garboled 18 40 18 26 26 19 19 3 3 100
edidonat 18 40 18 18 14 14 18 40 18 26 26 100
ealbi 18 40 18 18 18 18 34 34 10 10 7 7 18 18 100
dmacatan 18 18 18 18 26 26 26 26 14 14 14 14 19 19 19 19 18 37 18 18 100
dharvey1 18 36 18 18 100
crichte2 18 34 34 7 7 10 10 18 40 18 18 100
cdunlea1 18 34 34 7 7 10 36 10 18 40 18 18 100
awolfe4 18 36 18 18 18 100
aturzai 18 26 26 19 19 100
aosorio 18 18 18 34 34 7 36 7 10 40 10 100
aherna13 18 18 34 34 7 7 10 36 10 18 40 18 100
zhan1 18 34 34 18 40 18 100
tsong2 18 40 18 14 14 26 26 19 40 19 3 3 18 38 18 100
smurph19 18 26 26 18 18 14 14 19 37 19 3 37 3 100
sjo 18 24 38 24 18 40 18 100
sbsales 34 34 7 7 10 36 10 14 14 18 40 18 100
rpozasg1 18 40 18 18 18 18 100
rhughes7 18 18 7 7 10 10 18 40 18 18 18 26 26 19 19 3 3 100
rbarnes2 18 40 18 19 19 26 26 18 40 18 14 14 3 39 3 100
msimon6 18 40 18 18 18 18 18 18 26 26 26 26 19 19 19 19 18 40 18 3 3 14 14 100
mbond1 18 40 18 18 3 3 3 3 14 14 14 14 18 18 18 100
jplocher 18 40 18 18 26 26 26 26 19 19 19 19 100
jlugg 18 18 18 18 14 14 18 40 18 3 3 19 19 100
jlehn 18 18 24 24 32 32 23 23 33 33 18 40 18 18 100
jdemarc1 18 18 34 36 34 18 40 18 18 14 14 19 40 19 3 3 18 36 18 18 100
hstone3 18 40 18 18 18 18 3 3 19 19 26 26 100
ezahoric 18 40 18 26 26 19 19 3 3 100
elopez7 18 40 18 18 18 18 26 26 26 26 19 19 19 19 14 14 14 14 3 3 3 3 100
ddelliso 7 7 10 10 18 40 18 18 100
cwhalen2 18 40 18 18 26 26 14 14 19 19 3 3 100
cjacobs3 18 40 18 14 14 100
chowell2 18 14 14 26 26 19 36 19 18 40 18 100
blyons1 18 18 7 7 18 40 18 18 18 18 100
bklaus 18 40 18 14 14 100
zsurma 18 14 14 26 26 19 19 3 3 18 40 18 100
tpopps 18 40 18 26 37 26 19 19 3 3 14 14 100
tissa 18 40 18 100
svorne 18 40 18 18 26 26 19 19 3 3 24 24 100
sryan9 18 3 3 14 14 26 26 19 19 18 40 18 100
pgorman2 18 40 18 26 26 19 19 3 3 14 14 18 40 18 100
olanchon 18 18 18 18 18 18 100
nmunozol 18 18 18 18 26 26 19 19 3 3 100
nkelly3 18 17 17 4 4 18 40 18 18 26 26 19 19 3 3 14 14 100
nferguso 34 34 7 7 10 38 10 18 40 18 100
mhawit 18 18 26 26 19 19 32 32 33 33 18 40 18 18 100
kwhite13 18 40 18 18 26 26 19 36 19 3 40 3 14 14 100
jzepf 18 40 18 18 18 100
jgirardo 18 36 18 18 14 14 3 3 26 26 19 19 100
jfrane 18 34 34 7 7 10 36 10 18 40 18 26 26 19 19 3 3 100
iroberts 18 18 18 18 100
hferrero 18 18 18 100
ginglis 18 40 18 18 14 14 18 18 26 26 18 40 18 23 23 19 19 3 3 18 40 18 100
esherloc 34 34 10 10 18 36 18 7 7 18 40 18 18 100
ellano1 18 40 18 100
dreynoso 18 18 18 18 26 26 19 19 3 3 100
dphill14 18 40 18 26 26 19 19 3 3 14 14 100
ctsevis 18 7 38 7 18 40 18 18 18 18 100
clangle1 18 18 34 34 18 40 18 19 19 26 26 18 40 18 14 14 100
apines1 18 40 18 18 18 14 14 19 19 100
aorsinel 18 40 18 14 14 26 26 19 19 3 3 18 36 18 100
amcfadd1 18 14 14 100
abiondo 18 40 18 18 14 14 19 19 26 26 18 40 18 3 3 100
tmcginn1 18 18 7 7 10 37 10 18 40 18 26 26 100
thartle 34 34 7 7 10 10 18 40 18 18 18 18 100
tbendeck 18 40 18 26 26 19 19 3 3 100
ssitarsk 18 26 26 19 19 3 3 14 14 100
sdutta2 18 18 100
pjohns21 18 18 3 3 18 36 18 100
pjachim 34 34 7 7 18 40 18 18 18 100
mperez19 18 26 26 19 19 3 3 100
mpenn1 18 40 18 18 14 14 26 26 19 19 3 3 100
mgabouer 18 40 18 18 18 18 100
lwukie 18 40 18 14 14 100
lsimon2 18 34 34 7 7 10 10 18 40 18 100
llontoc 18 4 4 17 17 31 31 34 34 7 7 10 10 18 40 18 100
ldevito 18 40 18 18 14 14 26 26 19 19 100
lbode 18 40 18 18 18 26 26 19 19 3 40 3 14 14 100
layuyao 18 37 18 18 26 26 19 19 3 3 100
ktran1 18 40 18 18 18 18 18 26 26 14 14 18 40 18 19 19 100
kdiggin1 18 40 18 26 26 19 19 3 3 18 39 18 100
kbockhol 18 18 18 18 18 100
jybanez1 18 40 18 18 18 100
jswift2 18 14 14 18 40 18 100
jmoawad 18 18 26 26 19 19 3 3 100
jduffy8 32 32 100
jchandle 18 100
jbrunne1 18 7 7 14 36 14 18 40 18 100
jbordall 18 40 18 26 26 19 19 3 3 18 40 18 100
ielizond 18 40 18 26 26 19 19 3 3 100
hwakelin 18 40 18 26 26 19 19 3 3 100
gcampoli 34 34 7 36 7 18 40 18 18 100
eutley 18 18 32 32 23 23 33 36 33 18 40 18 100
esagun 18 18 7 7 34 34 10 10 18 40 18 
eobrie14 18 40 18 26 26 19 37 19 3 36 3 100
ehoran3 18 18 7 7 14 14 10 36 10 34 39 34 18 38 18 14 14 100
dkrivda 18 18 18 34 34 10 10 7 7 18 40 18 3 3 26 26 19 19 100
dgarci18 7 7 18 18 18 14 14 18 36 18 100
csmith72 18 40 18 100
cholmes6 18 36 18 17 17 18 40 18 18 18 14 14 18 18 18 18 18 18 18 18 100
cgrunha2 34 40 34 7 7 18 40 18 18 100
cdelane2 18 14 14 26 37 26 19 40 19 3 3 100
ccahill5 18 40 18 26 26 19 19 3 3 100
btournat 18 34 34 18 18 7 7 10 10 18 40 18 26 26 19 19 3 3 18 18 18 100
akeller5 18 40 18 18 26 26 19 19 3 3 100
adaniele 18 39 18 18 18 18 26 26 19 19 3 3 100
aclark13 18 40 18 7 7 10 10 18 40 18 24 24 18 40 18 24 24 26 26 19 19 3 3 18 40 18 26 26 19 19 3 40 3 18 18 100
aboyd2 18 100
wmckee 34 34 7 7 10 36 10 18 40 18 14 14 100
wfine 18 40 18 18 14 14 26 26 19 36 19 3 3 14 14 100
srodawig 18 18 100
slee51 18 18 100
rmcgove1 18 14 14 19 19 33 33 100
pwasuwan 18 34 40 34 7 7 10 10 18 40 18 18 100
ojazbuti 34 34 7 7 10 36 10 18 18 18 18 18 100
nskora 18 40 18 26 26 19 19 18 18 100
nmarti12 18 40 18 26 26 19 19 3 3 100
nhelm 18 40 18 26 26 19 19 3 3 100
nbest1 7 37 7 18 40 18 18 18 100
mpaulran 18 7 7 34 34 10 10 18 40 18 18 26 26 19 19 3 3 100
mmurph50 18 18 18 14 14 26 40 26 19 38 19 100
kheldt 18 40 18 26 26 19 19 3 3 14 40 14 100
jspence6 18 3 3 18 18 14 14 26 26 100
jminor1 18 18 14 14 19 19 3 36 3 100
jguerra3 18 7 7 18 40 18 18 100
jesposi2 18 40 18 18 26 26 19 19 3 3 100
igese 18 18 18 18 18 100
hsun2 18 18 100
emangels 18 40 18 18 26 26 19 19 3 36 3 100
eleahy1 18 37 18 18 14 14 19 19 26 36 26 100
ehiestan 18 40 18 3 3 26 40 26 19 19 14 39 14 100
ebrady7 18 40 18 3 3 26 36 26 19 19 100
dkolkebe 18 34 34 7 7 10 10 18 36 18 18 18 18 26 26 19 19 3 3 100
clewis13 18 14 14 19 19 26 26 100
chanzel 18 34 34 7 40 7 10 10 18 40 18 26 26 19 19 100
cbowden 18 40 18 18 26 26 19 19 100
cbartlet 18 40 18 18 26 26 19 19 3 3 14 14 100
bsoaresd 18 18 18 100
bknarr 18 18 3 3 18 18 100
bdages 18 40 18 18 26 26 19 19 3 39 3 14 37 14 100
atreacy 18 18 18 18 100
asood1 18 100
alehanka 18 40 18 14 14 26 26 19 19 3 3 100
vzona 18 100
vdavis1 7 7 18 40 18 26 26 19 19 3 3 100
tmcguir2 18 40 18 18 26 26 18 40 18 18 19 19 19 19 3 3 3 3 100
tlynch3 18 40 18 26 26 19 19 3 3 100
rsabnani 18 40 18 18 26 26 19 19 3 3 100
rkenyon 18 40 18 26 26 19 19 3 3 14 14 18 39 18 18 100
rhughes8 18 40 18 32 32 100
mzachlin 18 40 18 26 26 19 19 3 3 100
mriss 18 40 18 26 26 14 14 19 19 3 3 100
moconn20 18 40 18 18 26 26 19 19 3 3 100
mmaron 18 40 18 26 26 19 19 3 3 14 14 24 24 100
mhepbur1 18 40 18 18 14 14 18 18 7 7 18 40 18 18 3 3 3 3 19 19 19 19 26 36 26 26 26 18 40 18 100
mgreene3 18 18 7 7 10 10 18 40 18 3 3 14 36 14 18 40 18 100
kmcfarl1 18 100
jyu7 18 40 18 18 14 14 26 26 19 19 3 3 100
jrombals 18 40 18 18 18 24 24 26 26 19 19 3 3 100
icorreia 18 40 18 14 14 18 40 18 26 26 19 19 3 3 100
gklaus 18 40 18 18 26 26 14 14 19 19 3 3 100
eromero3 18 40 18 26 26 19 19 3 3 18 40 18 100
eeschwei 18 24 24 32 32 23 23 33 33 18 40 18 18 18 18 100
ebabcoc1 18 100
dyefreme 18 18 7 7 10 10 18 40 18 18 18 100
dpark5 18 40 18 18 26 26 3 3 100
dobrie13 18 18 18 18 18 26 26 19 19 3 3 14 14 100
dkenned7 18 40 18 14 14 100
crodri12 18 40 18 14 14 18 40 18 26 26 19 19 3 3 18 40 18 100
coakley2 18 40 18 26 26 19 19 3 3 100
cgreeley 18 34 34 18 37 18 7 7 18 36 18 10 10 18 40 18 18 100
cgehan 7 7 18 40 18 18 100
cdulal 18 14 14 18 40 18 14 14 18 39 18 18 18 26 36 26 19 19 100
