dtorgers 18 18 18 19 19 18 40 18 18 18 18 18 18 18 18 18 18 18 18 18 18 18 18 18 18 18 18 18 18 18 18 18 18 18 
cdavin1 18 
alebron1 18 18 18 18 18 18 18 18 18 18 18 14 14 6 6 6 6 24 24 18 39 18 18 18 18 18 
ccooper8 18 18 18 18 18 14 14 
nweindel 18 18 18 18 18 24 24 18 39 18 18 2 2 18 18 18 18 18 18 18 18 18 18 18 18 14 14 18 18 24 24 18 39 18 24 24 3 3 5 5 18 40 18 18 18 18 18 18 18 18 18 18 18 18 18 
ntownsen 18 18 18 18 18 18 18 18 18 18 18 3 3 18 40 18 18 10 10 2 2 18 37 18 18 18 18 18 18 18 18 18 18 14 14 
jberg2 18 18 18 18 18 18 18 18 18 18 18 18 18 14 14 18 18 18 3 3 18 40 18 18 18 18 18 18 18 18 18 18 18 14 14 
fhita 18 18 18 18 18 18 18 24 24 18 38 18 18 18 18 18 18 10 10 18 40 18 18 18 18 18 
mmcfarli 18 18 18 18 18 24 24 18 40 18 18 18 18 18 18 18 18 18 18 18 18 18 18 18 18 24 24 10 10 2 36 2 18 39 18 18 18 18 18 18 18 18 18 18 18 18 18 18 18 18 14 14 
mlengwin 18 4 4 21 21 33 33 21 38 21 24 38 24 23 23 26 26 16 16 18 40 18 18 18 18 18 14 14 
kwurl 18 18 24 24 10 10 18 40 18 18 18 18 10 10 18 18 24 24 2 2 18 40 18 18 14 14 3 3 24 24 19 19 18 40 18 18 18 18 18 18 14 14 
ccampb20 18 40 18 18 18 18 24 24 14 14 18 40 18 14 14 
pbrown10 18 18 18 18 14 14 18 18 
rdiejoma 18 18 18 18 18 2 2 10 10 24 24 18 37 18 14 14 18 40 18 18 18 18 14 14 
drogers1 18 18 18 18 18 18 2 2 24 24 18 18 18 10 10 18 40 18 18 18 18 18 5 5 18 40 18 18 18 18 14 14 
cdelpila 18 18 14 14 18 18 18 18 18 18 14 14 
cbolivar 18 18 18 18 18 18 18 18 24 24 18 40 18 18 14 14 18 18 
muhlenbr 18 14 14 18 18 
msmith75 18 40 18 
pmcguir2 18 14 14 18 37 18 5 5 18 18 18 18 18 18 3 3 18 40 18 18 
jstaten 18 14 14 
mgirod 18 18 18 18 18 18 18 14 14 
zgartenh 18 
alabella 18 18 18 18 18 14 14 
bferrer1 18 18 5 5 18 18 3 3 18 40 18 18 24 24 18 40 18 18 18 18 
pcataldi 18 37 18 18 18 18 18 18 18 18 18 18 18 18 6 6 6 6 
aohri 18 6 6 18 38 18 18 6 6 
pklekamp 18 40 18 18 18 18 18 24 24 18 18 18 6 6 6 36 6 18 40 18 18 
amccar10 18 18 18 18 18 18 18 18 18 18 14 14 18 18 3 3 24 24 18 40 18 18 18 18 18 5 5 18 40 18 18 18 18 18 
nwamble 18 18 18 18 6 6 6 6 
wwu5 18 38 18 18 18 18 18 18 18 18 18 18 18 18 18 18 18 14 14 
wsuter2 18 18 18 18 18 2 2 10 10 24 24 18 40 18 18 18 18 18 18 18 18 18 18 14 14 
thowe1 18 18 2 39 2 10 10 18 38 18 18 18 18 18 18 18 14 14 18 40 18 3 3 5 5 
mmian 18 40 18 18 18 18 24 24 18 18 14 14 18 18 
jhouge 18 18 18 18 18 18 6 6 18 39 18 6 6 
slemaign 18 40 18 18 
ldamoose 18 18 18 18 18 14 14 
sburnbau 18 18 18 18 18 18 18 
nwarren 18 18 18 18 18 24 24 18 36 18 2 2 10 36 10 18 18 18 18 18 18 18 18 18 24 24 14 14 
bconnol3 18 18 18 18 18 24 24 18 18 2 2 10 10 18 18 18 18 18 18 24 24 18 18 18 14 14 18 40 18 18 18 18 14 14 18 18 
rheitkam 18 14 14 
jmullike 18 40 18 18 24 24 6 6 
chickey3 18 24 24 18 40 18 18 18 2 2 18 18 10 10 18 40 18 18 18 18 18 18 18 18 18 18 18 18 18 18 14 14 18 18 
athoma24 18 18 18 18 18 18 24 24 2 2 10 37 10 18 37 18 18 18 18 18 18 18 18 18 14 36 14 
rgensler 18 36 18 14 14 
kthornt4 18 24 39 24 
pvlandis 18 18 18 18 14 14 
mmizraji 18 18 18 14 14 
zpavlin 18 40 18 
ydeng3 18 33 33 21 21 18 18 18 18 
kfox8 18 18 18 18 18 18 18 18 24 24 2 2 18 40 18 18 18 24 24 18 40 18 18 18 18 18 18 18 18 14 14 
lsulli11 18 
jgorman6 18 18 14 14 
enunez 18 10 10 2 2 18 40 18 18 18 18 18 18 14 14 18 18 5 5 3 3 18 36 18 18 18 18 18 18 18 18 18 14 14 
jdirksen 18 39 18 18 6 6 6 6 14 14 18 18 
whornby 6 6 18 18 18 6 6 18 40 18 
jwade5 18 18 3 3 18 40 18 18 6 6 6 6 18 18 18 18 18 18 14 14 
mblatt1 18 36 18 
jowusuko 18 6 6 6 6 24 38 24 18 18 6 6 18 39 18 24 24 18 40 18 
mmang 18 18 18 18 24 24 18 39 18 18 18 18 18 18 18 14 14 18 18 18 18 18 
waberger 18 40 18 18 18 18 14 14 
llombar2 18 36 18 14 14 18 40 18 
gkaiser 18 18 5 5 24 24 18 40 18 18 18 18 18 18 18 18 18 
koconn27 18 18 3 3 5 5 24 24 18 18 18 18 18 18 18 14 14 
aweishan 18 40 18 
mcaskey 18 18 18 18 18 18 18 18 24 24 18 40 18 18 10 10 18 37 18 18 2 2 18 40 18 18 5 5 18 39 18 18 18 18 18 18 
jguarino 18 18 18 18 18 18 
cseymou2 18 18 18 2 2 18 18 24 24 10 10 18 40 18 18 18 18 18 18 18 14 14 
dplagenz 18 40 18 5 5 3 37 3 24 36 24 3 36 3 18 39 18 14 14 
csasso 18 18 14 14 
amccar11 18 18 5 5 3 3 24 24 18 40 18 18 18 18 19 19 18 40 18 18 18 24 24 6 6 6 39 6 18 18 
yshi6 18 21 21 4 4 
jwinebre 18 40 18 18 18 
sgalbens 18 18 5 5 3 3 18 40 18 18 18 18 18 18 
jlazzara 18 40 18 18 18 18 18 18 14 14 18 18 18 18 18 24 24 
vruesch 18 18 18 18 18 18 2 2 10 10 18 40 18 25 25 18 40 18 18 10 10 24 24 18 18 5 5 18 18 5 5 18 40 18 14 14 3 3 18 18 
nniere 18 40 18 
ghong 18 18 18 18 24 24 2 2 10 10 5 5 3 3 18 39 18 18 18 18 2 2 10 10 24 24 18 40 18 18 18 18 5 5 14 14 3 3 18 37 18 
bhogan1 6 6 
wdu 18 40 18 18 18 12 12 27 36 27 28 28 18 40 18 
tmercier 18 40 18 18 14 14 18 18 
esunshi1 18 18 18 18 18 18 2 2 24 24 18 39 18 18 18 18 18 18 18 18 18 18 18 18 18 18 18 24 24 18 40 18 14 14 
eevans9 18 
bkenney1 18 18 18 2 2 18 40 18 18 24 24 18 40 18 18 3 3 18 36 18 5 5 14 14 18 40 18 14 14 
cdieckma 18 
mcoggins 18 18 18 18 
lblitzer 18 18 18 5 39 5 18 40 18 18 18 18 18 18 18 18 18 18 18 18 18 18 14 14 18 18 3 3 18 40 18 18 6 6 6 6 18 40 18 6 40 6 18 40 18 18 18 18 18 18 6 6 6 6 18 39 18 4 4 18 40 18 18 18 18 18 18 18 18 18 14 14 
jdelledo 18 18 18 18 24 24 10 10 18 40 18 18 18 18 18 24 24 2 2 18 40 18 24 24 18 40 18 18 14 14 
mfreedlu 18 18 18 18 2 2 24 24 10 10 18 40 18 18 18 18 18 3 3 24 24 18 40 18 14 14 18 18 
tprice4 18 6 6 6 6 
eralph 18 18 18 18 18 18 18 14 14 
bhalliga 18 18 18 18 18 18 18 6 6 18 40 18 18 18 
sroennec 18 
jmurph32 18 18 18 
cfrentze 18 18 24 24 18 40 18 2 2 10 10 24 24 18 40 18 2 2 10 10 24 24 18 37 18 18 18 3 3 24 24 18 40 18 18 18 18 18 18 18 18 
mnewcome 18 
jsitarsk 18 40 18 18 18 14 14 
tpreko 18 18 18 18 18 18 24 24 2 2 18 37 18 18 18 2 2 18 40 18 18 18 18 18 10 10 18 40 18 18 14 14 18 40 18 18 
mtreacy 18 18 18 18 24 24 2 2 10 10 18 40 18 18 18 18 18 14 14 18 18 18 5 5 3 36 3 18 40 18 18 18 18 14 14 18 18 
ccampb21 18 18 18 18 18 18 2 38 2 18 40 18 18 18 18 18 18 18 18 18 14 14 18 18 18 3 3 
rrivera8 18 12 12 18 40 18 10 10 24 24 2 2 18 38 18 18 18 18 18 18 14 14 
rblack4 18 18 
jwelsch 18 18 18 18 18 14 14 
jgately1 18 18 2 2 10 10 18 40 18 2 2 24 24 18 40 18 18 18 3 38 3 18 40 18 14 14 18 18 
gdean 18 14 14 18 39 18 
ewigutow 18 40 18 2 2 18 40 18 18 18 18 18 18 
dgibbon2 18 18 18 
cmorton2 18 36 18 5 5 18 40 18 18 18 14 14 
mrooney6 18 14 14 24 24 18 40 18 18 14 14 18 18 6 6 24 24 6 6 18 40 18 
mmoran12 18 14 14 18 18 
jwalte10 18 18 18 18 18 2 2 10 10 24 24 18 40 18 18 18 18 18 14 14 18 36 18 18 18 18 14 14 
jcarney6 18 18 14 14 18 39 18 
pmeyer3 18 18 24 24 18 40 18 24 24 10 10 2 39 2 18 40 18 18 18 14 14 
icallaha 18 18 18 18 18 24 36 24 10 10 2 36 2 18 39 18 18 18 18 18 18 18 18 18 18 14 14 5 5 24 24 18 40 18 14 14 
dtoth1 18 40 18 
kkostola 18 24 24 18 40 18 18 18 14 14 
dlee26 18 24 24 18 18 18 18 18 
yying 18 6 6 18 18 6 6 
swagy 18 40 18 
rroque1 18 37 18 5 5 18 40 18 
kdantoni 18 40 18 18 14 14 
wmohler 18 18 18 18 18 18 2 2 10 10 18 18 24 24 18 40 18 18 14 14 18 18 
lklein1 18 18 
jbecker9 18 14 14 6 6 6 6 18 39 18 
hrague 18 18 18 18 18 2 2 10 10 24 24 18 36 18 18 18 18 18 24 24 14 14 
cott 18 18 2 2 10 10 18 18 24 24 18 38 18 18 18 18 14 14 18 18 18 
mholzbau 18 18 18 2 2 18 18 24 24 18 36 18 18 29 29 19 19 14 14 
mhawkin3 18 18 6 6 
lharmon 18 18 18 18 18 14 14 18 18 
elazzaro 18 6 6 6 6 18 40 18 18 
tburley 18 18 18 18 6 6 6 6 24 24 18 40 18 18 
shenn 18 5 5 24 24 3 3 18 40 18 18 
jgomez5 18 40 18 18 14 14 18 18 18 18 18 
jfries3 18 39 18 18 18 14 14 
bniemoel 18 40 18 18 18 14 14 
kriordan 18 18 10 10 18 40 18 10 10 18 18 18 18 18 18 18 18 18 18 18 3 3 5 5 14 14 18 37 18 18 18 18 18 18 18 18 14 14 
jmurph33 18 40 18 18 24 24 18 40 18 14 14 
dcorr1 18 6 6 6 37 6 
cemenalo 18 40 18 5 5 18 40 18 24 24 18 18 
yjung2 18 18 2 2 24 24 18 40 18 24 24 18 36 18 18 10 10 2 2 18 36 18 18 18 18 18 18 18 18 18 14 14 
rpappas 18 2 2 10 10 24 24 18 18 18 18 18 18 18 14 14 
mmerric1 18 18 18 24 24 18 38 18 18 2 2 18 18 18 18 18 3 36 3 
mdosch 18 6 6 6 6 24 24 18 18 18 18 
jbettag 18 18 18 5 5 3 3 18 39 18 18 18 22 22 24 24 18 40 18 18 18 18 18 6 6 6 36 6 4 37 4 21 21 33 36 33 18 36 18 29 29 22 22 9 9 18 40 18 18 26 26 16 16 23 23 18 40 18 29 29 19 19 18 40 18 
jbernin1 18 18 18 18 18 18 18 18 18 18 14 14 
gbruenin 18 18 
ddallava 18 
cgamboa 18 6 6 18 40 18 6 36 6 24 24 
nquartir 18 18 14 14 
lfaubion 18 18 
cwilso24 18 40 18 14 14 18 18 
aursino1 18 18 18 18 18 5 5 18 40 18 18 
msummer2 18 18 18 18 18 18 21 21 18 40 18 
kramm 18 14 14 
jchapple 18 40 18 24 24 14 14 18 18 
jbonds 18 40 18 
dbirzer 14 14 
cfish 18 
nholmes1 18 40 18 18 24 24 21 21 14 14 18 18 
ngiovino 18 36 18 18 
eherber1 18 18 24 24 14 14 
cgallag3 18 40 18 
tzheng2 18 14 14 18 18 
mgerber 18 
jcolli23 18 14 14 
awalton3 18 40 18 
vwhitmor 18 2 2 10 10 24 24 18 18 18 18 18 18 18 18 2 36 2 24 37 24 18 40 18 18 18 14 39 14 18 18 
rpellica 18 40 18 
rmyers9 18 18 18 2 2 10 36 10 18 40 18 18 10 10 24 24 18 40 18 18 18 14 14 
mdillon7 18 18 
jdoerer 18 18 18 18 18 18 18 18 
gbiltz 18 18 18 18 18 18 18 18 18 18 14 14 18 40 18 18 18 18 18 18 14 14 
aheck1 18 
ucooper 18 40 18 14 14 
rschill1 18 18 18 10 10 18 40 18 18 2 2 18 40 18 18 7 7 18 36 18 18 18 18 18 3 3 
mschlic1 18 40 18 6 6 18 40 18 18 
mperry6 18 3 3 5 5 18 40 18 6 6 6 6 14 14 
jfenton1 18 18 18 2 2 10 10 24 24 3 3 18 37 18 18 18 18 18 14 14 5 5 18 40 18 18 
csauder 18 6 6 6 40 6 18 38 18 14 14 18 18 
alowney 18 18 18 24 24 18 40 18 18 18 2 2 18 18 18 18 14 14 18 18 5 5 3 3 
zkagalw1 18 40 18 18 18 18 18 18 18 18 14 14 18 18 
swilkin4 18 2 2 24 37 24 18 40 18 18 18 18 18 18 24 24 18 18 18 18 14 14 
imarx 18 6 6 6 39 6 18 40 18 18 6 6 
cschmid7 18 18 2 2 10 10 18 40 18 18 14 14 5 5 3 3 
awang4 18 
abenavi3 18 18 18 18 18 18 18 18 18 18 18 2 2 24 24 18 40 18 18 18 18 18 14 14 
sweyhmil 18 18 18 18 18 18 5 5 3 3 18 40 18 18 18 18 14 14 
sgenz 18 18 24 24 18 40 18 18 2 2 18 18 18 18 18 5 5 3 3 24 24 14 14 18 18 
mwu4 18 18 18 18 14 14 18 40 18 
jleporte 18 14 14 18 18 
adichris 18 24 24 10 10 2 36 2 18 40 18 18 14 14 18 18 3 3 18 40 18 18 18 5 5 24 24 18 37 18 5 5 24 24 3 3 18 40 18 18 14 14 
scrotty1 18 18 18 18 18 14 14 
pfarring 18 18 18 24 24 18 40 18 18 2 2 10 10 18 18 18 18 
pdesousa 18 18 18 18 10 10 2 39 2 18 40 18 18 14 14 5 5 3 3 24 24 18 40 18 18 
mkuehl 18 18 18 18 14 14 
lfitter 18 14 14 18 18 5 5 3 36 3 18 40 18 18 
kenriett 18 18 18 18 18 18 2 36 2 18 40 18 10 10 18 40 18 18 18 14 14 5 5 3 3 24 24 18 40 18 18 18 14 14 24 24 
jruan 18 
hzahour 18 6 6 18 40 18 24 24 
emostyn 18 40 18 24 24 18 40 18 18 24 24 
edohert1 18 18 18 14 14 6 6 24 24 18 40 18 
amellert 18 
aandrade 18 18 18 18 18 18 2 2 10 10 18 37 18 18 18 14 14 5 5 3 3 
tdann 18 40 18 18 18 18 14 14 
sielusic 18 40 18 14 14 6 6 18 40 18 14 14 6 6 
mlicursi 18 18 14 14 
mdrake2 18 40 18 18 18 18 18 18 24 24 18 18 18 
lhe3 18 38 18 
inegroro 18 18 18 18 2 2 18 40 18 18 18 18 18 14 14 
afonash 18 18 18 18 18 24 24 18 40 18 14 14 
obarnard 18 18 18 18 18 
nbenz 18 40 18 14 14 
lhuang3 18 18 2 2 10 10 18 40 18 14 14 5 5 3 3 
jwessele 18 40 18 18 
jmastron 18 24 24 6 6 6 6 18 40 18 18 
dmarino 18 18 2 2 10 10 24 24 18 40 18 18 18 18 5 5 3 3 18 18 24 24 18 40 18 18 14 14 
cpickfor 18 40 18 18 6 6 
obaitlot 18 40 18 
kmollenk 18 40 18 18 18 24 24 18 40 18 6 6 6 6 18 18 14 14 
ccarlso2 18 18 
bmoreno1 18 18 6 6 6 6 
smanriqu 18 18 18 18 2 2 18 18 24 24 10 10 18 40 18 18 18 24 24 18 40 18 14 14 18 18 
mmillado 18 18 18 2 2 10 10 18 18 18 18 18 18 18 18 18 18 18 18 18 18 18 18 18 18 14 14 
mferrel2 18 18 18 18 18 18 18 18 18 18 18 3 3 5 5 18 40 18 18 14 14 18 18 18 18 14 14 
ldougla3 18 18 18 14 14 
jmcconn1 18 18 18 18 18 18 10 40 10 18 40 18 2 2 18 40 18 18 18 18 14 14 
ecahill 18 24 24 18 40 18 18 18 6 6 18 40 18 6 6 18 40 18 14 14 
dshaw4 18 18 18 18 18 18 18 18 18 18 18 24 24 2 2 18 18 18 18 18 18 18 18 24 24 3 3 14 36 14 
alucche1 18 18 18 24 24 18 38 18 10 10 18 18 18 18 18 18 18 2 39 2 18 18 18 18 18 24 24 18 40 18 18 14 14 
odonnel1 18 18 24 24 18 18 2 2 10 10 18 40 18 18 18 18 18 18 3 3 14 14 18 18 
mpirko 18 40 18 18 14 14 18 40 18 18 24 24 14 14 
mlyden1 18 18 18 18 18 18 18 14 14 24 24 18 18 18 6 36 6 6 6 
mdekold 18 
eschnaut 18 18 2 2 10 36 10 18 40 18 18 18 18 18 14 14 18 18 
esalina1 4 4 
adiederi 18 40 18 18 14 14 
sholtz1 18 40 18 
sdann 18 40 18 18 24 24 18 39 18 6 6 6 6 
pkolek 18 18 18 18 18 
nhaymond 18 40 18 18 18 18 
kmuha 18 18 18 18 24 24 2 2 10 10 18 18 18 18 18 18 14 14 
kfeehan 18 18 
kalme 18 18 18 18 14 14 
ivaldess 18 2 2 10 10 18 18 24 24 18 38 18 18 18 18 5 5 14 14 
esmith30 18 40 18 5 5 18 36 18 18 18 18 
ctoudouz 18 18 18 3 3 5 5 24 24 18 39 18 18 18 18 18 18 18 24 24 
sreddy4 18 18 18 24 24 18 40 18 6 6 6 6 14 39 14 18 18 18 18 
rboylan 18 40 18 14 14 18 18 
ncheng 18 18 18 10 10 24 24 2 2 18 40 18 18 2 2 10 10 18 40 18 18 24 24 18 40 18 18 18 18 14 14 5 5 3 3 
jzelinsk 18 14 14 18 18 18 18 
jcuji 18 14 14 18 18 
gworthin 18 36 18 14 14 
dfabrega 18 
angov 18 
adunniga 18 14 14 18 18 
skolda 18 18 18 14 14 18 18 
scrippes 18 40 18 18 14 14 
mschutze 18 18 18 18 18 24 24 2 2 10 10 18 40 18 24 24 3 3 18 37 18 18 18 18 2 2 10 10 24 24 18 40 18 14 14 
mpavloff 18 2 2 10 10 24 24 18 40 18 18 18 18 18 18 18 18 18 14 14 5 5 
lnixon1 18 18 
kmurray7 18 40 18 
jshard 18 14 14 18 18 24 24 18 18 5 5 18 39 18 18 18 
hthomps4 18 40 18 18 14 14 
ewood1 18 37 18 18 18 6 6 6 6 18 18 14 14 
estrouse 18 40 18 14 14 
sekanay1 18 24 24 18 40 18 2 2 10 10 24 24 18 40 18 14 14 3 3 18 18 
odegnim 18 40 18 18 18 18 18 18 
kcox5 18 40 18 18 14 14 
kborotho 14 14 18 18 18 18 24 24 4 4 18 40 18 
jbertram 18 40 18 
hbyrne 18 18 2 2 10 10 24 24 18 18 18 18 14 14 18 40 18 14 14 
ggulyas 18 40 18 
ekeuler 18 5 5 3 3 18 40 18 18 18 18 
egeyer1 18 18 18 18 24 24 10 10 2 2 18 38 18 18 18 18 14 14 5 5 3 3 
dlong2 18 40 18 
bpierpoi 18 18 6 6 6 36 6 
apavelka 18 40 18 18 18 18 14 14 18 18 
rbartle1 18 40 18 18 18 18 18 14 14 
nyusko1 18 18 18 18 
motten1 18 18 18 14 14 
molsen3 18 6 6 6 6 18 18 24 38 24 18 40 18 18 18 
mdambros 18 18 18 2 2 18 18 10 10 18 18 18 18 18 3 3 14 14 
kmountf1 18 14 14 
jeversol 18 18 24 24 2 36 2 18 40 18 14 14 
etorrent 18 
ereynol5 18 14 14 18 18 18 
epark5 18 
dpatel2 18 18 14 14 
cmoreno5 18 18 18 10 10 2 2 24 24 18 40 18 24 24 18 40 18 18 18 24 24 18 40 18 14 14 
bgawel 18 24 24 14 14 18 18 18 5 5 3 36 3 18 40 18 18 14 14 
bconlon 18 40 18 18 24 24 14 14 
apanousi 18 40 18 18 18 18 18 18 
tngochi 24 24 
tdasso 18 24 24 2 2 18 40 18 14 14 
rwittmer 18 14 14 18 18 18 
rvazza 18 2 2 10 10 18 40 18 18 18 2 2 18 40 18 18 18 18 5 40 5 3 3 
nhong 18 40 18 
mrohling 18 
dsmith53 18 18 
cdowicz 18 18 
bnakfoor 18 18 24 24 10 10 18 18 2 2 18 40 18 18 18 14 14 
akhemani 18 5 5 18 38 18 14 14 
ahughes8 18 36 18 6 6 18 18 18 18 14 14 
tperey 18 18 
pbetz 18 
mmccor15 18 37 18 
mgray10 6 6 6 6 
mfraizer 18 18 
lherna11 18 18 18 5 5 3 3 18 40 18 18 14 14 
jmolumph 18 18 18 18 2 2 10 10 18 18 24 24 18 40 18 18 18 14 14 18 18 
hzweberl 18 18 2 2 18 18 24 24 10 10 18 40 18 24 24 18 40 18 24 24 14 39 14 
dserafin 18 18 18 18 18 24 24 2 2 18 40 18 24 24 18 18 14 14 
bpowell4 18 
mdownin1 18 18 24 24 2 36 2 18 40 18 18 18 24 24 18 40 18 18 14 14 
lduggan 18 40 18 
kmclaug3 18 2 2 18 18 18 10 10 18 40 18 18 14 14 18 18 18 5 5 18 40 18 18 3 3 18 36 18 18 18 18 18 18 
kbulleit 18 18 18 18 24 24 18 40 18 18 2 2 18 37 18 18 24 24 14 14 
jplas 18 18 18 18 18 
jbrown36 18 18 18 6 6 18 40 18 14 14 18 18 18 
dkim30 18 18 18 18 6 6 6 6 
cpantin 14 14 
cmyers11 18 18 24 24 14 14 18 18 
amora2 18 24 24 18 39 18 18 18 6 39 6 
adrisco2 18 18 14 14 18 18 6 6 24 24 6 6 18 40 18 
xtsai 18 37 18 
kmurph44 18 40 18 18 18 24 24 
ibushue 18 14 14 18 18 24 24 6 6 18 40 18 6 6 18 40 18 18 
enichol4 18 40 18 29 29 18 40 18 18 29 29 18 40 18 5 5 18 38 18 18 18 18 29 29 
egroth 18 18 18 24 24 18 40 18 18 2 2 10 36 10 18 36 18 18 18 18 18 18 24 40 24 14 14 
aheinzma 18 18 18 18 18 18 14 14 
adecker1 18 40 18 
aameen 18 18 
zwall 18 18 18 18 2 2 10 10 18 40 18 18 
smonaha1 18 14 14 
sdeschne 18 39 18 14 14 
mowen 18 18 24 24 2 2 18 39 18 10 10 18 40 18 18 18 18 18 18 18 18 14 14 18 18 
lwatts1 18 18 18 18 10 10 18 18 24 24 2 2 18 40 18 18 14 14 
krochefo 18 18 18 18 18 18 2 2 18 18 18 18 18 18 18 
gniforat 18 18 5 5 18 36 18 18 18 18 18 18 18 18 14 14 18 18 
evandier 18 24 24 18 18 18 5 5 18 40 18 18 18 14 14 18 40 18 18 3 3 5 5 24 24 5 37 5 24 37 24 6 6 6 36 6 18 37 18 18 18 
eclapp 18 18 18 18 
awaldsch 18 18 14 14 
adevito1 18 18 18 18 18 2 2 10 10 18 40 18 18 18 18 18 18 18 18 18 18 14 14 
tsilva1 18 40 18 5 5 18 36 18 18 4 4 21 21 33 33 
oivan 18 5 5 18 40 18 3 3 24 39 24 18 40 18 
mmarti45 18 40 18 24 24 6 6 18 40 18 6 6 18 18 18 
mjorden 18 
ldorenko 18 14 14 
ktracey 18 14 14 
krothmey 18 3 3 18 40 18 18 14 14 6 6 6 6 
kbiladea 18 18 18 18 14 14 18 18 
jweas 18 18 18 18 14 14 18 18 
jgoldsch 18 14 14 
jdraves 18 18 18 18 14 14 
gotte1 18 18 18 18 
etruesda 18 10 10 2 2 18 40 18 18 18 14 14 18 18 18 5 5 3 3 24 24 14 14 6 6 6 6 18 40 18 18 18 4 4 21 21 33 33 18 40 18 18 18 18 14 14 
emeara 18 40 18 6 6 6 36 6 
cnilsen 18 40 18 18 24 24 14 14 
bmurph24 18 40 18 18 14 14 
azammit 18 
arabbitt 18 40 18 
wcheong 18 40 18 14 14 18 40 18 14 14 
kmoran11 18 18 18 
kgalla21 18 18 18 2 2 24 24 18 40 18 18 18 14 14 18 36 18 
kgalla20 18 40 18 
kfranz1 18 18 18 2 2 10 10 24 24 18 40 18 24 37 24 18 40 18 18 6 6 18 40 18 18 18 14 14 
jsutton3 18 40 18 14 14 
jhegart2 18 18 6 6 6 6 
japplew1 18 18 
imurrer 18 18 24 24 18 18 18 18 
fschemel 18 18 18 18 18 18 18 24 24 18 40 18 18 24 24 2 37 2 18 40 18 18 18 18 5 5 14 14 
fprimozi 18 
elinares 18 18 18 18 18 18 24 24 18 18 2 2 2 2 10 10 18 40 18 18 18 18 14 37 14 
cmulshin 18 36 18 14 14 18 18 
cmagnuss 18 18 18 18 18 18 2 2 18 36 18 18 18 18 3 3 18 18 14 14 
ccleary1 6 6 
abohling 18 18 18 18 
mscanish 18 18 18 10 10 24 24 2 36 2 18 40 18 18 18 18 18 14 14 
mkirven 18 29 29 18 40 18 29 29 
lgrabows 18 18 18 14 14 
lcaffar1 18 40 18 
kliang2 18 18 18 2 2 14 14 18 18 10 10 18 40 18 2 2 18 40 18 18 18 14 14 
jnowak4 18 40 18 18 18 18 18 18 18 18 18 24 24 6 6 4 4 33 33 6 6 21 21 
hcheng1 18 40 18 14 14 
bmerrick 18 39 18 
bgagnon 18 23 23 26 26 16 16 18 40 18 18 26 26 18 37 18 18 
tmansell 18 14 14 18 18 5 5 24 24 18 40 18 24 24 
rrocco 18 18 24 24 2 2 18 18 18 18 2 2 18 40 18 18 18 14 14 
rpuno 18 18 18 18 24 24 18 18 2 2 18 40 18 18 18 18 18 5 5 14 14 
lyan4 18 40 18 18 18 24 24 18 40 18 18 18 14 14 
kpresteg 18 39 18 6 6 18 40 18 
jbaines 18 40 18 14 14 
blemay 18 18 18 24 24 18 18 18 18 10 10 2 2 18 40 18 18 18 18 3 40 3 24 36 24 5 5 18 40 18 18 6 6 18 39 18 24 24 14 14 18 36 18 
aromano2 18 18 24 24 18 38 18 24 24 
alongsta 18 40 18 18 18 18 14 14 
szachari 18 39 18 14 14 
spalumb1 18 18 18 2 2 10 10 24 24 18 40 18 18 24 24 18 40 18 14 14 
pcamara 18 18 
operez2 18 18 2 2 10 10 18 18 24 24 18 39 18 18 18 18 18 18 18 24 24 3 3 5 5 14 38 14 
nvincent 18 40 18 18 18 18 18 14 14 18 18 
lgelin 18 37 18 6 6 
ldomenel 18 
jpaul2 18 18 6 6 18 40 18 21 21 18 40 18 18 14 14 18 18 26 26 16 16 23 23 18 40 18 24 24 22 39 22 18 40 18 18 29 29 18 18 18 
ischmitz 18 18 2 2 10 10 18 39 18 18 18 18 18 18 14 14 
egorman5 18 18 18 18 18 24 24 2 36 2 18 40 18 24 24 14 14 18 18 
eeagle 18 18 
dallen13 18 40 18 18 18 18 18 18 18 14 40 14 
cdenzel 18 14 14 
asowell 18 18 3 36 3 18 40 18 14 14 18 18 18 
yzou2 18 6 6 18 18 18 6 6 18 40 18 
speter14 18 18 18 18 14 14 6 6 6 6 24 24 
pmcmonag 18 18 2 2 10 10 24 24 18 18 18 18 18 18 14 14 18 18 
kpaulsen 18 18 18 18 18 18 
kjacoby1 18 40 18 18 14 14 
jruane 18 18 18 18 24 24 2 2 10 37 10 18 18 18 14 14 18 18 
jdodig 18 6 6 18 40 18 6 6 18 40 18 18 14 14 
gcramer1 18 18 14 14 5 5 18 40 18 18 
everhey 18 18 18 
esoller 18 40 18 
egorman6 6 6 18 40 18 14 14 
ckotseos 18 18 18 14 14 
cganley 18 18 14 14 
bfraser 18 24 24 18 18 18 18 18 18 18 2 2 18 40 18 18 24 24 5 5 18 40 18 18 18 18 24 24 14 14 18 18 
asweet 18 18 6 6 
apaik 18 40 18 18 18 14 14 
thuber1 18 40 18 14 14 
sincera 18 40 18 18 5 5 24 24 18 36 18 18 18 14 14 
phennes2 18 18 18 18 24 24 18 36 18 2 2 18 40 18 18 3 3 24 24 
msahd 18 18 2 2 10 10 24 36 24 18 40 18 18 18 18 5 5 18 40 18 3 3 14 36 14 
mcabrer1 18 40 18 18 
kkolleck 18 18 18 18 18 24 24 10 10 18 18 2 2 18 18 18 14 14 18 18 18 
jreeg 18 18 18 2 2 18 40 18 18 3 3 14 14 
jgonnard 18 18 18 18 5 5 18 36 18 14 14 18 18 18 14 14 24 24 18 36 18 6 6 18 18 
hsarkey 18 36 18 18 18 14 14 
hholden 18 18 2 2 24 24 10 10 18 37 18 18 18 18 24 24 5 5 18 40 18 14 14 
epil 18 40 18 
awitte 18 40 18 18 18 18 18 18 18 14 14 
trogers6 18 18 5 5 18 40 18 14 14 18 18 
tfross 18 40 18 
taguirre 18 39 18 18 18 14 14 6 6 6 6 
sbindel 18 40 18 18 24 24 6 6 14 14 18 18 18 
rmaqbool 18 5 5 18 36 18 18 18 18 24 24 
kcockrel 18 24 24 18 18 2 2 18 40 18 18 18 18 18 14 14 
jmarino6 18 24 24 18 36 18 10 10 18 18 2 2 18 40 18 24 24 18 18 14 14 18 18 
eguenthe 18 23 23 26 26 16 16 18 18 18 18 
creid4 18 36 18 14 14 
carizama 18 36 18 18 24 24 18 40 18 18 24 24 6 6 18 40 18 18 14 14 
anataraj 18 18 18 24 24 14 14 18 18 18 18 
svukovit 18 38 18 18 14 14 
msteph11 18 40 18 18 5 5 18 40 18 18 
mraster 18 24 24 14 14 
lbognar1 18 40 18 
lbakke 18 18 18 24 24 18 40 18 18 2 2 10 10 24 24 18 40 18 18 18 5 5 18 40 18 18 18 18 14 14 18 18 18 
jzacher 18 18 18 18 18 18 18 18 24 24 2 2 18 39 18 18 18 18 18 14 14 
jheath3 18 
hduan 18 18 18 18 24 24 18 40 18 18 18 18 18 5 5 18 37 18 
gvargas 18 40 18 18 14 14 
erogan 18 40 18 18 14 14 18 36 18 
epuntill 18 3 3 5 5 24 24 18 40 18 18 5 5 14 36 14 18 18 
ebarthel 18 39 18 14 14 
eallgaie 18 6 6 6 36 6 18 40 18 18 
dlipa 18 18 18 24 24 2 2 10 10 18 40 18 18 24 24 14 14 
csmith71 18 40 18 
clucas4 18 40 18 18 18 
clowney1 18 18 18 
bsailer1 18 40 18 18 14 14 
bburger 18 
bbishop2 18 18 18 18 18 10 10 2 2 18 40 18 18 18 14 14 18 18 
alifka 6 6 6 36 6 18 18 6 6 18 40 18 18 14 14 
alee25 18 6 6 18 40 18 18 6 37 6 24 24 18 40 18 6 6 6 6 
ttarkles 18 
tkhong 18 36 18 18 14 14 18 18 6 6 18 18 18 24 24 18 39 18 
sschmit1 18 18 18 18 18 6 6 18 40 18 
rsulli13 18 37 18 
plally 18 40 18 5 36 5 18 40 18 18 18 18 14 14 18 18 
mwhelan3 5 40 5 18 40 18 18 18 18 18 18 18 18 
mmccabe6 18 18 18 18 18 14 14 
mkeller6 18 
mhare1 18 40 18 18 24 24 18 36 18 
mdadamio 18 40 18 18 24 24 18 40 18 6 6 6 6 
khinish 18 23 23 16 16 18 40 18 18 18 18 18 
hschwart 18 6 6 18 39 18 6 6 6 37 6 18 40 18 18 18 14 14 
hparkhil 18 18 10 10 2 2 18 40 18 5 36 5 14 14 3 3 
emcdowel 18 18 2 2 18 40 18 10 10 18 40 18 18 18 18 14 14 18 18 
dnaquin 18 18 18 24 24 18 18 18 18 18 2 2 18 40 18 14 14 18 18 5 5 3 3 18 40 18 18 18 
abenedic 18 18 24 24 18 40 18 2 2 10 36 10 18 37 18 18 14 14 18 18 24 24 5 5 3 3 18 18 
wdefaria 18 3 3 18 40 18 14 14 
tcomer 18 18 18 18 18 2 2 10 10 24 24 18 40 18 18 18 18 14 14 
tcarnes 18 24 24 18 39 18 2 2 18 40 18 18 14 14 18 18 
narmbrus 18 18 6 6 18 40 18 18 6 6 
mritten 18 40 18 18 24 24 18 40 18 14 39 14 18 18 
mdonne10 18 2 37 2 24 24 18 40 18 18 24 24 18 40 18 18 5 5 3 3 24 24 18 40 18 18 18 6 6 6 6 
kperez4 18 40 18 
jsuttman 18 36 18 6 6 6 6 18 18 18 
jgriff12 18 
jables 18 18 18 18 18 24 24 2 2 10 10 18 40 18 18 24 24 14 39 14 
eforbes1 18 18 14 14 
ccorse 18 14 14 
asmith56 18 2 2 18 18 10 10 18 40 18 18 
acook8 18 18 18 18 10 10 2 2 18 18 18 14 14 
abojczuk 14 14 18 18 6 6 
zliang3 18 18 18 18 18 2 2 10 10 18 40 18 14 14 
ychen30 18 18 5 5 24 24 18 18 18 18 18 
tkacius 18 40 18 18 14 14 
szabala 18 40 18 14 14 
swallac3 18 18 18 18 18 24 24 2 2 18 40 18 14 14 
sbattali 18 18 2 2 14 14 18 40 18 18 18 2 2 10 10 3 36 3 5 5 18 40 18 14 14 6 6 6 6 18 18 
ojacobse 18 14 14 
npatidar 18 40 18 18 18 6 6 6 6 14 14 
ngiannot 18 18 18 14 14 
mstebbi1 18 6 6 6 6 18 40 18 18 
mkelley9 18 39 18 
kwhite14 18 18 5 5 3 3 24 24 18 40 18 18 18 18 14 14 
kmchugh6 18 40 18 18 14 14 
kconese 18 18 18 14 14 
jstacho1 18 40 18 18 18 18 
jslaugh2 18 18 24 24 2 36 2 18 18 2 2 18 40 18 18 18 18 18 14 14 
gwilson6 18 18 
gpernico 18 18 6 6 6 37 6 18 40 18 18 
drea 18 40 18 
dkelly13 18 40 18 
cschust4 18 40 18 14 14 
cprince 18 18 18 2 2 24 24 18 18 18 18 18 18 18 18 14 14 18 39 18 18 
bdzubara 18 14 14 
akurz 18 36 18 18 18 18 21 21 24 36 24 18 40 18 18 18 18 29 29 23 23 26 26 16 16 
acrowle1 18 40 18 18 14 14 18 18 
zzovko 6 6 18 40 18 18 
ztulausk 18 
sharri11 18 40 18 18 5 5 3 3 14 14 
mphelan5 18 18 18 18 18 18 14 14 18 18 18 
mkocher2 6 6 6 6 18 40 18 18 
ksteenvo 18 40 18 14 14 18 18 
kmehta2 18 18 18 6 6 6 6 
kaiello1 18 40 18 18 18 18 18 14 14 
jrhiling 18 18 
jmcclin1 18 18 18 18 18 18 18 18 2 2 10 10 18 40 18 18 18 14 14 
eolsen2 18 40 18 6 6 24 24 
egrammer 18 36 18 18 3 3 18 40 18 14 14 
dngo2 18 18 18 2 2 10 10 18 40 18 18 18 18 14 14 
czhou4 18 40 18 
csedore 18 18 2 2 10 10 24 24 18 40 18 14 14 24 24 18 18 
awood8 18 18 18 14 14 
astaresi 18 18 10 10 2 2 18 40 18 18 14 40 14 18 18 
areymer 18 
ahays1 18 
abatkoff 18 18 18 6 6 18 40 18 18 24 24 6 6 18 40 18 
xzhang24 18 14 14 6 6 6 6 
skoo1 3 36 3 18 40 18 18 14 14 18 18 6 6 
rsong 18 18 
rbanuelo 10 10 5 5 3 3 18 40 18 18 
psansone 18 18 5 5 18 36 18 18 18 18 18 18 6 6 14 38 14 
npassina 18 40 18 18 14 14 18 18 18 18 18 18 6 6 
mlarson3 18 18 18 14 14 6 6 6 6 
mhagan2 18 14 14 
mcrawf10 18 18 14 14 
jbelluc2 6 6 6 6 
jander21 18 39 18 18 18 6 6 14 14 6 6 6 36 6 24 37 24 
ioteroto 18 18 2 2 10 10 18 40 18 14 14 5 5 3 3 18 18 
ejones15 18 18 18 18 10 10 2 2 18 36 18 18 18 18 14 14 
ecummin2 18 36 18 14 14 
dventer 18 40 18 14 14 18 40 18 18 24 24 
ccastil4 18 40 18 18 14 14 6 6 6 6 24 24 
cbarahon 18 18 18 18 
zeggers 18 31 31 11 11 18 40 18 2 2 10 10 18 40 18 18 18 5 5 18 18 18 5 5 3 3 
skeller5 18 18 18 
nholmes2 18 40 18 
mtagovai 18 18 18 18 18 2 2 18 40 18 18 18 18 18 5 5 18 40 18 18 18 
mryan32 18 18 14 14 18 18 
mmatusk1 18 40 18 14 14 
mflanag8 18 18 18 2 2 10 36 10 24 24 18 40 18 14 14 18 40 18 18 14 14 18 18 18 
mdoyle19 18 18 2 2 10 10 18 18 24 24 18 40 18 18 18 18 5 5 24 24 3 3 18 40 18 18 18 5 5 3 3 18 40 18 18 24 24 
lfalquez 18 40 18 18 18 
jmarvin2 18 18 18 14 14 
hchoudhu 18 18 14 14 
edell 18 40 18 
delwell 18 
cpawelek 18 6 6 18 36 18 14 14 
cgotuaco 18 40 18 18 5 5 14 14 24 24 
ccasper 18 40 18 18 14 14 
ychen31 18 
vkareh 18 18 18 14 14 6 6 6 6 
rwilso18 18 24 24 6 6 6 6 14 36 14 
rmelotik 18 18 3 3 5 5 18 40 18 18 18 
pkollma1 18 19 19 18 40 18 18 18 18 24 24 18 18 18 10 10 2 2 18 40 18 18 5 5 3 3 18 18 
phaley1 18 
oeaddy 18 14 14 
mzakowsk 18 36 18 14 14 
mmoufawa 18 18 
mmaldona 18 18 
mlake2 18 14 14 18 18 18 
mhoffm12 18 40 18 18 14 14 18 18 
mcurlis2 18 18 18 18 2 2 24 24 10 10 18 40 18 18 18 14 14 
kwardlow 18 18 18 18 18 
kround 18 18 18 2 2 18 18 18 18 10 10 18 39 18 18 18 18 3 3 18 40 18 14 14 
kmoeinva 18 18 24 24 14 14 14 14 18 36 18 
jsong3 18 40 18 
jsimone 18 6 6 14 14 6 39 6 18 37 18 
jnagle7 18 18 18 14 14 
jmullen6 18 
jhuber4 18 18 24 24 2 2 10 36 10 18 40 18 24 24 14 14 18 18 18 
gvonuhle 18 
esienko 18 18 24 24 
ekiszla 18 18 2 2 10 10 24 24 24 24 18 40 18 14 14 
ekenney1 18 40 18 18 14 14 
edoyal 18 2 2 10 10 18 18 24 24 18 40 18 18 14 14 
dmikovit 18 14 14 18 18 18 3 3 18 40 18 18 18 18 24 24 5 5 18 18 3 3 18 40 18 18 18 18 18 5 5 18 18 18 18 14 14 18 18 
dkim28 18 18 3 3 18 40 18 18 
clink4 18 24 24 2 2 10 10 18 18 18 14 14 
bferris1 18 40 18 14 14 24 24 
asiguler 18 40 18 
syi3 18 18 14 14 
swolfe1 18 40 18 18 18 18 14 14 18 18 
shatfie1 18 40 18 5 5 18 40 18 
rtaraboc 18 18 18 2 2 24 24 2 36 2 18 40 18 18 14 14 
rmazzini 18 14 14 24 24 18 39 18 6 6 6 6 
nllauro 18 2 2 10 10 18 18 24 24 18 36 18 18 18 3 3 5 5 14 14 
mvander4 18 40 18 
mtapp 18 18 18 18 5 5 3 3 18 40 18 18 18 18 18 14 14 
mmirer 6 6 6 6 18 40 18 14 14 18 18 
mesteve 18 40 18 18 4 4 21 21 33 33 14 36 14 6 6 6 6 
mbutle14 18 
mbutle13 18 40 18 18 18 14 14 
lrodrig6 18 18 3 3 5 5 24 36 24 18 40 18 18 14 14 
kkubik 18 14 14 
kflanag4 18 
jcorbin2 18 18 18 18 18 18 18 2 36 2 10 10 18 40 18 24 24 18 36 18 18 14 14 3 3 
ihornung 18 40 18 14 14 18 18 
gpetrosi 18 
edownin1 18 18 
coleary2 18 37 18 14 14 18 37 18 18 18 14 14 
cmeyers3 18 40 18 18 14 14 18 18 
cfitzgib 18 24 37 24 2 2 18 40 18 14 14 18 18 24 24 5 5 3 36 3 18 40 18 18 18 14 14 18 18 18 
ccocco 18 3 3 18 40 18 24 24 18 40 18 14 14 18 36 18 
apeter14 18 3 3 5 5 18 40 18 
aander27 18 40 18 
yfeng3 18 
risrael1 18 40 18 18 18 14 14 
piannell 18 18 2 2 24 24 10 10 18 40 18 18 24 24 5 5 18 40 18 18 18 14 14 
nmattei1 18 40 18 
mvondras 18 36 18 14 14 18 18 
mretoske 18 40 18 14 14 18 40 18 
mplante 18 38 18 18 18 6 6 6 6 18 36 18 
mlegersk 18 18 
mjohns57 18 40 18 18 14 14 
mheli 18 40 18 
mbianco 18 18 24 24 18 40 18 18 18 18 14 14 
lstephe3 18 2 2 10 10 18 18 18 24 24 18 40 18 5 5 3 3 18 18 24 24 18 40 18 14 14 5 5 3 3 
kmccahan 18 40 18 18 
jriver11 18 6 6 6 6 18 40 18 6 6 6 6 18 40 18 
jhirshor 18 18 18 18 18 14 14 
jgarci22 18 18 14 14 
gnguyen 18 40 18 18 18 18 
eriojas 18 18 18 
ebrown20 18 40 18 18 14 14 
dadams13 18 26 26 26 26 16 16 26 26 23 23 18 40 18 18 
cdito 18 18 18 
apasin 18 37 18 24 24 18 40 18 24 24 
alaboe 18 40 18 14 14 
ablanch2 18 18 18 18 18 5 5 18 36 18 3 3 24 24 18 40 18 
yhe9 18 18 14 14 18 18 18 6 6 6 6 24 24 18 40 18 
wzhu2 18 24 24 2 40 2 18 40 18 18 24 24 18 36 18 5 5 18 40 18 18 5 36 5 14 40 14 18 18 
wschemel 18 40 18 
tkoewler 18 36 18 
scannova 18 40 18 14 14 
samezqui 18 14 14 18 18 18 6 6 6 6 18 18 
rchan3 18 36 18 6 6 18 18 14 14 
poconno6 18 40 18 
ohatch 18 18 18 18 14 14 
nho1 18 18 18 18 18 
mwinche1 18 40 18 18 24 24 14 14 
msteeves 18 40 18 18 24 24 18 40 18 14 14 
mmccans 18 18 18 18 18 2 2 10 10 18 37 18 24 24 18 40 18 18 18 14 14 18 18 18 
mhanley1 18 18 14 14 18 39 18 14 14 
mguggenb 18 18 18 18 18 18 6 6 18 18 18 24 24 6 6 
mfarleka 18 18 10 10 24 24 18 40 18 2 2 18 40 18 3 3 18 40 18 14 14 
mcasasga 18 14 14 18 36 18 18 
kthomp21 18 18 18 14 14 18 18 
kmccabe4 18 3 3 14 14 18 18 
khuffert 18 40 18 
jxu9 18 18 18 18 2 2 10 10 18 40 18 10 10 18 40 18 2 2 18 40 18 18 3 3 14 14 
jstellon 18 36 18 5 5 18 18 18 18 18 18 14 14 
jboateng 18 
iedgar 18 
ekeefe2 18 3 3 18 38 18 18 18 18 14 14 
eheidenr 18 
dfeldman 18 39 18 18 14 14 18 18 
cpalor 18 18 18 18 18 10 10 18 18 18 18 3 3 5 5 14 14 24 24 18 40 18 14 14 
ccahill6 18 40 18 14 14 
bdrummo1 18 18 2 2 10 10 18 18 18 18 18 14 14 5 5 3 3 
bcarmody 18 40 18 18 18 14 14 
amurph14 18 
amarti55 18 14 14 
agerman 18 40 18 
afemrite 18 18 18 18 24 24 18 40 18 24 24 18 18 18 24 24 2 2 18 40 18 14 14 18 40 18 14 14 
tpagessa 18 
tjohns29 18 18 18 18 2 2 18 40 18 18 2 2 18 40 18 10 10 18 40 18 14 14 18 18 
pbald 18 2 2 10 10 18 36 18 18 18 18 18 14 14 18 18 3 3 18 36 18 5 5 18 40 18 18 
mnieves1 18 36 18 18 18 14 14 
mbrombac 18 40 18 18 
mbeinlic 18 18 18 14 14 18 40 18 18 24 24 2 2 18 40 18 18 18 24 24 3 3 18 40 18 18 18 14 14 24 24 
lmedinab 18 18 18 14 14 18 18 
lmcphill 18 5 5 18 40 18 18 
kperry7 18 
kmoran10 18 18 18 10 10 2 2 18 40 18 18 24 24 18 18 18 18 14 14 
kmessier 24 24 6 6 6 6 18 40 18 
kabe1 18 5 5 3 3 24 24 18 40 18 18 6 6 6 6 14 14 
jusher 6 6 6 6 6 36 6 
jkirkham 6 6 6 6 
jhall15 18 18 10 10 18 40 18 18 24 24 18 18 18 18 2 2 18 40 18 3 3 18 39 18 18 18 5 5 24 39 24 18 18 18 14 14 18 40 18 14 14 
jcharbon 18 18 24 24 2 37 2 18 40 18 14 14 
gverfurt 18 18 18 18 18 24 24 2 2 10 10 18 40 18 18 18 18 5 5 18 18 14 14 
gmcdermo 18 6 36 6 14 14 
eyeager 18 
esulli14 18 18 6 6 
edewane 18 18 18 18 18 18 24 37 24 2 2 18 40 18 10 10 18 40 18 14 14 
dmoran5 18 24 24 18 40 18 2 2 10 10 24 36 24 2 36 2 18 40 18 14 14 18 18 14 14 
dbodewig 18 40 18 18 6 6 6 6 14 14 
bni 18 18 18 18 24 24 2 40 2 18 40 18 18 18 14 14 
aseketa 18 40 18 18 14 14 18 18 
amitch13 18 40 18 14 14 
amarti54 18 40 18 14 14 5 5 18 40 18 18 6 6 6 6 14 14 
zwang17 18 24 24 18 40 18 18 18 18 18 18 18 18 
rmcclain 18 40 18 18 14 14 
pmcgee 18 18 5 5 
oramire1 18 40 18 
olombard 18 18 6 6 18 40 18 14 14 18 39 18 
mmoreno3 18 40 18 18 18 14 14 
mmcelro2 18 18 
mgroark 18 40 18 18 
mcurrie2 18 18 18 2 2 10 10 24 24 18 37 18 18 18 14 14 3 3 5 5 18 18 
mcarro10 33 33 6 6 18 40 18 
lschwar2 18 
labreha 18 40 18 14 14 
kmullan4 18 18 24 24 5 5 3 3 18 37 18 18 
jstuppy 18 40 18 6 6 6 6 14 14 18 18 
jluk 6 6 6 6 18 40 18 18 
jigiede 18 40 18 6 6 14 14 6 6 
jhlavin 18 18 18 2 2 10 10 18 40 18 14 14 18 18 
jgripens 18 18 
jfabreg2 18 36 18 14 14 
jedward4 18 18 18 18 2 2 10 10 24 24 18 18 18 18 14 14 18 18 5 5 3 3 24 37 24 
jburhann 18 40 18 24 24 18 40 18 24 24 18 40 18 18 24 24 4 36 4 6 6 18 40 18 21 21 6 6 6 6 14 14 18 40 18 14 14 
hfertitt 18 6 6 6 6 18 18 14 14 
garboled 18 24 24 18 40 18 18 2 2 18 40 18 24 24 18 40 18 18 14 14 
edidonat 18 40 18 18 14 14 
ealbi 18 40 18 
dmacatan 18 40 18 14 14 18 40 18 14 14 
dharvey1 6 6 6 6 18 18 6 6 18 36 18 
crichte2 18 18 18 18 18 18 2 2 18 40 18 18 18 14 14 
cdunlea1 18 18 6 6 
awolfe4 18 10 10 18 18 18 18 3 3 14 14 18 18 
aturzai 18 39 18 18 18 
aosorio 18 40 18 
aherna13 18 18 18 18 10 39 10 18 36 18 2 2 18 36 18 5 5 18 18 18 18 3 3 14 14 18 18 
zhan1 18 6 6 18 40 18 18 
tsong2 18 36 18 18 3 3 5 5 24 24 18 40 18 18 
smurph19 6 6 24 24 6 6 18 39 18 18 14 14 
sjo 18 6 6 
sbsales 18 18 14 14 18 18 
rpozasg1 18 37 18 
rhughes7 18 18 18 14 14 
rbarnes2 18 40 18 6 6 18 40 18 6 6 24 24 24 39 24 18 18 
msimon6 18 18 2 2 10 10 18 18 24 24 18 40 18 18 14 14 
mgorman5 18 40 18 14 14 
mbond1 18 36 18 
jwoods8 18 40 18 
jplocher 18 18 18 18 18 24 24 18 40 18 10 10 18 39 18 2 2 18 40 18 18 18 18 14 14 
jlugg 18 40 18 18 18 24 24 
jlehn 18 40 18 14 14 
jdemarc1 18 18 18 18 18 2 36 2 18 40 18 24 24 
hstone3 18 18 18 18 18 18 18 18 18 18 
ezahoric 18 40 18 18 
elopez7 18 40 18 18 18 14 14 
ddelliso 6 6 18 39 18 18 6 6 18 18 6 6 
cwhalen2 18 18 24 24 2 2 10 10 18 40 18 14 14 18 18 
cjacobs3 18 18 18 14 14 
chowell2 18 18 24 24 6 6 6 36 6 14 40 14 
blyons1 18 18 18 18 18 18 18 18 18 18 14 14 
bklaus 18 18 
zsurma 18 18 24 24 18 40 18 18 10 10 18 36 18 2 2 18 40 18 24 24 14 14 18 18 
tpopps 18 18 18 18 3 3 14 40 14 
tissa 18 
svorne 18 18 24 24 
sryan9 18 18 18 18 18 2 2 24 24 10 10 18 40 18 18 14 14 18 18 5 5 3 36 3 24 24 
pgorman2 18 14 14 
olanchon 18 40 18 18 14 14 18 18 
nmunozol 18 40 18 
nkelly3 18 18 18 18 14 14 
nferguso 18 40 18 14 14 18 18 
mhawit 18 3 3 18 40 18 18 14 14 
kwhite13 18 
jzepf 18 
jgirardo 18 14 14 18 18 
jfrane 18 6 6 18 40 18 
iroberts 18 18 6 6 6 6 24 24 18 40 18 
hferrero 18 40 18 6 6 18 40 18 6 6 18 40 18 24 24 6 6 21 21 33 33 4 4 26 36 26 23 23 16 16 9 37 9 22 22 30 37 30 18 40 18 13 13 8 8 28 28 12 12 27 27 17 39 17 32 32 31 31 18 40 18 18 18 17 17 24 24 11 36 11 0 39 0 15 36 15 7 7 25 25 
ginglis 18 24 24 18 39 18 2 2 18 40 18 2 2 18 40 18 18 18 24 24 18 40 18 24 24 18 40 18 
esherloc 18 37 18 18 18 18 
ellano1 18 40 18 
dphill14 18 18 
ctsevis 18 24 24 2 37 2 18 40 18 18 18 14 14 3 3 
clangle1 18 18 18 14 14 
apines1 18 40 18 4 4 21 21 33 33 24 24 
aorsinel 18 24 36 24 2 2 10 10 18 40 18 14 14 
amcfadd1 18 18 3 3 5 5 18 18 18 24 24 18 40 18 3 3 18 40 18 18 
abiondo 18 40 18 18 18 18 18 14 14 
tmcginn1 18 40 18 14 14 
thartle 23 37 23 16 16 26 26 
ssitarsk 18 40 18 14 14 
sdutta2 18 14 14 
pjohns21 18 18 18 18 18 18 18 18 10 10 24 24 18 37 18 2 2 18 40 18 18 18 18 18 18 14 14 3 3 18 36 18 
pjachim 18 
mperez19 18 18 2 2 10 10 18 40 18 18 18 18 14 14 18 40 18 14 14 
mpenn1 18 40 18 14 14 
mgabouer 18 40 18 18 
lwukie 18 40 18 
lsimon2 18 14 14 
llontoc 18 40 18 6 6 6 6 
ldevito 18 2 2 18 40 18 18 14 14 18 36 18 3 3 
lbode 18 40 18 18 14 14 18 40 18 
layuyao 18 40 18 
ktran1 18 18 18 18 2 37 2 10 39 10 24 24 18 40 18 14 14 5 5 18 18 
kdiggin1 18 18 18 2 2 10 10 18 40 18 10 10 18 18 18 18 18 18 18 14 14 
kbockhol 18 18 18 24 24 18 38 18 2 2 18 40 18 14 14 
jybanez1 18 18 
jswift2 18 40 18 18 
jmoawad 18 10 10 2 2 18 18 18 18 2 2 18 40 18 18 18 14 14 18 18 
jduffy8 18 18 18 18 18 18 18 2 2 18 40 18 18 18 18 14 14 
jchandle 18 18 10 10 24 24 18 39 18 2 2 18 40 18 14 14 18 18 
jbrunne1 18 40 18 14 14 
jbordall 18 40 18 18 
ielizond 18 39 18 
hwakelin 18 18 18 24 24 10 37 10 2 2 18 40 18 18 18 18 14 14 3 3 
gcampoli 18 14 14 
eutley 18 
esagun 18 5 5 18 40 18 
eobrie14 6 6 6 6 18 40 18 
ehoran3 18 
dkrivda 5 5 
dgarci18 4 4 21 21 33 33 18 40 18 
csmith72 18 14 14 
cholmes6 18 18 18 18 18 18 18 18 14 14 24 24 
cgrunha2 5 5 3 3 18 40 18 18 14 14 18 18 
ccahill5 18 6 6 6 6 18 39 18 14 14 18 18 
btournat 18 18 18 2 2 10 10 24 24 18 40 18 18 18 18 18 18 14 14 18 18 18 
akeller5 18 40 18 
adaniele 18 6 37 6 6 6 
aclark13 18 14 14 
aboyd2 18 18 18 18 18 18 18 
wmckee 18 18 18 18 18 18 18 2 2 18 40 18 2 2 18 40 18 14 14 
wfine 18 
srodawig 18 40 18 
slee51 18 18 18 18 18 2 2 18 36 18 18 18 14 14 3 3 
rmcgove1 18 
pwasuwan 18 40 18 6 6 18 39 18 18 6 6 18 40 18 
ojazbuti 18 24 24 18 36 18 2 2 18 37 18 18 18 14 14 
nskora 18 5 5 18 40 18 14 14 18 18 6 6 6 6 
nmarti12 18 18 18 18 18 2 2 10 39 10 18 40 18 14 14 
nhelm 18 39 18 18 18 6 6 6 6 
nbest1 3 3 5 5 18 40 18 
mpaulran 18 40 18 
mmurph50 18 18 14 14 
kheldt 18 2 2 10 10 24 24 18 39 18 18 14 14 
jspence6 18 40 18 
jminor1 18 24 24 26 26 16 16 26 26 
jlabadie 18 39 18 18 18 18 6 6 6 36 6 
jguerra3 18 18 14 14 24 24 
jesposi2 18 24 24 6 6 18 40 18 6 6 
igese 18 40 18 18 
hsun2 18 14 14 18 18 18 
emangels 18 40 18 18 14 14 
eleahy1 18 40 18 18 
ehiestan 18 18 29 29 18 40 18 21 21 18 40 18 
ebrady7 18 2 2 10 10 24 24 18 40 18 18 14 14 18 18 
clewis13 18 14 14 
chanzel 18 40 18 18 14 14 24 24 6 6 6 36 6 
cbowden 18 40 18 
cbartlet 18 36 18 18 18 14 14 
bsoaresd 18 3 3 5 5 18 40 18 18 18 14 14 
bknarr 18 18 14 14 
bdages 18 40 18 18 18 14 14 
atreacy 18 40 18 
asood1 18 37 18 18 
alehanka 18 18 24 24 2 2 10 10 18 40 18 18 18 14 14 
vzona 18 18 6 6 
vdavis1 18 18 18 18 14 14 
tmcguir2 18 40 18 14 14 18 18 
tlynch3 18 
sfore 18 39 18 18 
rsabnani 18 14 14 18 40 18 2 2 10 10 18 18 18 18 14 14 
rkenyon 18 40 18 
rhughes8 18 14 14 18 18 
mzachlin 18 40 18 18 
mriss 18 40 18 18 14 14 
moconn20 18 18 2 2 18 40 18 14 14 
mmaron 18 18 18 18 10 10 2 40 2 24 24 18 40 18 18 14 14 
mhepbur1 18 40 18 
mgreene3 18 40 18 
kmcfarl1 18 18 14 14 18 18 
jyu7 18 
jrombals 18 2 2 10 10 24 24 18 18 18 14 14 5 5 3 3 
icorreia 18 40 18 14 14 
gklaus 18 18 18 24 24 2 2 10 10 18 40 18 
eromero3 18 18 18 18 2 2 10 10 18 40 18 24 39 24 14 14 18 36 18 18 18 
eeschwei 18 18 18 19 19 10 10 18 40 18 2 2 18 40 18 18 14 14 
ebabcoc1 18 18 18 24 24 18 37 18 10 10 10 10 2 2 18 40 18 18 18 
dyefreme 18 2 2 18 36 18 10 10 18 40 18 5 5 18 40 18 
dpark5 18 14 14 18 18 
dkenned7 18 18 
crodri12 18 40 18 
coakley2 18 40 18 
cgreeley 18 
cgehan 18 18 14 14 
cdulal 18 18 18 24 24 10 39 10 2 2 18 40 18 18 18 14 14 3 3 18 18 
cdiallo 18 40 18 23 23 26 26 16 16 
bcahill2 18 24 24 2 2 10 10 18 40 18 18 14 14 18 18 
astensby 6 6 6 6 18 37 18 18 18 18 14 14 
aslevin 18 18 18 14 14 6 6 6 6 24 24 18 18 
alindema 18 18 6 6 6 6 
ahachigi 18 37 18 
agraham2 18 18 18 18 18 18 14 14 18 18 
ymao 18 18 24 24 18 40 18 18 18 18 24 24 2 2 10 10 18 38 18 18 18 24 24 14 14 
sgonzal8 18 40 18 
sebben 18 18 24 24 18 40 18 
ramesbur 18 40 18 
pzibelli 18 40 18 5 5 
nhammer 18 
mzepf1 18 24 24 18 40 18 
mlegendr 18 40 18 18 14 14 
mlee39 18 18 2 2 10 10 24 24 18 37 18 18 18 14 14 5 5 3 3 24 24 
mbaumbac 18 40 18 18 18 18 24 24 18 36 18 14 14 
kstraub 18 40 18 18 
khilbert 18 18 24 24 2 2 10 10 18 18 18 18 3 3 14 14 
jpeacoc1 18 5 5 18 40 18 18 14 14 
jomeara3 18 36 18 
jmeek1 18 40 18 
jklein6 18 6 6 6 6 
jkidwel1 5 5 18 36 18 18 14 14 18 18 18 18 18 18 14 14 18 18 
jguckenb 18 18 18 18 10 10 2 40 2 24 24 18 40 18 18 14 14 
jfox13 18 2 2 24 24 18 39 18 18 14 14 
jbialou1 18 
jarmstr2 18 40 18 18 18 18 18 
gtrindad 18 18 6 6 6 6 
ggasper 18 40 18 18 18 18 14 14 
fharris2 18 40 18 
etravnik 18 18 18 18 14 14 18 18 
etighe 18 18 2 2 10 10 18 40 18 18 18 14 14 
dgiersch 18 38 18 
bpapiern 18 14 14 
ajarosik 18 40 18 14 14 
zyin4 18 40 18 14 14 
zprender 18 40 18 14 14 18 40 18 18 5 5 18 18 
trobinet 18 40 18 
tdougla4 18 40 18 
smcconv1 18 18 18 18 18 24 24 18 40 18 2 2 10 10 18 40 18 14 14 18 18 18 
shannon3 18 14 14 
nmassimi 18 18 6 6 18 18 
msheil 18 40 18 18 
mrobers1 18 18 2 2 18 40 18 14 14 
mmccabe7 18 36 18 14 14 
mkranz 18 18 14 14 
mjohns56 18 14 14 6 6 6 6 24 24 14 37 14 
mfrench3 18 36 18 18 14 14 18 18 
messner 18 36 18 14 14 
jspence7 18 40 18 
jmeagher 18 18 3 3 18 40 18 14 14 18 18 
jfreund 18 18 18 10 10 18 40 18 2 2 24 24 18 40 18 3 3 14 37 14 
jcrawfo8 18 18 18 
jconway7 18 24 24 18 40 18 18 18 18 18 18 18 2 2 10 10 18 40 18 14 14 
ecottril 18 
eambrose 18 6 6 6 6 18 40 18 
dgregor5 18 40 18 
csalcedo 18 38 18 6 6 
coatway 18 
clutz 18 18 18 18 18 18 18 18 2 2 10 10 18 40 18 18 18 3 3 
clucey 18 18 18 14 14 
ckenny2 18 
cesheric 18 40 18 
athill1 18 40 18 
akowblan 18 
aedward8 18 36 18 14 14 18 18 
aachecar 18 
ykim22 18 18 24 24 14 14 
sleyden 18 6 6 6 6 18 40 18 18 24 24 21 21 
scole4 18 
sbraynar 18 40 18 14 14 
rtanczos 18 18 18 2 2 24 24 18 40 18 18 14 14 18 18 
rreutima 18 6 39 6 6 6 18 40 18 
pphoa 24 36 24 
omarcian 18 40 18 
ocoyle 5 5 
nfurneri 18 2 2 10 10 18 37 18 18 18 5 5 18 18 
nfenton 18 40 18 18 
mvanblun 18 40 18 18 18 14 14 
mpiccone 18 40 18 14 14 
mmarti44 18 18 24 24 
mfoley9 18 14 14 18 18 24 24 
mdrennan 18 40 18 18 14 14 6 6 24 36 24 6 6 18 40 18 14 14 18 18 6 6 6 6 
mbursch 18 
lyoo1 18 40 18 18 
ksitarz 18 40 18 
kpurk 18 40 18 
kkula 18 40 18 18 18 14 14 
kebert 18 24 24 2 2 10 36 10 18 37 18 18 14 14 
jzimlich 18 40 18 
jpellic1 18 40 18 18 18 
jlibbey 18 40 18 
jappleby 18 6 6 6 6 18 18 
emaginn 14 14 18 40 18 6 6 6 6 
ebrown19 18 18 18 18 18 18 18 18 14 14 
dgomez5 18 40 18 
cvisnic 18 14 14 
csofrona 18 18 18 18 2 2 10 10 18 40 18 2 2 18 40 18 18 18 18 18 14 14 
csamagal 18 40 18 18 6 6 6 6 14 14 
btompole 18 18 24 24 2 2 10 10 24 38 24 18 18 18 18 14 14 
bscholl1 18 18 5 5 3 36 3 18 40 18 18 14 14 18 18 6 6 6 6 
awellen 18 6 6 6 6 24 24 
ashields 18 36 18 
aleahy 18 18 18 18 5 5 3 3 18 40 18 14 14 
ajamies1 18 40 18 18 18 14 14 18 18 18 
aemerson 18 36 18 14 14 18 18 
znunez 18 18 14 14 18 18 18 18 18 18 6 6 24 24 6 36 6 
ynuguse 18 36 18 14 14 18 18 
tmacmill 18 36 18 
tford6 18 40 18 23 23 16 16 18 40 18 29 29 14 14 
tcaffrey 18 2 2 10 10 18 40 18 18 14 14 5 5 3 3 
tbrierly 18 40 18 24 24 14 14 
smunson 18 24 24 18 18 2 2 18 40 18 14 14 
rscott5 18 36 18 14 14 
onisbet 18 18 6 6 18 40 18 
ohollowa 18 37 18 3 3 18 40 18 18 14 14 18 18 18 24 24 5 5 
mschmi17 18 18 18 5 5 24 24 18 40 18 14 14 
msalerno 18 18 18 18 18 18 2 2 10 10 24 24 18 39 18 18 14 14 
mmcghee3 18 6 6 24 24 18 40 18 
mmcdon16 18 40 18 18 6 6 18 37 18 18 
mmarotta 18 18 18 18 18 2 2 18 40 18 14 14 3 3 
mburbano 18 18 18 14 14 
kvidoure 18 40 18 14 14 18 18 
kkleise1 18 40 18 18 
kjin2 18 40 18 4 4 21 21 33 33 18 18 24 24 14 14 
kfoley3 18 40 18 
kerhardt 18 18 2 2 24 24 18 18 10 10 18 40 18 18 14 14 18 40 18 3 3 
jplaza 18 18 18 18 18 18 24 24 5 5 3 3 18 18 18 18 
iwan 18 40 18 18 14 14 18 18 24 24 
gdibono 18 40 18 
dgarda 18 18 18 
cviracol 18 18 24 24 2 36 2 18 40 18 18 18 18 18 18 14 14 18 18 
cmille39 18 
cllanter 18 18 24 24 18 40 18 18 18 18 
clawlor1 18 18 14 14 18 36 18 24 24 18 37 18 18 18 6 6 6 6 18 18 24 24 18 40 18 4 4 21 21 33 33 18 40 18 23 23 26 26 16 16 18 40 18 9 9 22 22 18 40 18 
clachena 18 2 2 10 10 24 24 18 40 18 14 14 5 5 3 3 24 24 18 18 
chu3 18 40 18 18 18 6 6 6 6 
cdimpel 18 
bjohns22 18 40 18 
bhogan2 18 2 2 10 10 24 24 18 40 18 18 18 18 14 14 3 3 
barmstea 18 40 18 
aviducic 18 40 18 18 18 18 14 14 24 24 18 18 
agregor1 18 18 18 18 18 18 18 18 18 18 18 18 18 18 18 18 18 2 2 10 10 18 40 18 18 18 14 14 18 18 
wdisimon 24 24 18 40 18 24 24 18 40 18 14 14 18 18 
tnoonan1 18 
szheng1 18 
szaccone 18 37 18 18 18 14 14 
skeene 18 40 18 18 
sbaker8 18 
rcriqui 18 40 18 
rbartnet 18 14 14 
nruiz2 18 40 18 3 3 18 39 18 29 29 18 40 18 18 24 24 18 40 18 18 18 14 14 18 18 18 
mmesecar 18 38 18 5 5 18 18 24 24 18 40 18 14 14 18 18 18 
mlee38 18 14 14 
mkramer7 18 37 18 
mknapp4 14 14 
mhowat1 18 37 18 18 18 14 14 
mfuetter 18 14 14 
lstone1 18 2 2 24 24 10 40 10 18 40 18 18 18 18 14 14 18 38 18 
ldo1 18 6 6 18 36 18 18 18 
khemmelg 18 40 18 
kfulk1 18 40 18 18 
kfliotso 18 40 18 
kborisia 18 40 18 
jpesola 6 6 18 40 18 6 6 18 18 6 6 18 36 18 
jenochs 18 18 10 10 18 36 18 24 24 2 39 2 18 40 18 18 18 18 14 14 
jbrooks6 18 40 18 6 6 6 37 6 14 14 
jagosti1 18 
htoner 18 40 18 18 29 29 6 40 6 21 21 
gmatting 18 18 14 14 
ehansen4 18 6 6 6 6 
eevans8 18 40 18 
csumner 18 40 18 18 
claracey 18 40 18 18 14 14 18 18 24 24 
cbontra1 18 40 18 
bmorrell 18 37 18 
bgriffi3 18 18 18 14 14 
bdicanio 18 18 14 14 5 5 18 18 18 18 3 3 18 37 18 18 
amorejo1 18 5 5 3 3 18 40 18 18 14 14 
aconway 18 40 18 
zzhang14 18 
shealy3 18 40 18 
scarlino 18 18 18 18 5 5 
rnavin 18 18 
rarroyo 18 
psainagh 18 18 2 2 10 37 10 18 40 18 18 3 3 5 37 5 24 24 18 40 18 14 14 
pkinkopf 18 18 10 10 18 18 2 36 2 18 40 18 18 14 14 
ngomezbo 18 40 18 14 14 
mshackl2 18 
mroddy 18 40 18 
mleonar8 18 40 18 18 18 18 14 14 
mlamber7 18 18 24 24 10 10 2 36 2 18 40 18 18 18 18 3 3 18 40 18 14 14 18 18 
mfitzg15 18 37 18 6 6 6 6 18 18 2 2 18 18 6 6 18 18 6 6 18 40 18 
lcarrol3 18 38 18 14 14 18 18 
kmehari 18 5 5 18 18 24 24 18 40 18 
klawren4 18 18 18 24 24 10 10 2 2 18 40 18 18 
jstump1 18 39 18 18 18 18 18 14 14 
jkeenan4 18 18 10 10 18 40 18 18 10 10 2 2 18 39 18 18 3 3 14 14 
eshanno4 18 
elipnick 18 18 18 18 24 24 21 37 21 18 18 2 2 18 36 18 18 18 14 14 
dwaszak 18 40 18 
dmarque4 18 40 18 18 18 24 24 
dewell 18 18 6 6 6 6 
cyoun 18 37 18 18 18 
ckuehl 18 18 18 18 18 18 14 14 
cking9 6 6 6 6 18 40 18 18 24 24 18 18 
cbutler3 18 
blefkowi 18 
bbatas 18 6 6 18 18 6 6 18 40 18 18 
aveon 18 18 18 18 2 2 24 36 24 18 40 18 14 14 
afranco5 18 18 2 2 10 10 18 18 2 2 10 10 24 24 18 40 18 18 14 14 
abeacom 18 18 18 18 18 18 
wtumbela 18 40 18 
wbona 18 36 18 18 14 14 24 24 18 37 18 18 6 6 6 6 
spantano 18 14 14 
sgay 18 40 18 24 24 6 6 6 37 6 24 24 
rschaef1 18 40 18 18 18 18 23 23 26 26 16 16 
pbrady 18 24 39 24 10 39 10 2 2 18 40 18 18 14 14 18 18 18 
mtwargos 18 18 18 18 18 2 2 10 10 24 24 18 40 18 14 14 18 18 
mschierl 18 18 2 2 10 10 18 40 18 14 14 3 3 5 5 24 24 
mramsey1 18 18 18 18 24 24 18 40 18 18 2 2 18 40 18 14 14 
mmaransk 18 14 14 
mlink3 18 18 18 18 2 2 10 10 18 18 18 14 14 5 5 3 3 24 24 18 18 
mkirchmi 18 14 14 
meisenme 18 18 18 18 24 24 10 10 2 36 2 18 40 18 18 14 14 18 18 
lrubino 18 
llingle1 18 24 24 14 14 18 18 18 
lfraser 18 24 24 18 18 18 10 10 18 40 18 18 2 2 18 40 18 18 14 14 5 5 18 18 18 
klaurenc 18 40 18 24 24 14 14 6 6 6 6 
khermann 18 18 14 14 18 18 
kbaile11 18 40 18 18 14 14 18 18 
jlee73 18 39 18 18 18 18 5 5 3 3 24 24 18 40 18 18 6 6 
jknowle1 18 18 24 24 18 40 18 18 14 14 
jkling 18 40 18 18 24 24 18 18 14 14 
jgambard 18 18 2 2 24 24 18 18 18 10 10 18 40 18 3 3 14 14 
gzhang6 18 18 2 2 10 10 24 24 18 40 18 14 36 14 3 3 5 5 18 40 18 18 14 14 18 40 18 3 3 5 5 24 24 
gmudd 18 39 18 14 14 
fkenney 18 14 14 
dbender 18 18 14 14 
cgorrie 18 6 6 6 36 6 
cchen10 18 18 18 3 3 24 24 18 39 18 18 14 14 
bxie 18 36 18 
bwatson3 18 18 24 24 
awhite20 18 6 6 
avanblun 18 24 40 24 18 18 2 2 10 10 18 40 18 14 14 18 18 
aritten 18 14 14 18 40 18 18 14 14 18 18 
amorcus 18 24 24 18 40 18 18 24 24 18 40 18 18 2 2 18 40 18 14 36 14 
afulwide 18 40 18 18 
adorranc 18 
treynoso 18 14 14 
tgetty 18 18 18 24 24 10 36 10 2 2 18 40 18 18 14 14 
slouden 18 40 18 18 14 14 
rdesouza 18 40 18 
nbaumer 18 
mryan33 18 6 6 6 6 24 24 18 36 18 
mmille51 18 40 18 
mkoshi 18 18 2 2 18 40 18 18 2 2 18 40 18 5 5 3 3 24 24 
mkonshie 18 37 18 14 14 
mhoran 18 40 18 
mgaborek 18 
mechols 18 18 6 6 6 36 6 
mboehner 18 40 18 18 14 14 
lcapuano 18 18 18 2 2 18 40 18 14 14 
kbrauns 18 40 18 14 14 
kadlaka1 18 18 18 2 2 10 36 10 18 18 2 2 18 40 18 18 3 3 5 5 14 14 18 40 18 18 18 6 6 
jschlais 18 40 18 3 3 18 40 18 18 18 18 18 
jlittlef 18 40 18 
gumunyan 18 40 18 
gjohanne 18 5 5 18 18 18 24 24 18 40 18 18 14 14 
esteigau 18 40 18 6 6 6 6 
egamble 18 24 24 18 18 2 2 18 40 18 18 10 10 18 40 18 14 14 18 40 18 18 18 18 
eascoles 18 18 18 18 24 24 2 36 2 18 40 18 24 24 
cquast 18 3 3 24 24 18 40 18 
clink3 18 18 18 14 14 
clee30 18 40 18 14 14 18 18 
cfennel1 18 37 18 18 
cfamular 18 18 18 18 14 14 
bkeanemu 18 40 18 24 24 6 40 6 6 6 14 14 
bcartwri 18 
ahollow2 18 38 18 14 14 
abjaller 18 
abellm 18 40 18 18 24 24 18 40 18 
tmurphy7 18 18 2 2 10 10 24 24 18 39 18 18 18 5 5 3 3 24 24 14 14 
swagner4 18 40 18 6 6 6 6 14 14 
sshaw3 18 18 5 5 3 3 18 40 18 14 14 
slauber 18 
reubanks 18 40 18 
phalpin 18 37 18 14 14 
pgould 18 18 3 3 18 40 18 24 24 18 36 18 10 10 18 40 18 18 14 14 
nreysa 18 18 18 18 18 6 6 6 6 18 40 18 
nhernan4 18 18 18 18 2 2 10 10 18 40 18 18 14 14 18 18 
moleary9 18 40 18 18 18 24 24 
mlaporte 18 6 6 6 36 6 18 40 18 18 
mhorvat8 18 40 18 14 14 
mcole9 18 18 18 2 2 24 24 18 40 18 14 14 
lkeeley1 18 37 18 18 
lchampio 18 40 18 6 6 6 6 18 18 14 14 
kseidle1 18 38 18 18 14 14 18 18 18 14 14 
kcasey11 18 14 14 18 18 6 6 6 6 
jvirzi 18 18 18 2 2 18 40 18 14 14 
jquinn13 18 40 18 14 14 
jherlihy 18 14 14 2 2 24 24 18 40 18 5 5 18 18 3 3 18 40 18 18 
jgalden1 18 18 18 14 14 
jdavis27 18 18 18 14 14 6 6 6 6 24 24 
hlevinsk 18 18 2 2 10 10 18 40 18 5 5 18 40 18 18 14 14 
gstephe2 18 40 18 18 18 14 14 6 6 6 6 
esmith36 18 2 2 24 24 10 10 18 40 18 18 18 14 14 
ekinyon 18 18 18 18 18 18 5 5 24 24 18 18 18 18 18 18 14 14 
eferdina 18 2 2 10 10 18 18 24 24 18 40 18 14 14 
dsimonsa 18 37 18 18 14 14 
dnelso12 18 14 14 
csport 18 18 14 14 
cmarrder 18 18 18 18 18 14 14 18 18 
bhasara 18 14 14 18 40 18 18 18 14 14 18 18 
bdusling 18 37 18 14 14 18 18 18 
bbradle4 4 4 
afeda 18 37 18 
acavuto 18 
acatao 18 18 18 
zyeadon 18 40 18 
tchalmer 18 40 18 14 14 
slarkin 6 6 6 6 
rwester 18 40 18 18 24 24 18 40 18 14 14 
rsang1 18 14 14 18 40 18 18 18 18 
rgao2 18 14 14 
potoole3 18 39 18 
pmccabe2 18 18 2 2 10 10 18 40 18 2 2 10 10 18 40 18 14 14 5 5 3 3 
pardila1 18 
nviner 5 5 
nvanhoff 18 14 14 18 18 
msagasta 18 18 14 14 3 3 5 5 24 24 18 40 18 
mrestivo 18 18 6 6 18 40 18 4 4 21 21 33 33 
mpfeiffe 18 18 14 14 18 18 
meiseman 18 40 18 
mdugan1 18 6 6 6 6 18 18 18 
jzhang17 18 40 18 14 14 18 36 18 
jwhelan3 18 18 6 6 6 6 
jsennati 18 
jpassman 18 18 18 18 24 24 10 10 2 2 18 40 18 18 14 14 18 36 18 
jmille76 18 18 18 
jmahone7 24 24 18 40 18 18 14 14 
jlembo 18 36 18 
jirwin3 18 18 
jhuang14 18 40 18 
jdspain 18 40 18 14 14 24 24 
jcaggian 18 18 18 18 2 2 10 10 18 40 18 18 18 
gsmith19 18 40 18 18 18 18 18 
ggallant 18 14 14 18 40 18 18 18 18 
elauer1 18 18 
ehurm 18 14 14 5 5 3 3 18 40 18 18 
eglendon 18 18 2 39 2 10 10 24 24 2 36 2 18 40 18 18 5 5 14 14 
ebrigham 18 18 18 18 18 18 18 18 2 2 18 38 18 18 18 14 14 
cwaltonr 18 40 18 18 14 14 
cosulli2 18 29 29 18 40 18 
cmacclar 18 
bcopp 18 18 18 18 18 24 24 2 2 18 40 18 14 14 
azawojsk 18 6 6 6 6 
ahymes 18 40 18 14 14 
wmoyers 18 40 18 24 24 14 14 
wblocher 18 40 18 18 24 24 18 18 14 14 18 18 
vtrombet 18 37 18 18 18 18 14 14 24 24 18 18 6 6 6 6 18 18 
smarti29 18 40 18 3 3 18 40 18 
sjohnsto 18 40 18 
shopkin3 18 40 18 14 14 24 24 
rsmith53 18 40 18 14 14 18 18 
rbarber 18 40 18 6 6 
mmetersk 18 
mletran 18 18 18 18 2 2 18 40 18 14 14 
melliot3 18 14 14 
kmalik1 18 2 2 10 10 18 36 18 18 14 14 5 5 3 3 
kholman 18 18 24 24 2 36 2 10 10 18 40 18 14 14 
jrosta 18 40 18 18 14 14 
jmonthio 18 18 14 14 24 24 
jlynch8 18 40 18 
jjarvis2 18 
jbailey7 18 40 18 18 14 14 18 18 
hchristm 18 40 18 18 18 14 14 
glyman 18 40 18 
gevans 18 18 18 2 39 2 24 24 10 36 10 18 18 18 18 18 
fhernan7 18 40 18 14 14 6 6 6 6 
fbirch 18 14 14 18 18 
egilber1 5 40 5 18 40 18 
driehm1 18 40 18 
ctorre10 18 
cspang 18 14 14 18 18 
csabers 18 18 2 2 10 10 18 40 18 18 18 18 5 5 3 3 18 40 18 14 14 18 40 18 
cnobuhar 6 6 18 36 18 6 6 18 40 18 
cfranke1 18 14 14 
bwright7 18 18 18 14 14 18 18 18 
bsabey 18 18 18 18 18 18 18 18 14 14 
bmooney3 18 24 40 24 18 18 18 18 2 2 18 39 18 18 18 14 14 18 18 3 3 
aperson 18 14 14 6 6 6 6 
akokot 18 4 4 33 33 18 40 18 18 
aguerra2 18 18 14 14 
agomez13 18 38 18 18 24 24 
afinster 18 14 14 
twilso15 18 6 6 18 18 6 6 18 38 18 18 24 24 18 18 
sschraer 18 40 18 14 14 
scascio 3 3 5 39 5 18 40 18 18 14 14 6 6 
saragon 18 
rkenny1 18 40 18 
ptaylor3 18 40 18 18 14 14 
pcaslin 18 40 18 14 14 
pbaltes 18 40 18 
niovino 18 
ndeely 18 40 18 14 14 
mroche3 18 6 6 6 37 6 18 39 18 14 14 
mnowotar 18 36 18 18 18 14 14 18 18 24 24 
mmarsh11 18 6 39 6 6 6 
mgrandmo 18 18 2 2 10 10 18 40 18 18 18 14 14 18 18 
mfay3 18 6 6 24 24 6 6 18 40 18 
mcamacho 18 14 14 
lmcnama2 18 18 18 2 2 18 40 18 3 3 14 14 
ldaviso1 18 14 14 
kcarey4 18 24 24 18 18 2 2 18 40 18 18 14 14 
jweston 18 24 24 2 2 10 10 18 40 18 14 14 
jtopor 18 18 24 24 14 14 18 18 
jsuh3 18 40 18 18 18 18 6 6 6 6 
jolmanso 18 18 24 24 18 40 18 18 2 2 18 40 18 
jharri18 18 40 18 
jeberha2 18 40 18 18 
jcasama1 18 40 18 14 14 18 18 
jbertsch 18 37 18 
jandrad2 18 40 18 18 14 39 14 18 18 
hhalvey 18 18 18 18 2 2 18 40 18 18 14 14 
eradomsk 18 18 2 2 18 40 18 18 18 
dsaloome 18 18 14 14 
dfritz1 18 24 24 18 40 18 14 14 
dberg 18 
ctrujil4 18 18 10 10 2 2 18 40 18 3 3 5 5 18 18 
cramos5 5 5 3 3 
cmcmenem 18 14 14 18 18 18 18 18 6 6 6 6 24 24 
cmcdono6 18 2 2 24 24 10 10 18 40 18 
cgoethal 18 40 18 
blumb 18 40 18 
bjos 18 18 6 6 6 6 18 18 18 
bheather 18 
awagner6 18 40 18 14 14 18 18 
aokon 18 18 
akeys 18 40 18 24 24 14 14 
ahapp 18 40 18 
agegen 18 40 18 
aalexan9 18 6 6 6 36 6 
srodrig7 18 18 18 14 14 
rfiegeli 18 
psconzo 18 18 2 2 10 10 24 24 18 40 18 14 14 18 18 
nsimon1 18 2 2 10 10 18 40 18 14 14 5 5 3 3 24 24 
ngodfrey 18 36 18 14 14 
mshanno5 18 38 18 18 18 6 6 14 14 18 18 
mmatara 18 40 18 18 14 14 18 18 6 6 6 6 
mhilger 18 18 18 2 2 10 10 18 40 18 18 14 14 
mheredi2 18 24 24 2 2 10 36 10 18 18 18 18 5 5 14 14 24 24 18 40 18 14 14 24 24 18 40 18 
mgilber5 18 18 
mbrannan 18 40 18 18 18 14 14 18 18 
lalvey 18 18 2 2 10 10 18 40 18 18 14 14 
kragan 18 40 18 
kmacdon6 18 18 
klewis12 18 18 24 24 14 14 
kduffy5 18 40 18 18 14 14 
kcoogan 18 39 18 
kbosma 18 40 18 
kbellasc 18 40 18 
johara1 18 40 18 
jlawren5 18 40 18 18 18 18 
jburcham 18 18 
hwooton 18 40 18 14 14 
hhentges 18 18 18 18 2 2 10 10 24 24 18 40 18 18 14 14 18 36 18 
hdopico 18 5 5 14 36 14 18 36 18 18 
gtanjuat 18 14 14 
fzornow 18 37 18 18 18 18 18 14 14 18 40 18 18 
estratto 18 40 18 18 14 14 
ereyda 18 18 18 2 2 18 40 18 10 10 24 24 18 36 18 18 18 14 14 18 18 
egardne3 18 18 10 10 2 36 2 18 40 18 14 14 18 36 18 5 5 3 36 3 
edoyle8 18 40 18 14 14 
dsun2 18 
cribera 6 6 6 36 6 18 40 18 18 
cmitche8 18 18 24 24 2 2 18 36 18 5 5 18 40 18 14 14 18 18 
cdorsey1 18 18 18 2 2 10 10 18 40 18 14 14 
cchiment 18 40 18 14 14 18 18 
belder 18 36 18 24 24 3 3 18 18 5 5 18 40 18 18 14 14 
bbrady2 18 40 18 24 24 18 40 18 6 6 
aszpynda 18 18 18 18 2 2 18 40 18 18 10 10 24 24 18 40 18 18 14 14 
areisin2 18 40 18 14 14 18 18 
wjackobo 18 38 18 
tmurray6 18 
rwong3 18 40 18 24 24 
rquintal 18 40 18 
pwerling 18 36 18 14 14 
pkaminsk 18 40 18 14 14 6 6 6 6 
pjones8 18 18 18 18 18 18 2 2 18 40 18 14 14 14 14 
patkins 18 40 18 18 14 14 18 18 24 24 
ogonzal3 18 18 18 18 18 2 2 18 40 18 14 14 18 18 3 3 
nspring1 18 18 24 24 10 10 18 40 18 2 2 18 40 18 14 14 
mjennin5 18 40 18 18 24 39 24 14 14 
mebberwe 18 14 14 
mdonahu4 18 40 18 6 6 6 6 14 14 18 36 18 
mcruzado 18 
kriggs1 18 24 24 2 2 18 40 18 14 14 
koshea2 18 40 18 
jschmit2 18 40 18 18 14 40 14 18 18 6 6 
jlipka 18 6 6 6 6 
jcroddic 18 
gmarti12 18 39 18 
gdiederi 18 40 18 18 18 6 6 6 6 
fsegura1 18 40 18 
ehancuch 18 6 6 6 6 18 40 18 
eburke7 18 18 18 2 2 18 40 18 18 14 14 
eboldt 18 18 2 2 10 10 18 40 18 24 24 18 40 18 5 5 3 3 
eadams6 18 40 18 18 5 5 18 40 18 14 14 6 6 6 6 18 40 18 18 
dhousto1 18 40 18 14 14 
cocallag 18 40 18 18 6 6 6 6 
cdonnel4 18 14 14 18 18 18 18 3 3 18 40 18 
bwears 18 18 2 2 24 24 10 10 18 40 18 
awhite19 18 36 18 
apreda 18 6 6 
agoskowi 18 18 2 2 10 36 10 18 40 18 14 36 14 
zenciso 18 18 18 18 18 2 2 10 10 18 40 18 18 18 14 40 14 
yyoshiok 18 18 14 14 18 18 18 6 40 6 6 6 
tsilva 18 40 18 
smanfred 18 24 24 2 2 18 40 18 14 14 18 18 
rgarret2 18 
rfedison 18 18 18 18 18 24 24 18 40 18 18 18 
rciamarr 18 18 18 18 18 2 2 18 40 18 14 14 18 18 
pharris5 18 40 18 18 14 14 
ooleshch 18 40 18 24 24 18 40 18 21 21 4 4 24 24 
oguntin 18 40 18 14 14 
msasse 18 18 10 10 2 2 24 24 18 36 18 18 18 14 14 18 18 18 
minteria 18 18 24 24 18 37 18 18 2 2 18 40 18 24 24 18 18 18 18 24 24 14 14 
mcoffey1 18 14 14 18 18 
maguillo 18 2 2 18 40 18 3 3 5 36 5 18 40 18 18 
madamo 18 18 2 2 10 10 18 40 18 
ksmith69 18 2 2 10 10 18 40 18 2 2 18 40 18 14 14 5 5 3 3 
kkobaya2 6 6 6 6 
kbaten 18 
kbaert 18 18 
jtanaka2 18 40 18 
jsumantr 18 40 18 
jhelsing 18 40 18 
jburton2 18 18 10 10 2 2 24 24 18 38 18 18 5 5 3 3 
eunebasa 18 
ddelp 18 40 18 
dabdulra 18 40 18 
chemm 18 6 40 6 6 6 18 40 18 14 14 
cbine 18 40 18 14 14 
bphelan2 18 2 2 10 10 24 24 18 18 18 14 14 18 18 18 18 
bhart5 18 40 18 18 
bbuscher 18 40 18 
anisbet 18 18 18 2 2 18 18 18 14 14 
aluong 18 
adinovo 18 40 18 
wsogge 18 18 2 2 18 18 18 18 18 18 14 39 14 
wcole1 18 40 18 
twine 18 
tazemar 18 40 18 14 14 18 18 
rklevens 18 39 18 18 18 18 
rburns6 18 40 18 
ralliso1 18 
owright 18 
npleiman 18 36 18 18 
nmattapa 18 24 24 
nitkin 18 6 6 
ncateris 18 18 18 18 10 10 2 2 18 39 18 18 14 14 3 3 
nargilag 18 
muhran 18 37 18 
mswineh1 18 40 18 
msitzer 18 38 18 14 14 18 40 18 14 14 18 18 
mqueal 18 40 18 
mmclau21 18 18 18 
mduffey1 18 
maubourg 18 39 18 18 18 
lpolster 18 40 18 18 6 6 6 37 6 
lcorelli 18 18 24 24 18 40 18 24 24 2 2 18 40 18 18 18 18 24 24 14 14 
ksiefker 18 18 2 2 18 40 18 14 14 
kbrown26 18 40 18 
jmaier3 18 18 18 
jhelmkam 18 18 18 2 39 2 18 40 18 
jandrew5 18 18 18 10 10 2 2 18 40 18 14 14 
hbaldwi2 18 40 18 
gbarthel 18 18 18 24 24 18 37 18 
ejoyce2 18 40 18 
ecastil2 18 40 18 18 
dshah2 18 39 18 14 14 18 18 
dpark4 18 2 2 10 10 18 40 18 18 14 14 18 40 18 
dhaseno1 18 40 18 
cmurillo 18 38 18 14 14 
ckmet 18 
cjaskows 18 40 18 18 24 24 
cfayne 18 40 18 
tvail 18 18 6 6 6 6 18 40 18 14 14 
tpero 18 18 18 18 2 2 10 10 24 24 18 40 18 18 14 14 
tmoyniha 18 18 
sbuzdon 18 40 18 
rparikh1 18 40 18 14 14 24 24 6 6 18 40 18 6 6 18 18 
penglis2 18 40 18 14 14 
mshan 18 18 14 36 14 18 40 18 18 
mschmi18 18 40 18 18 18 
mneal2 18 40 18 14 14 
mmorley1 18 39 18 18 18 14 14 18 18 6 6 
mkozak3 18 36 18 
mhowe 18 18 
mguilfoi 18 40 18 18 14 14 
lmolinel 18 40 18 18 14 14 
lcalvo 18 18 18 2 2 10 10 18 40 18 18 5 5 3 3 14 14 18 36 18 
jshaw7 14 14 
jlucciol 18 40 18 
gfernand 18 39 18 
emccart4 18 40 18 6 6 6 36 6 18 40 18 6 6 24 36 24 14 14 18 18 
ehoch 18 18 18 18 18 14 14 
egardey 18 36 18 6 6 
ecook4 18 
eching 18 21 37 21 24 24 4 4 18 18 18 33 33 18 40 18 
dchatfie 18 
cmeissn1 18 
avilleg1 18 39 18 6 6 
astokes2 18 40 18 14 14 18 40 18 18 18 18 14 14 18 18 
aobert 18 40 18 14 14 18 18 
agraffia 18 6 6 6 6 18 40 18 
vlamoret 18 40 18 
tgarvey 18 18 18 2 2 18 40 18 18 18 14 14 18 18 
tandrew3 18 2 2 10 10 24 24 18 36 18 18 3 3 24 24 18 40 18 18 14 14 
shwang5 18 18 14 14 
sanez 18 40 18 14 14 18 18 
rhammon4 18 38 18 18 14 14 18 18 
ntoroczk 18 40 18 
msloan1 18 40 18 18 6 6 
mpfaff2 18 36 18 
mmille50 18 18 18 18 14 14 
mfeldma2 18 18 18 6 6 6 6 14 14 
mburns10 18 39 18 
kwood11 18 24 24 14 14 
koneill9 18 18 2 2 18 40 18 14 14 18 18 
kkoehnen 18 18 14 14 
kjamsek 18 36 18 
khenges2 18 14 14 18 18 
keichler 18 40 18 18 
jperretg 18 18 6 6 18 40 18 
jmoss1 18 40 18 6 6 6 6 
jmarcion 18 40 18 14 14 
jfollans 18 18 18 18 18 2 2 18 40 18 14 14 
jbaca1 18 40 18 18 
hoshiro 18 40 18 4 36 4 21 21 33 33 
gwiechar 6 6 
gbrown15 18 2 2 10 10 18 40 18 5 5 3 3 18 18 18 6 6 6 6 
emills1 18 40 18 
ejaques 18 40 18 
dapollon 18 18 6 6 6 6 
coppenhe 18 18 18 18 18 2 36 2 10 36 10 18 40 18 14 14 3 36 3 
cedmond3 5 5 18 40 18 5 5 3 3 18 40 18 
cduggan 18 18 18 18 2 2 10 10 18 40 18 18 14 14 
cassam 18 18 
btello 18 40 18 14 14 18 18 
agaraton 18 18 18 18 18 24 24 18 18 2 2 10 37 10 18 40 18 18 18 14 14 18 18 
adarrow 18 36 18 18 18 14 14 
abriggs3 18 18 24 24 14 14 
aaldave 18 6 6 18 18 6 6 
zmieczko 18 18 18 2 2 10 10 24 24 18 40 18 14 14 3 3 5 5 18 18 18 
ylin9 18 18 
wcumberl 18 40 18 18 14 14 
vmallett 18 18 18 18 18 18 24 24 18 40 18 2 2 18 40 18 18 14 14 
thull 18 36 18 6 6 18 40 18 
thintz1 14 14 18 18 
swaltrip 18 40 18 6 6 6 6 
smurra11 18 18 18 18 18 2 2 24 24 18 40 18 18 14 14 18 18 5 5 3 3 18 40 18 
sbaker7 18 40 18 
rdesaint 18 18 6 6 6 6 
prothroc 18 40 18 
pconway3 18 18 14 14 18 18 
ogallahu 18 18 18 6 39 6 6 6 
nvadutha 18 40 18 
nsow 18 6 6 6 6 18 36 18 14 14 18 18 
mgouldin 18 18 18 18 14 14 
mdmochow 18 18 18 18 5 5 18 40 18 
mdauria 18 40 18 18 14 14 
ksolarz 18 18 14 14 
jemory 3 3 5 5 18 40 18 14 14 18 36 18 
jdachill 18 14 14 18 18 18 
ilickona 18 18 18 18 10 10 18 36 18 2 2 18 40 18 18 18 14 14 
gpalmer 18 14 14 18 18 
eodrobin 18 40 18 14 14 18 18 
emoll1 18 18 2 2 18 40 18 14 14 
ebarron3 18 2 2 10 10 24 24 18 40 18 18 14 14 
dmcmurt1 18 18 6 6 6 6 18 40 18 
dlavelle 18 18 2 36 2 18 40 18 14 14 18 18 3 3 18 18 
dgriffi6 18 18 2 2 10 10 24 24 18 40 18 14 14 
cminetos 18 40 18 18 14 14 
chyry 18 
cfagan4 18 18 18 18 18 18 19 19 18 40 18 18 14 14 
bverrecc 18 40 18 18 6 6 33 33 4 4 
began4 18 18 18 2 2 10 10 10 10 24 24 18 40 18 18 14 14 
asteven4 18 40 18 14 14 18 18 
aoverlac 18 40 18 29 29 24 24 4 4 21 21 23 23 26 26 16 16 
ajbara 18 40 18 
acoury 18 40 18 18 14 14 18 40 18 14 14 18 18 24 24 
acontre3 18 
abanks3 18 18 24 24 18 36 18 2 2 10 10 18 40 18 18 14 14 18 18 
zdesch 18 40 18 6 6 6 6 24 24 
tnelson8 18 
sstenge1 18 40 18 14 14 
rziegler 18 18 10 10 2 2 18 40 18 14 14 18 18 3 3 
ntownley 18 18 4 4 33 33 18 18 21 21 18 40 18 
msteure1 18 40 18 14 14 18 18 6 6 
mdunn8 18 24 24 10 10 2 2 18 40 18 14 14 5 5 3 3 24 24 
kmarston 18 40 18 14 14 
jrohan 18 40 18 
jmiles7 18 36 18 14 14 
hpellegr 18 40 18 
hhadi 18 38 18 
gvalli 18 40 18 18 14 14 
gking6 18 39 18 14 14 
eolmanso 18 
dpatter6 18 40 18 
cwagne12 18 18 18 2 2 10 10 24 24 18 40 18 18 18 14 14 
cragsdal 18 18 
cmartyak 18 40 18 14 38 14 18 18 18 18 
cjoynes 18 40 18 14 14 
cdyke 6 6 18 39 18 18 6 6 18 40 18 18 
amille43 18 40 18 
agreer1 18 40 18 
acastano 18 18 2 2 18 18 18 14 14 5 5 3 3 24 24 
abakeis 18 24 24 18 40 18 14 14 
tphilli7 18 18 5 5 18 40 18 14 14 
tklein1 18 40 18 
srubio1 18 40 18 
sbrown34 18 18 10 10 24 24 18 40 18 24 24 5 5 3 3 18 40 18 
sbrady9 18 40 18 3 3 
rmille26 18 6 6 
omagdale 18 18 18 18 
nschoenb 18 24 24 10 10 2 2 18 40 18 18 18 18 18 14 14 
nsaladin 18 18 18 24 24 2 2 10 10 18 40 18 14 14 18 18 
norr 18 40 18 14 14 24 24 
nmungan 18 40 18 18 14 14 18 18 
nlukesh 18 40 18 24 24 4 4 6 6 
mwooten 18 36 18 18 18 
mvaughn1 18 18 6 6 6 6 
mguzman4 18 18 18 14 14 
mford3 18 40 18 14 14 18 18 
lortiz3 18 5 5 3 3 14 14 
ksachen 18 18 18 24 24 10 37 10 2 2 18 40 18 18 14 14 
jtang1 18 
jsarubb1 18 
ggallagh 18 18 14 14 
gbrach 18 2 2 10 10 24 24 18 40 18 
drottenb 18 18 14 14 
csweene8 18 
crivers 18 40 18 14 14 18 18 24 24 6 6 6 6 
clogo 18 40 18 
cgrunha1 18 24 24 14 14 
amoran6 18 14 14 
trobbin1 18 18 18 14 14 29 29 
tmarvin 18 40 18 18 18 14 14 
teiden 18 40 18 14 14 
sratigan 14 14 
slee50 18 18 24 24 18 40 18 2 2 14 14 18 18 3 3 5 5 24 36 24 18 40 18 14 14 
sfisher6 18 
rcurran1 18 
pcliffor 18 40 18 
orubin 18 40 18 14 14 6 6 6 6 
nyano 26 26 23 23 18 40 18 
nskolds 18 18 18 2 39 2 18 40 18 18 18 3 3 14 14 
npratt 18 18 24 24 18 40 18 18 14 14 18 18 
mwinton 18 40 18 
mtrinh 18 18 5 5 18 40 18 14 14 
lsiela 18 18 18 14 14 18 18 18 18 10 10 18 36 18 2 2 18 40 18 
lenglish 18 40 18 
klacosta 18 40 18 
jzaarour 18 40 18 
jtrzask1 18 18 18 18 10 10 2 40 2 18 18 18 14 14 18 18 18 
jsheeha9 18 40 18 
jirwin2 18 18 18 18 18 14 14 
jhollan5 18 24 24 18 18 18 2 2 18 40 18 14 14 
jhoeksem 18 40 18 14 14 
jboyle8 18 18 
hfoley 18 40 18 18 
bcordel1 18 40 18 14 14 
amurra10 14 14 
amurph15 14 14 
aeiteljo 18 40 18 
abernocc 18 9 9 18 40 18 18 18 
vsmith3 18 40 18 
tdinh 18 4 4 21 21 33 33 18 40 18 29 29 23 23 26 26 16 16 18 18 
shunt3 18 40 18 14 14 
rmille27 18 18 
nwebste1 18 18 
nsanford 18 40 18 18 
ncasal 18 40 18 14 14 
mswiatek 18 40 18 
mseida 18 40 18 
mbenz1 18 18 5 5 18 18 18 18 6 6 6 6 
kwatson3 18 18 18 24 24 2 2 18 40 18 24 24 14 14 18 18 
kmettler 24 24 5 38 5 18 40 18 6 6 18 18 18 
inordan 18 18 2 2 10 10 18 40 18 14 14 
eshea2 18 37 18 
ebaker11 18 40 18 
dspalins 18 18 
csusco 18 40 18 24 24 14 14 18 18 
ckronenb 18 40 18 
cdamore1 18 24 24 14 14 18 18 
camstut1 18 40 18 
aschomog 18 2 2 18 40 18 14 14 
aescobar 18 18 18 18 18 18 24 24 2 40 2 18 40 18 18 18 18 14 14 3 3 5 5 18 18 24 24 
tleytham 18 36 18 18 6 6 6 6 
rsmith54 18 40 18 
rondrula 18 18 14 14 
pflemin1 18 4 4 33 33 21 21 
mtcheuka 18 18 2 2 10 10 18 36 18 18 
msponem 18 40 18 6 6 6 6 
mnguye18 18 2 2 10 10 18 40 18 18 18 5 5 3 3 24 24 
mmurph49 18 14 14 6 6 18 38 18 
mmassar1 18 18 14 14 
mmacdon4 18 
mhellick 18 40 18 
mgorski2 18 24 24 18 40 18 18 2 2 18 40 18 18 24 24 18 40 18 
kdeye 18 40 18 
jsheehy1 18 37 18 
jharnes1 18 3 3 18 40 18 24 24 18 40 18 6 6 24 24 6 6 
jgorman7 14 14 
eoduro 18 40 18 
ddelafe 18 18 14 14 
dbryck 18 18 18 18 2 2 18 40 18 18 24 24 14 36 14 3 39 3 18 18 18 
cmackle 18 6 6 6 6 
clance1 18 40 18 18 14 14 
cdevoto 18 
cbert 18 40 18 14 14 
alopez12 18 40 18 18 18 14 14 
zdreznin 18 40 18 18 
yfu1 18 40 18 3 3 5 5 18 40 18 18 14 14 6 6 6 6 18 18 
teckel 18 
tconnor6 18 18 18 2 2 18 40 18 3 3 5 5 
srodrig8 18 2 2 18 40 18 5 5 3 37 3 24 24 18 40 18 14 14 
spelayom 18 18 18 18 18 18 
risirahe 18 40 18 18 24 24 23 23 16 16 26 26 18 18 
rcole5 18 18 18 18 18 18 18 18 18 18 18 18 18 18 
mreisel 18 18 
mpiotrow 18 18 18 2 2 10 10 18 40 18 14 14 
mparson5 18 40 18 
mmccor14 18 18 18 2 36 2 
mgavigan 18 40 18 18 6 6 6 6 
mderane1 18 40 18 24 24 6 6 6 6 
lwesteme 18 2 2 10 10 18 40 18 3 3 5 5 14 14 24 24 
kcalhou3 18 
epatton2 18 40 18 14 14 
eflynn5 18 40 18 
efitzge4 18 14 14 
dtong 18 40 18 
cfreema5 18 18 
aleos 18 18 
tpernett 18 18 
tdicker1 18 10 10 18 18 2 2 18 40 18 18 14 14 18 18 5 5 3 3 
tcampbe5 18 2 2 10 10 24 24 18 40 18 5 5 
sprice9 18 18 18 14 14 
sperez3 18 
smeyer5 18 40 18 
sgarci10 18 18 
rward10 18 40 18 6 6 
rbeebe1 18 18 2 2 18 40 18 
oegbuonu 18 6 6 18 36 18 6 6 
mdeboske 18 
jhenige 18 14 14 18 18 
imckinne 18 36 18 
igrogan 18 40 18 14 14 18 40 18 
gsilva1 18 40 18 18 18 14 14 
gkim 18 40 18 
dpalmer4 18 40 18 3 3 24 24 
cmaher3 18 40 18 14 14 
cmacquar 18 14 14 
chartma2 18 
cbotta 18 6 6 6 6 18 40 18 18 
aurquijo 18 18 18 18 18 14 36 14 18 18 18 3 3 5 5 24 24 
asiegel1 14 14 18 18 18 
aherman2 18 36 18 18 18 
tsheeha1 18 18 18 
rstewar6 18 40 18 
rbrutvan 18 14 14 
ralban 18 40 18 
msicili1 18 18 2 2 18 40 18 14 14 3 3 
mquinn9 18 
marendt 18 40 18 14 14 18 40 18 18 
lwilli23 18 6 6 6 36 6 14 37 14 
lsavant 18 40 18 
jwenger1 18 18 18 18 21 21 33 33 
jknipe 18 6 6 6 6 18 18 
hvita 18 18 18 2 2 18 40 18 10 10 18 40 18 14 14 
hueland 18 14 14 
eospeck 18 37 18 14 14 
dmorris7 4 4 21 21 33 36 33 18 40 18 
dlagios 18 18 18 2 2 10 10 18 40 18 14 14 5 5 3 3 18 18 
csardi 18 6 6 6 36 6 18 36 18 14 14 18 40 18 
bnavarro 18 
bdahnke 18 18 2 38 2 18 40 18 24 40 24 
tleeker 18 
tcantway 18 40 18 18 14 14 
mrush 24 24 18 40 18 
mandrea1 18 
kmichael 18 40 18 14 14 
khogan6 18 6 6 6 6 
jhallenb 18 6 6 6 6 18 18 18 
gdoughe1 18 40 18 18 18 18 
efurlo 18 40 18 
dgrime 18 18 18 18 4 4 33 33 21 21 18 36 18 18 18 18 18 
cyounkle 18 40 18 6 6 6 6 
chult 18 
carmstr2 18 18 6 6 18 37 18 14 14 
braimann 18 18 18 18 
bhuls 18 24 24 5 5 3 3 18 40 18 
wolafsso 18 18 24 24 10 40 10 18 40 18 14 14 3 3 18 40 18 
sewart 18 40 18 
rcook4 18 40 18 4 4 24 24 33 33 21 21 
pmagner 18 18 18 24 24 2 2 18 40 18 14 14 
ngaines 18 
lsantama 18 40 18 14 14 
kfarr1 18 40 18 
jzhao5 18 
jcobb2 18 14 14 18 40 18 
ddonnel1 18 40 18 18 18 18 18 
bsantan1 18 24 24 18 39 18 18 18 6 6 6 6 18 40 18 
areardon 18 21 21 18 40 18 18 14 14 
acohen1 18 18 
tmaloney 5 5 18 40 18 6 6 24 36 24 6 6 
swilli32 18 40 18 14 14 
smyers5 18 18 3 3 14 14 18 18 
shayes6 18 14 14 18 18 
