cdavin1 18 39 18 18 18 18 18 18 18 18 18 18 18 18 18 24 24 18 40 18 24 24 18 40 18 18 18 18 18 18 18 18 18 18 13 13 18 18 28 28 18 40 18 
alebron1 18 40 18 24 24 18 39 18 18 18 18 18 18 18 18 18 18 18 18 18 24 24 18 40 18 24 24 18 39 18 18 24 24 18 18 24 24 18 36 18 18 18 18 18 
ccooper8 18 18 18 18 18 18 18 18 18 24 24 18 40 18 18 24 24 18 40 18 18 24 24 1 1 18 18 19 36 19 8 36 8 31 31 18 40 18 18 18 18 18 18 18 18 24 24 
nweindel 18 18 18 18 18 24 24 18 40 18 18 24 24 18 39 18 18 18 24 24 11 11 18 40 18 18 18 
ntownsen 18 18 18 18 18 18 18 18 18 18 18 18 18 18 18 18 18 18 18 18 18 33 33 18 40 18 18 18 18 18 18 18 18 18 24 24 
fhita 18 32 32 23 23 33 33 18 40 18 18 18 18 18 18 18 18 18 18 18 18 18 18 18 
mmcfarli 18 40 18 18 18 18 24 24 18 40 18 18 18 17 17 13 13 30 30 26 26 
mlengwin 18 40 18 18 18 18 18 24 24 18 40 18 24 24 18 40 18 18 24 24 18 39 18 24 24 18 40 18 18 18 
pbrown10 18 18 32 32 33 33 18 40 18 18 18 18 
rdiejoma 18 40 18 18 18 18 18 18 24 24 18 40 18 18 18 18 18 13 37 13 15 15 19 19 21 38 21 18 18 22 39 22 
drogers1 18 18 18 18 18 18 18 18 18 18 18 24 24 18 40 18 18 18 24 24 18 36 18 
cdelpila 18 18 24 24 18 18 11 11 18 37 18 11 11 18 38 18 18 32 37 32 18 37 18 17 17 17 17 12 12 29 29 
cbolivar 18 18 18 18 18 18 18 18 18 18 18 18 24 24 18 40 18 18 
muhlenbr 18 38 18 23 40 23 18 40 18 24 24 18 36 18 13 36 13 18 18 18 15 15 18 37 18 19 19 32 32 21 21 1 1 12 12 22 22 24 39 24 13 13 34 34 29 29 12 12 11 11 23 39 23 
msmith75 18 18 11 11 18 40 18 18 18 18 18 18 18 22 39 22 1 1 10 36 10 32 32 4 4 23 23 18 36 18 18 18 18 18 20 20 18 40 18 18 18 18 
pmcguir2 18 40 18 18 18 18 24 24 18 40 18 18 
jstaten 18 18 15 15 18 40 18 18 27 27 13 13 32 32 25 25 13 39 13 6 6 18 40 18 18 18 
mgirod 18 36 18 18 18 26 26 18 40 18 18 18 18 18 18 24 36 24 27 39 27 13 13 18 36 18 18 18 34 34 26 26 18 36 18 18 18 18 1 1 18 18 20 20 18 18 18 18 30 30 12 12 3 40 3 18 40 18 18 18 8 8 18 40 18 
zgartenh 18 40 18 18 18 18 18 18 32 32 23 23 33 33 18 40 18 18 18 18 18 18 18 18 18 18 18 18 18 18 18 18 18 18 18 18 18 
alabella 18 40 18 18 18 18 18 18 18 33 40 33 18 40 18 18 18 18 18 18 18 18 18 18 
bferrer1 18 24 24 18 39 18 18 18 18 18 18 18 18 18 18 18 18 18 18 24 24 18 40 18 18 24 24 
pcataldi 18 40 18 18 18 26 26 19 19 3 3 18 40 18 18 18 8 8 18 18 18 18 18 18 18 24 24 18 18 18 18 18 18 24 24 18 18 18 18 18 18 24 24 15 15 13 13 18 40 18 18 22 39 22 12 12 
aohri 34 34 7 36 7 18 40 18 18 18 18 18 26 26 26 26 18 40 18 18 19 19 19 19 18 40 18 18 18 18 18 19 19 18 18 18 18 18 18 18 18 18 18 18 18 18 18 18 18 24 24 18 18 18 18 18 18 31 36 31 18 18 18 
pklekamp 18 40 18 18 18 18 18 18 18 18 18 18 18 18 18 18 18 18 24 24 18 36 18 18 1 1 34 37 34 13 36 13 18 18 18 18 12 12 29 29 18 40 18 18 18 18 
amccar10 18 18 32 32 18 18 23 23 33 33 18 18 18 18 18 24 24 11 11 18 39 18 18 18 17 38 17 18 18 18 
nwamble 18 24 24 32 32 33 37 33 18 40 18 18 18 18 24 24 18 40 18 18 18 18 24 24 18 40 18 18 18 24 24 18 36 18 
wwu5 18 18 18 18 18 18 18 18 24 39 24 18 39 18 18 3 3 17 17 18 37 18 
thowe1 18 23 23 33 33 18 40 18 18 24 24 18 40 18 18 18 24 24 
mmian 18 18 18 18 18 18 18 24 24 18 40 18 18 18 18 18 24 24 18 40 18 18 18 18 18 18 18 24 24 18 39 18 24 24 18 40 18 18 18 18 18 18 18 18 18 
jhouge 18 40 18 18 18 18 33 33 23 40 23 18 40 18 18 18 18 18 24 24 18 40 18 24 24 18 40 18 18 18 1 1 27 27 13 13 10 10 23 23 21 21 4 4 18 36 18 
slemaign 18 18 18 18 24 24 18 40 18 18 18 24 24 18 40 18 
nwarren 18 40 18 18 18 18 18 24 24 18 39 18 24 24 18 37 18 18 11 11 
bconnol3 18 40 18 18 24 24 18 37 18 32 36 32 23 23 
rheitkam 18 40 18 18 24 24 18 40 18 18 24 24 18 36 18 18 18 18 24 24 
rgensler 18 40 18 18 18 18 18 
kthornt4 18 40 18 18 24 36 24 18 40 18 18 18 24 24 
pvlandis 18 18 24 24 18 40 18 18 18 18 24 24 18 40 18 18 18 24 24 18 40 18 18 18 
mmizraji 18 18 18 18 14 14 33 33 18 40 18 18 18 18 24 24 18 40 18 18 18 24 24 18 40 18 14 14 18 40 18 18 18 18 18 24 24 18 40 18 18 24 24 13 13 21 21 18 40 18 18 18 
zpavlin 18 40 18 18 18 24 24 18 40 18 18 18 14 14 32 32 23 23 33 33 18 40 18 18 18 24 24 18 40 18 18 24 24 1 1 12 12 13 13 18 36 18 18 18 18 18 24 24 
ydeng3 18 18 18 18 18 17 17 18 40 18 18 18 13 13 18 39 18 0 0 33 37 33 18 18 18 
kfox8 18 36 18 18 18 18 18 18 24 24 18 40 18 18 24 24 32 40 32 29 36 29 26 26 21 21 1 1 18 36 18 
lsulli11 18 40 18 18 18 18 24 24 18 40 18 18 18 18 18 18 18 18 18 18 18 18 18 18 24 24 18 39 18 18 18 18 18 
jgorman6 18 18 18 18 18 32 32 23 23 33 33 18 40 18 18 18 18 18 18 18 24 24 18 40 18 18 18 
enunez 18 23 23 32 32 33 33 18 40 18 18 18 24 24 18 40 18 18 18 18 18 18 24 24 18 40 18 24 24 18 40 18 18 34 34 18 40 18 
jdirksen 32 40 32 18 40 18 14 14 18 37 18 18 18 18 24 24 18 37 18 18 22 22 1 1 13 39 13 26 36 26 7 7 10 10 34 34 23 23 5 36 5 12 37 12 17 36 17 1 1 
whornby 18 18 19 19 18 40 18 18 18 24 24 18 36 18 22 22 1 1 13 13 18 36 18 7 7 19 19 26 26 10 10 5 5 31 31 18 38 18 18 18 18 18 18 18 18 18 24 24 18 40 18 13 13 10 10 5 5 17 17 18 39 18 24 24 
mblatt1 18 18 24 24 18 40 18 24 24 18 40 18 24 24 13 13 22 39 22 2 38 2 25 38 25 18 36 18 10 36 10 18 40 18 24 24 18 40 18 
jowusuko 18 18 18 18 18 18 26 26 3 3 19 36 19 18 40 18 14 14 18 40 18 18 18 18 18 18 24 24 18 39 18 18 32 32 18 40 18 
mmang 18 26 26 18 18 18 18 18 18 18 18 18 24 24 18 40 18 18 6 6 30 30 18 38 18 
waberger 18 40 18 18 18 18 18 18 18 18 18 18 18 18 18 
llombar2 18 40 18 18 18 18 18 18 18 18 18 18 18 18 24 24 18 40 18 18 18 18 18 18 18 18 18 18 
gkaiser 18 18 18 18 14 14 18 40 18 18 18 18 18 18 18 18 18 18 33 40 33 32 40 32 18 40 18 18 24 24 18 40 18 18 18 18 18 24 24 18 40 18 
koconn27 18 18 26 26 18 39 18 18 18 18 3 3 18 40 18 18 18 18 18 18 18 
aweishan 18 18 18 18 24 24 18 40 18 18 18 24 24 18 18 24 24 13 39 13 11 39 11 32 36 32 18 38 18 8 8 34 34 
mcaskey 18 18 18 18 18 18 
jguarino 18 33 33 24 24 18 40 18 18 18 18 18 18 18 18 18 18 18 18 18 18 18 15 15 13 13 18 40 18 18 18 18 18 32 32 
cseymou2 18 40 18 18 18 18 23 40 23 33 33 18 40 18 18 14 14 14 14 18 40 18 18 18 18 24 24 18 40 18 18 18 30 30 34 34 18 40 18 30 30 34 34 20 20 6 36 6 21 21 18 40 18 18 
dplagenz 18 40 18 18 18 18 18 24 24 18 40 18 18 24 24 18 39 18 18 18 18 18 18 
amccar11 18 18 18 23 40 23 33 33 18 40 18 18 24 24 18 40 18 24 24 18 40 18 18 18 18 34 34 18 40 18 18 24 24 18 40 18 18 18 1 1 
yshi6 18 40 18 18 
minoue2 18 24 24 18 40 18 18 18 18 24 24 4 37 4 25 25 
jwinebre 18 18 18 14 14 18 40 18 18 14 14 18 39 18 18 32 32 23 23 18 18 33 33 18 40 18 18 24 24 18 40 18 18 18 18 18 18 
sgalbens 18 18 18 32 32 18 18 18 18 24 24 18 40 18 18 26 37 26 18 18 18 23 23 22 39 22 20 20 7 7 29 29 18 18 8 8 1 1 25 25 9 9 29 29 20 20 30 30 17 17 7 7 26 26 32 32 18 36 18 
jlazzara 18 40 18 18 32 40 32 18 40 18 18 14 14 18 40 18 18 24 24 18 40 18 18 18 18 
vruesch 18 40 18 18 18 11 11 1 1 13 37 13 18 40 18 18 18 24 24 18 40 18 18 18 18 18 
ghong 18 18 24 24 18 40 18 18 18 18 18 18 18 
bhogan1 32 32 33 36 33 18 40 18 18 18 18 18 18 18 18 18 24 24 18 40 18 18 1 1 18 40 18 26 39 26 19 19 5 36 5 23 23 
wdu 18 18 18 18 18 18 18 18 24 24 18 40 18 18 18 18 18 3 3 18 40 18 18 
tmercier 18 40 18 18 24 24 18 40 18 18 18 18 24 24 18 40 18 32 32 23 23 33 33 18 40 18 14 14 18 40 18 18 18 11 11 18 40 18 13 13 23 36 23 
esunshi1 18 40 18 18 18 18 18 18 18 24 24 18 40 18 
eevans9 18 18 18 24 24 18 40 18 18 18 18 1 1 18 39 18 18 15 37 15 27 39 27 
bkenney1 18 18 18 33 33 18 38 18 32 32 23 23 14 14 18 40 18 18 24 24 18 40 18 24 24 18 40 18 18 18 18 18 18 18 18 18 18 
cdieckma 18 40 18 24 24 24 38 24 18 40 18 18 18 
mcoggins 18 40 18 18 18 18 11 37 11 12 12 18 18 13 36 13 31 31 4 4 18 40 18 32 32 34 34 26 26 21 21 18 40 18 18 18 18 
jdelledo 18 36 18 18 18 18 18 24 24 15 38 15 18 37 18 18 34 34 18 40 18 
mfreedlu 18 40 18 22 22 6 6 13 13 26 36 26 25 25 8 36 8 18 40 18 18 
tprice4 18 40 18 18 18 18 18 18 24 37 24 
lbarret2 18 24 24 18 40 18 24 24 18 40 18 24 24 18 40 18 27 27 6 6 17 17 4 4 25 25 18 37 18 
eralph 18 18 18 18 18 18 18 24 24 18 40 18 18 18 18 18 18 18 18 
bhalliga 18 39 18 18 24 24 18 18 15 37 15 
sroennec 18 40 18 18 18 18 18 24 24 18 40 18 18 18 18 24 24 18 40 18 24 24 18 40 18 18 7 7 
jmurph32 18 32 32 18 40 18 32 32 33 33 18 40 18 24 24 2 2 7 7 18 36 18 
cfrentze 18 38 18 18 24 24 18 40 18 18 18 24 24 18 40 18 18 
mnewcome 18 24 24 13 37 13 
tpreko 18 32 32 23 23 18 36 18 18 33 33 18 40 18 24 24 18 40 18 18 18 24 24 18 40 18 18 11 11 
mtreacy 18 18 24 24 18 40 18 13 13 18 18 18 20 20 18 40 18 18 24 24 15 36 15 
ccampb21 19 19 26 36 26 3 3 18 40 18 18 33 40 33 18 40 18 18 18 24 24 18 40 18 18 18 17 17 34 34 32 32 13 13 21 21 1 1 18 40 18 18 18 24 24 18 37 18 
rrivera8 18 40 18 24 24 18 39 18 18 18 18 8 8 18 37 18 18 18 18 18 18 
rblack4 18 18 18 18 24 36 24 18 40 18 18 18 18 24 24 
jwelsch 18 40 18 18 19 19 24 24 18 40 18 18 18 18 18 18 17 17 18 18 18 18 34 34 18 18 1 36 1 18 18 18 18 18 24 24 18 18 18 
jgately1 18 18 18 18 24 24 18 40 18 24 24 18 40 18 18 24 24 
gdean 18 18 18 15 15 18 40 18 
ewigutow 18 26 26 19 19 33 40 33 18 40 18 18 18 24 24 18 40 18 18 18 24 24 18 18 18 22 22 1 1 18 36 18 18 18 4 4 7 7 5 36 5 18 40 18 18 18 8 8 32 36 32 18 37 18 11 11 
cmorton2 18 26 26 19 38 19 3 3 18 40 18 18 24 24 18 40 18 18 18 1 1 18 18 18 13 13 7 7 18 18 26 26 34 34 23 23 18 36 18 22 22 25 25 12 12 28 28 20 20 18 38 18 18 8 8 33 33 28 28 18 18 18 
mrooney6 18 40 18 24 24 18 40 18 18 
mmoran12 18 24 24 18 40 18 18 18 18 18 24 24 18 39 18 17 40 17 15 36 15 19 38 19 26 36 26 22 36 22 8 39 8 1 1 
jwalte10 18 40 18 18 24 24 18 36 18 18 18 18 1 1 18 38 18 18 33 33 18 37 18 5 5 18 40 18 18 18 24 24 18 40 18 18 18 24 24 
jcarney6 18 18 18 21 21 22 22 12 12 26 26 19 19 7 7 30 30 18 40 18 18 23 23 18 40 18 13 40 13 15 15 18 40 18 1 39 1 18 39 18 18 18 18 18 18 18 
pmeyer3 18 40 18 18 18 18 14 14 33 33 18 40 18 18 24 24 18 18 18 18 24 24 15 38 15 13 13 11 11 14 14 20 37 20 13 40 13 17 36 17 4 4 34 34 6 6 18 40 18 18 
icallaha 18 36 18 18 18 18 18 24 24 18 40 18 18 19 40 19 26 26 30 36 30 18 37 18 18 11 11 6 39 6 
kkostola 18 40 18 18 18 18 18 7 39 7 18 37 18 
dlee26 18 18 18 18 18 18 18 24 24 18 40 18 18 18 18 18 18 18 18 
yying 18 32 32 23 23 33 33 18 40 18 24 24 18 39 18 11 11 13 36 13 15 15 10 36 10 10 10 18 18 18 18 22 22 24 24 
swagy 18 40 18 18 18 18 18 24 40 24 33 36 33 18 40 18 18 18 24 24 18 39 18 
rroque1 32 32 23 23 33 33 18 40 18 18 18 24 24 18 40 18 11 11 18 40 18 18 
wmohler 18 40 18 18 18 18 24 24 18 40 18 26 39 26 10 10 6 6 13 13 
lklein1 18 18 18 24 24 18 39 18 18 18 18 24 24 18 38 18 21 21 28 36 28 18 39 18 15 40 15 4 38 4 17 17 25 25 8 8 18 40 18 24 24 
hrague 18 40 18 24 24 18 40 18 18 11 11 18 18 18 
cott 18 40 18 18 18 24 24 18 40 18 18 
mholzbau 18 18 18 18 24 24 18 39 18 18 
mhawkin3 18 40 18 18 18 24 36 24 18 39 18 30 30 18 40 18 19 19 26 26 6 6 
lharmon 18 18 18 24 24 18 40 18 18 18 13 13 15 15 18 40 18 18 18 24 24 18 39 18 13 13 33 33 18 40 18 18 18 1 1 18 40 18 11 11 
elazzaro 18 40 18 18 24 24 18 40 18 18 24 24 
tburley 26 36 26 19 19 18 40 18 33 33 14 14 18 40 18 18 18 18 18 18 18 14 14 24 24 18 40 18 18 18 24 24 18 40 18 
shenn 18 37 18 18 18 
jgomez5 18 18 24 24 18 40 18 18 18 18 18 18 
jfries3 18 26 26 19 19 3 3 18 38 18 18 23 23 33 33 14 14 18 40 18 18 18 18 18 18 18 18 18 18 24 24 18 18 15 15 22 37 22 18 40 18 
bniemoel 18 18 18 18 18 18 24 24 18 40 18 18 26 39 26 19 19 18 18 13 13 34 34 1 36 1 
jmurph33 18 18 18 18 18 24 24 14 14 18 40 18 24 24 12 37 12 18 18 18 24 24 10 10 33 33 12 36 12 8 8 
dcorr1 18 18 18 18 18 18 18 18 18 18 18 18 18 24 24 18 39 18 18 18 18 18 18 18 18 18 18 18 24 24 18 39 18 
cemenalo 18 40 18 18 18 18 18 18 14 14 18 40 18 18 18 18 24 24 18 40 18 18 20 36 20 13 37 13 23 38 23 18 38 18 18 18 
yjung2 18 3 3 18 18 19 19 18 40 18 18 18 18 18 18 18 18 18 18 18 24 24 18 40 18 5 40 5 25 25 18 40 18 
rpappas 18 40 18 18 18 18 18 18 24 24 18 40 18 24 24 18 18 21 21 18 40 18 11 39 11 
mmerric1 18 18 26 26 19 19 3 3 18 18 18 18 18 18 18 18 24 24 18 40 18 18 18 
mdosch 18 18 18 18 24 24 18 40 18 18 18 24 24 18 37 18 13 13 18 40 18 18 
jbettag 18 18 18 18 18 18 18 18 18 24 24 18 40 18 18 13 13 30 30 34 34 5 5 20 20 18 40 18 
jbernin1 18 40 18 18 18 24 24 18 40 18 18 11 11 18 40 18 18 17 17 26 26 19 19 18 37 18 
gbruenin 18 18 32 32 23 23 33 33 18 40 18 18 24 24 18 40 18 18 24 24 18 40 18 18 18 18 30 30 18 37 18 18 
ddallava 18 36 18 18 18 18 18 24 24 18 40 18 
cgamboa 18 40 18 26 26 18 40 18 18 18 18 18 18 18 18 18 24 24 18 40 18 18 22 22 
nquartir 18 40 18 18 18 18 24 24 18 40 18 18 18 18 18 18 18 
lfaubion 18 18 18 23 23 18 18 33 33 18 40 18 24 24 18 18 18 18 23 23 18 36 18 18 24 24 18 18 
cwilso24 18 18 18 18 24 24 18 40 18 18 24 24 18 37 18 18 24 24 13 13 18 18 
aursino1 18 18 18 26 26 19 19 3 3 18 40 18 18 18 18 18 18 
msummer2 18 40 18 18 18 22 22 1 1 27 27 32 39 32 18 40 18 18 
kramm 18 40 18 18 14 14 18 36 18 33 33 18 40 18 24 24 0 40 0 11 11 18 40 18 18 18 18 28 28 18 36 18 18 18 13 13 18 18 18 18 28 38 28 6 6 25 25 18 40 18 
jchapple 18 18 24 24 23 23 18 18 32 32 33 36 33 18 40 18 18 18 18 18 18 18 18 18 18 18 18 18 18 18 18 24 24 18 40 18 
dbirzer 18 26 26 19 19 10 10 18 40 18 18 18 18 
cfish 18 37 18 32 32 18 40 18 24 24 18 40 18 18 18 24 24 18 40 18 18 24 24 
nholmes1 18 40 18 18 24 24 18 18 14 14 18 40 18 18 18 18 18 18 18 18 18 24 24 18 18 18 24 24 5 5 18 40 18 24 24 
ngiovino 18 18 18 18 24 24 18 40 18 18 18 18 18 18 24 24 11 11 18 39 18 18 24 24 18 37 18 
eherber1 18 18 18 18 18 18 24 24 18 18 18 18 1 1 18 18 6 6 25 25 18 37 18 17 17 30 30 18 38 18 18 18 11 11 
tzheng2 18 18 18 24 24 18 40 18 18 18 18 1 1 18 18 18 18 3 3 6 36 6 30 30 27 27 25 25 18 38 18 
jcolli23 18 40 18 18 18 18 24 24 18 18 18 24 24 18 40 18 
awalton3 18 40 18 18 18 18 18 33 33 18 40 18 18 18 18 18 24 24 18 18 18 18 18 24 24 31 39 31 18 39 18 17 17 31 31 24 37 24 18 40 18 
vwhitmor 18 37 18 18 24 24 18 40 18 18 18 18 24 24 24 40 24 
rmyers9 18 40 18 18 24 24 18 40 18 18 24 24 18 40 18 18 
mdillon7 18 18 34 34 7 7 10 10 18 40 18 18 26 26 19 19 18 40 18 19 19 18 40 18 18 18 18 24 24 18 40 18 13 39 13 1 40 1 22 22 14 14 12 12 18 40 18 24 24 18 39 18 24 24 18 36 18 0 0 1 1 14 14 12 12 34 40 34 
jdoerer 14 14 18 18 26 26 19 19 18 36 18 18 19 19 26 26 3 3 18 40 18 18 18 18 18 
gbiltz 18 18 18 24 24 1 1 27 27 2 2 7 7 5 5 12 12 17 17 
aheck1 18 40 18 24 24 18 40 18 18 18 18 18 18 25 40 25 
ucooper 18 18 18 24 24 18 18 14 14 18 40 18 18 32 32 23 23 33 36 33 18 40 18 18 18 18 18 18 24 24 18 40 18 
rschill1 18 24 24 18 40 18 33 33 23 23 18 40 18 24 24 
mschlic1 18 40 18 18 18 18 18 18 18 18 24 24 24 36 24 18 18 18 18 
mperry6 18 23 23 33 33 32 32 18 40 18 32 32 18 18 18 18 24 24 18 40 18 13 39 13 28 28 29 29 18 40 18 18 18 28 37 28 8 36 8 18 40 18 
jfenton1 18 18 18 18 18 18 24 24 33 38 33 23 23 18 40 18 24 24 18 36 18 22 22 18 18 1 1 26 38 26 20 39 20 18 36 18 27 27 18 39 18 18 
csauder 18 18 18 24 24 33 33 32 32 23 23 18 36 18 18 18 18 26 26 18 18 24 24 
alowney 32 32 33 33 18 39 18 18 18 24 24 18 39 18 18 24 24 18 40 18 22 22 1 1 18 18 24 24 23 36 23 26 26 19 19 12 12 2 2 13 13 0 37 0 
zkagalw1 32 32 23 23 18 40 18 18 32 32 14 37 14 24 24 18 40 18 24 24 18 39 18 18 24 24 5 36 5 1 1 32 32 22 36 22 
swilkin4 18 18 18 18 18 18 18 18 18 24 24 18 40 18 18 18 
cschmid7 18 40 18 18 18 24 24 18 40 18 18 18 18 24 24 18 40 18 18 18 18 18 18 24 24 18 36 18 18 12 12 18 40 18 28 40 28 12 12 13 13 2 2 15 15 6 6 7 7 18 18 33 33 8 8 18 36 18 22 22 8 8 18 18 12 12 13 13 6 6 33 33 7 7 
awang4 18 32 32 23 23 33 33 18 36 18 24 24 18 40 18 18 24 24 18 40 18 18 32 32 18 40 18 18 18 18 18 13 39 13 18 18 18 18 18 25 25 19 19 18 18 18 6 6 
abenavi3 18 40 18 18 18 18 18 18 24 24 18 40 18 
sweyhmil 18 40 18 32 32 18 40 18 18 24 24 18 40 18 18 18 24 24 18 40 18 18 11 11 18 38 18 18 24 24 
sgenz 18 36 18 18 18 18 18 18 18 18 18 
mwu4 18 18 26 38 26 18 40 18 
jleporte 18 18 18 18 33 36 33 18 40 18 14 14 18 39 18 23 23 18 40 18 18 24 24 1 1 18 36 18 18 18 12 12 
adichris 18 18 24 24 18 40 18 30 30 18 36 18 1 1 18 40 18 18 18 3 3 26 26 13 13 12 12 28 28 15 40 15 18 18 
scrotty1 18 36 18 24 24 18 40 18 18 18 18 18 18 18 18 18 18 24 24 18 18 11 11 
pfarring 18 40 18 14 14 32 32 23 36 23 33 33 18 40 18 24 24 18 40 18 30 36 30 23 36 23 18 18 
pdesousa 18 18 33 33 32 32 24 24 18 40 18 18 24 24 18 40 18 18 18 18 18 24 24 
mkuehl 18 24 24 18 40 18 32 32 13 13 18 38 18 24 39 24 13 13 20 20 18 40 18 18 18 18 18 18 18 18 13 13 24 24 
lfitter 26 26 19 19 3 3 18 40 18 23 40 23 18 40 18 18 18 34 34 18 40 18 18 11 11 30 30 18 18 18 18 
kenriett 18 32 32 18 40 18 18 18 11 11 18 40 18 18 
jruan 18 40 18 24 24 18 40 18 18 32 32 8 8 13 13 11 36 11 0 0 29 37 29 30 37 30 21 21 11 11 
emostyn 18 24 24 18 18 18 18 1 1 12 12 18 40 18 24 24 18 18 33 33 1 1 18 37 18 
edohert1 18 40 18 24 24 18 40 18 24 24 18 18 18 18 18 
amellert 33 40 33 18 40 18 18 18 18 
aandrade 18 38 18 18 18 18 1 1 22 22 25 25 5 5 13 13 30 30 34 34 7 7 10 10 4 4 17 17 31 31 18 40 18 
tdann 18 19 19 26 26 18 40 18 18 18 
sielusic 18 18 18 3 3 18 18 18 18 24 24 18 38 18 18 24 24 18 18 13 37 13 20 37 20 29 29 18 36 18 15 15 
mlicursi 18 40 18 32 32 23 23 33 33 14 14 18 40 18 18 32 32 23 23 33 33 18 40 18 24 24 18 40 18 18 18 13 13 18 40 18 11 11 18 40 18 20 38 20 18 39 18 
mdrake2 18 18 18 18 18 18 18 18 18 18 18 18 18 18 18 18 18 18 18 11 11 18 39 18 18 18 18 18 18 
lhe3 18 40 18 24 24 1 1 18 18 18 24 38 24 18 37 18 
afonash 18 40 18 18 18 24 24 18 18 18 18 18 18 30 30 7 7 23 23 18 39 18 24 24 32 32 18 36 18 
obarnard 18 40 18 24 24 20 40 20 19 19 26 39 26 8 8 18 40 18 
nbenz 18 40 18 24 24 18 40 18 18 24 24 18 40 18 18 24 24 18 40 18 18 18 24 24 18 38 18 1 38 1 18 40 18 18 
lhuang3 18 40 18 18 18 18 18 18 18 18 18 18 18 1 1 8 8 4 4 15 15 13 13 6 6 7 7 33 33 25 25 
jwessele 18 40 18 18 18 18 24 24 27 37 27 17 38 17 13 13 1 36 1 5 5 20 20 24 24 33 36 33 3 3 19 19 18 40 18 18 
jmastron 18 36 18 3 3 18 40 18 24 24 18 40 18 18 24 24 18 40 18 18 18 18 24 24 18 40 18 1 1 18 39 18 18 18 18 18 21 21 30 30 18 39 18 
dmarino 18 18 26 39 26 15 15 23 23 18 39 18 
cpickfor 18 40 18 18 18 18 18 24 24 18 40 18 18 18 1 1 18 18 22 22 18 18 18 17 17 18 18 13 13 15 15 6 37 6 18 40 18 17 38 17 18 18 
obaitlot 18 3 3 26 26 19 19 18 18 18 18 18 18 18 18 18 18 18 18 18 18 18 18 24 24 18 40 18 18 18 24 24 18 40 18 18 18 
kmollenk 18 40 18 18 24 24 18 40 18 18 18 18 18 24 24 
ccarlso2 18 40 18 18 18 18 24 24 18 40 18 13 39 13 34 38 34 2 2 
bmoreno1 18 18 18 18 18 26 26 18 18 3 3 18 36 18 18 33 40 33 18 40 18 18 18 18 24 24 18 40 18 18 18 26 37 26 3 3 19 19 14 14 18 18 18 18 5 37 5 18 39 18 24 24 18 40 18 
smanriqu 18 40 18 18 18 18 18 18 24 24 18 40 18 4 4 19 39 19 18 39 18 11 11 18 18 18 25 25 5 5 17 17 4 4 18 18 11 11 
mmillado 26 26 3 3 19 19 18 40 18 18 18 18 18 18 24 24 18 40 18 
mferrel2 18 33 33 23 23 32 32 18 40 18 18 18 18 24 24 7 37 7 19 19 
ldougla3 18 40 18 18 18 18 18 14 14 18 40 18 18 18 18 24 24 18 40 18 18 
jmcconn1 18 18 18 18 18 18 19 19 26 26 18 40 18 18 18 18 18 18 18 18 18 18 18 18 18 18 18 24 40 24 32 38 32 11 36 11 24 24 17 37 17 4 4 
ecahill 18 40 18 18 18 1 1 7 7 18 40 18 
dshaw4 18 40 18 18 18 18 24 24 18 40 18 
alucche1 18 40 18 18 18 24 24 18 40 18 24 24 18 40 18 18 
odonnel1 3 37 3 19 39 19 26 26 18 40 18 18 18 18 24 24 18 40 18 18 18 24 24 18 40 18 18 8 8 18 40 18 
mpirko 18 40 18 18 18 18 24 24 11 11 18 18 
mlyden1 18 40 18 18 18 18 13 13 27 39 27 22 22 18 40 18 
mdekold 18 18 18 24 24 18 40 18 18 18 18 18 18 18 18 
esalina1 18 18 18 18 18 18 18 18 18 
adiederi 18 40 18 18 24 24 18 40 18 24 24 18 40 18 18 18 13 13 30 30 12 12 18 40 18 18 1 1 15 15 7 7 32 32 23 23 22 22 18 18 
sholtz1 18 40 18 18 23 23 14 14 18 40 18 33 33 18 40 18 18 18 18 18 
sdann 18 37 18 18 24 24 18 40 18 18 18 18 
pkolek 18 37 18 18 18 24 24 7 40 7 14 39 14 18 40 18 24 24 18 40 18 
nhaymond 18 18 24 24 18 40 18 18 24 24 18 18 18 11 11 18 18 18 18 18 18 24 24 
kmuha 18 18 24 24 23 40 23 18 40 18 18 
kfeehan 18 40 18 18 18 18 18 24 24 18 40 18 18 1 1 13 13 18 40 18 18 18 18 26 40 26 19 19 25 40 25 20 20 18 40 18 18 
kalme 18 40 18 18 18 24 24 
ivaldess 18 40 18 24 24 18 40 18 18 18 18 18 18 18 24 24 11 11 18 18 
sreddy4 18 24 24 18 40 18 24 24 18 36 18 18 
rboylan 18 18 18 18 18 18 18 18 24 24 18 40 18 34 34 18 40 18 25 25 18 40 18 
ncheng 18 40 18 18 24 24 18 40 18 18 18 11 11 18 37 18 24 24 
jzelinsk 18 40 18 18 24 24 18 40 18 18 10 10 18 40 18 18 18 
jcuji 18 24 24 18 40 18 18 32 32 33 37 33 18 40 18 18 18 18 24 24 18 18 
gworthin 18 40 18 24 24 11 37 11 18 36 18 18 18 18 24 24 
dfabrega 18 18 14 14 18 40 18 18 18 18 18 18 18 18 24 37 24 18 38 18 18 18 18 18 18 18 
angov 18 40 18 24 24 18 40 18 18 18 
adunniga 18 18 18 24 24 18 37 18 18 18 
scrippes 18 18 23 23 33 33 18 40 18 18 18 18 
mschutze 18 40 18 18 18 24 24 18 18 33 33 
mpavloff 18 39 18 18 18 18 18 24 24 18 40 18 25 36 25 20 36 20 4 4 18 40 18 
lnixon1 18 36 18 18 23 40 23 33 33 18 40 18 18 18 24 24 18 37 18 5 38 5 13 36 13 18 36 18 
kmurray7 18 32 32 23 23 33 33 18 40 18 18 18 24 24 18 40 18 18 18 32 32 18 40 18 
jshard 18 24 24 18 40 18 24 24 18 40 18 18 11 11 
hthomps4 18 40 18 24 24 18 40 18 18 24 24 13 37 13 18 40 18 18 
ewood1 18 18 24 24 18 40 18 18 18 18 18 18 
estrouse 18 18 18 24 24 18 40 18 18 13 13 34 34 19 38 19 1 37 1 12 12 29 29 33 33 18 18 
sekanay1 18 
odegnim 18 40 18 18 18 18 32 32 23 23 33 33 18 40 18 24 24 13 13 18 40 18 18 18 
kcox5 18 18 32 32 33 40 33 18 36 18 24 24 18 40 18 18 24 24 18 40 18 18 20 20 1 1 6 6 18 40 18 18 18 18 24 24 1 39 1 6 6 29 29 34 34 
kborotho 18 18 18 24 24 18 39 18 18 18 18 18 18 18 
jbertram 18 18 18 18 
hbyrne 18 40 18 18 18 24 24 
ekeuler 18 18 18 18 18 18 18 18 18 
egeyer1 18 40 18 24 24 18 40 18 18 18 24 24 18 40 18 18 24 24 18 40 18 18 18 24 24 
dlong2 18 18 18 18 18 18 18 18 18 24 24 18 40 18 18 24 24 18 39 18 18 18 
bpierpoi 26 26 19 19 18 40 18 18 18 18 18 18 24 24 18 40 18 18 22 36 22 5 39 5 18 40 18 18 18 
apavelka 18 40 18 18 18 18 18 18 24 24 18 37 18 15 15 18 40 18 
rbartle1 18 37 18 18 18 18 18 11 11 18 40 18 2 36 2 18 39 18 13 13 18 40 18 
nyusko1 18 40 18 18 18 18 18 18 18 18 26 26 19 19 18 40 18 18 18 18 18 18 18 18 18 18 24 24 
motten1 18 40 18 18 24 24 22 22 18 40 18 11 11 18 40 18 18 1 1 27 27 13 13 34 34 5 5 17 37 17 8 8 24 36 24 
molsen3 18 26 26 19 19 3 3 18 40 18 18 18 24 24 18 40 18 18 18 18 18 18 18 18 18 18 18 18 18 
mdambros 18 18 24 24 18 36 18 18 18 18 18 18 18 18 18 18 18 24 24 18 40 18 18 18 24 24 
kmountf1 18 40 18 18 26 26 19 19 3 3 18 40 18 18 24 24 18 40 18 18 24 24 18 40 18 18 5 5 8 40 8 18 37 18 
jeversol 18 40 18 18 18 18 18 24 24 18 40 18 18 18 18 24 24 
etorrent 18 18 24 24 18 40 18 18 26 38 26 19 37 19 30 30 6 6 13 13 24 24 
dpatel2 18 18 14 14 18 40 18 18 14 14 24 24 18 40 18 18 24 24 18 40 18 24 24 18 40 18 
cmoreno5 18 36 18 26 26 19 19 18 40 18 18 24 24 18 39 18 13 13 15 15 26 26 5 5 25 25 18 40 18 
bgawel 18 23 23 32 32 33 36 33 18 40 18 18 18 24 24 18 36 18 
bconlon 18 19 19 26 26 3 3 33 33 18 40 18 33 40 33 18 40 18 18 24 24 
apanousi 18 18 18 24 24 18 40 18 
tngochi 18 24 24 18 40 18 24 24 18 40 18 24 24 18 40 18 18 18 18 24 24 18 40 18 24 24 18 40 18 24 24 
tdasso 18 32 32 23 23 33 33 18 40 18 18 24 24 18 40 18 18 18 18 18 18 18 12 12 18 18 18 18 18 24 24 
rwittmer 19 36 19 18 40 18 18 24 24 18 40 18 24 24 18 36 18 18 18 24 24 
rvazza 18 40 18 18 26 26 19 19 3 3 18 39 18 18 18 18 18 18 18 24 24 18 40 18 23 23 18 18 18 18 18 24 24 20 39 20 13 36 13 7 7 1 1 
nhong 18 18 18 24 24 18 40 18 13 13 30 30 15 15 13 39 13 8 8 18 18 
mrohling 18 32 39 32 23 23 33 33 18 40 18 18 18 18 18 18 24 24 18 37 18 18 
dsmith53 18 18 23 23 18 40 18 18 24 24 18 40 18 18 18 18 18 18 
cdowicz 18 18 18 18 3 3 18 18 18 18 18 18 18 18 18 24 24 33 40 33 18 40 18 18 24 24 18 18 33 33 18 18 
bnakfoor 18 32 32 18 40 18 18 18 18 18 24 24 18 18 14 14 18 40 18 13 13 30 36 30 15 15 13 13 33 36 33 25 37 25 18 40 18 28 28 6 6 11 36 11 18 36 18 
akhemani 18 26 38 26 32 32 23 23 33 33 18 18 24 24 18 40 18 24 24 18 40 18 18 18 24 24 18 40 18 18 24 24 11 11 
ahughes8 18 18 24 24 13 39 13 18 40 18 28 28 18 40 18 
tperey 18 40 18 24 24 18 40 18 21 21 18 39 18 
mmccor15 18 18 18 18 24 24 18 40 18 18 18 24 24 18 40 18 
mgray10 18 40 18 24 24 18 37 18 18 18 20 20 15 36 15 13 13 26 37 26 19 19 1 36 1 27 27 31 36 31 17 17 4 4 18 38 18 18 
mfraizer 18 18 18 26 26 19 19 18 40 18 18 24 24 18 40 18 24 24 18 40 18 
lherna11 18 18 7 7 10 10 18 40 18 18 26 26 26 36 26 3 3 14 14 18 40 18 18 18 12 12 4 4 31 31 26 26 32 32 17 17 31 31 34 36 34 18 18 13 13 18 40 18 
jmolumph 18 40 18 18 18 24 24 18 40 18 18 
hzweberl 18 14 14 32 32 33 37 33 18 40 18 18 18 24 24 18 40 18 28 36 28 21 21 20 20 15 36 15 30 30 6 38 6 18 40 18 30 30 20 20 6 6 21 21 18 40 18 24 24 
dserafin 18 40 18 18 18 18 18 24 24 18 39 18 17 17 
bpowell4 18 18 18 18 18 18 18 24 24 18 40 18 24 24 0 0 18 40 18 18 18 24 24 18 18 0 0 
mdownin1 18 40 18 32 32 14 14 33 40 33 18 40 18 18 18 24 24 18 37 18 13 13 18 39 18 18 24 24 17 37 17 
lduggan 18 18 
kmclaug3 18 18 18 33 33 18 40 18 18 24 24 18 40 18 13 13 13 37 13 32 37 32 24 38 24 18 18 11 11 34 36 34 1 1 32 32 23 23 
kbulleit 18 18 19 19 26 26 18 18 18 24 24 18 18 18 24 24 18 40 18 18 18 18 18 24 24 
jplas 18 40 18 18 18 18 18 24 24 18 18 18 14 14 18 40 18 24 40 24 
jbrown36 23 23 32 32 18 40 18 18 32 32 33 33 18 40 18 24 24 18 40 18 18 18 24 24 18 40 18 24 24 13 13 18 40 18 18 6 6 
dkim30 18 40 18 18 18 18 24 24 18 39 18 18 27 36 27 25 25 18 39 18 24 24 
cpantin 18 18 32 32 23 23 33 33 18 40 18 23 23 33 33 18 40 18 24 24 18 40 18 18 18 31 40 31 
cmyers11 18 22 22 
adrisco2 18 40 18 18 18 
nisakson 18 18 26 26 32 40 32 18 40 18 18 18 24 40 24 
kmurph44 18 18 18 18 18 24 24 
ibushue 24 24 18 40 18 18 
hadams3 18 34 34 7 7 10 10 18 40 18 18 18 7 7 7 7 34 34 34 34 18 40 18 18 18 18 18 26 26 19 19 3 3 32 32 23 23 33 33 18 40 18 26 26 19 19 18 40 18 18 18 24 24 18 40 18 13 40 13 6 6 7 40 7 
enichol4 18 40 18 18 18 24 24 13 36 13 2 2 18 40 18 26 26 19 19 3 3 18 40 18 18 24 24 18 40 18 18 18 24 24 28 28 8 8 
egroth 18 18 18 24 24 18 40 18 24 24 18 39 18 22 22 1 1 18 40 18 34 40 34 
aheinzma 18 38 18 18 18 14 14 18 18 18 32 40 32 23 23 33 33 18 40 18 18 32 32 18 40 18 11 11 24 24 18 40 18 18 18 24 24 18 40 18 
adecker1 18 40 18 18 24 24 18 40 18 18 18 24 24 18 40 18 18 18 24 24 18 39 18 18 18 15 15 13 13 6 40 6 
aameen 18 18 18 18 18 24 24 18 40 18 18 11 38 11 
zwall 18 40 18 18 18 18 18 6 36 6 13 13 18 18 18 18 18 18 24 24 18 40 18 18 18 
sdeschne 18 36 18 18 24 24 1 39 1 13 13 18 40 18 25 25 18 40 18 18 27 27 4 4 18 40 18 18 21 36 21 18 40 18 18 
lwatts1 18 40 18 24 24 18 40 18 1 1 19 19 15 15 18 40 18 24 24 33 33 20 20 18 39 18 
krochefo 18 40 18 18 18 18 24 24 18 40 18 18 24 24 18 39 18 18 
gniforat 18 40 18 18 24 24 18 39 18 
eclapp 3 3 26 26 18 40 18 18 18 18 24 24 18 40 18 18 
awaldsch 18 18 18 18 18 18 18 
adevito1 18 32 32 18 40 18 18 24 24 18 40 18 
tsilva1 18 40 18 18 18 24 24 18 39 18 18 18 18 18 13 13 18 40 18 24 24 
oivan 18 40 18 18 18 24 24 18 40 18 18 1 1 15 15 5 5 18 40 18 18 
mmarti45 18 40 18 18 18 18 33 33 33 33 23 23 23 23 32 32 18 40 18 18 24 24 18 40 18 18 18 18 18 24 24 18 40 18 18 18 18 24 24 
mjorden 18 18 24 24 13 38 13 18 39 18 18 18 24 24 18 40 18 18 24 24 
ldorenko 18 40 18 14 14 32 32 18 40 18 18 24 24 18 40 18 18 24 24 18 40 18 18 18 34 34 18 40 18 
ktracey 18 18 14 14 18 40 18 18 14 14 18 40 18 24 24 18 40 18 18 18 25 38 25 18 40 18 6 6 33 33 
krothmey 18 40 18 24 24 18 40 18 18 18 13 13 32 32 26 26 18 18 34 34 18 36 18 11 37 11 
kbiladea 18 18 26 26 19 19 3 3 18 40 18 18 18 18 18 18 18 
jweas 18 40 18 18 24 24 18 40 18 18 
jgoldsch 18 40 18 18 18 24 24 18 40 18 18 6 6 30 30 
jdraves 18 18 18 18 18 24 24 18 40 18 18 18 5 36 5 15 15 18 40 18 18 18 12 40 12 24 24 18 40 18 18 
gotte1 18 32 32 23 23 33 33 18 40 18 18 18 18 
etruesda 23 23 33 33 18 40 18 18 24 24 
emeara 18 18 18 18 18 25 25 13 13 24 24 6 6 
cnilsen 18 40 18 18 18 24 24 18 40 18 
bmurph24 18 40 18 18 18 24 24 18 40 18 18 24 24 18 37 18 18 18 18 24 24 18 18 1 1 15 15 15 15 2 2 
wcheong 18 40 18 18 18 24 24 18 40 18 
kmoran11 18 18 18 18 18 12 12 18 40 18 
kgalla21 18 18 18 24 24 18 40 18 18 34 39 34 18 40 18 18 34 37 34 4 4 3 3 18 18 30 30 23 23 18 18 18 18 18 
kgalla20 18 37 18 18 18 18 18 24 24 18 40 18 24 24 18 39 18 24 24 18 39 18 18 18 30 30 6 6 24 24 18 40 18 18 
kfranz1 18 40 18 24 24 18 40 18 18 24 24 18 38 18 
jhegart2 18 18 32 32 23 23 33 33 18 40 18 18 18 24 24 18 40 18 24 24 18 40 18 
japplew1 18 39 18 18 18 18 24 24 18 40 18 18 18 24 24 18 40 18 18 18 24 24 18 18 18 18 18 
imurrer 18 40 18 24 24 18 40 18 
fschemel 18 40 18 18 18 24 24 18 40 18 24 24 1 39 1 
cmulshin 18 40 18 24 24 18 40 18 18 18 18 
cmagnuss 18 23 23 32 32 33 33 18 18 18 18 18 24 24 18 40 18 18 18 18 6 6 18 40 18 7 7 5 38 5 13 13 
ccleary1 18 40 18 18 18 24 24 18 40 18 18 24 24 18 36 18 23 23 
abohling 18 18 18 18 18 
mscanish 18 23 23 33 33 32 32 18 40 18 24 24 18 40 18 18 24 24 18 40 18 11 11 18 18 14 14 13 13 15 15 2 2 18 40 18 18 24 24 19 37 19 
mkirven 18 26 26 19 36 19 18 40 18 18 18 18 18 18 18 18 18 24 24 18 40 18 18 
lkim3 18 40 18 
lgrabows 18 40 18 18 24 24 14 14 18 40 18 18 18 14 14 18 18 33 33 18 40 18 18 18 18 18 18 13 40 13 
lcaffar1 18 18 24 24 18 40 18 18 18 
kliang2 18 18 
jnowak4 18 40 18 18 24 24 18 40 18 18 18 12 39 12 18 39 18 
hcheng1 18 24 24 18 40 18 11 11 18 40 18 24 24 18 39 18 6 6 34 34 18 40 18 13 39 13 30 30 24 24 18 18 4 4 15 15 18 18 
bmerrick 18 40 18 18 18 14 14 18 40 18 18 32 32 18 40 18 18 24 24 18 40 18 18 18 18 18 14 14 25 25 18 40 18 34 34 5 5 18 40 18 18 18 
bgagnon 18 40 18 18 18 24 24 15 36 15 13 13 18 40 18 18 18 18 18 15 15 18 37 18 18 18 18 18 
tmansell 18 1 1 13 13 18 36 18 18 18 27 37 27 13 13 19 19 26 26 20 20 5 5 23 23 12 12 21 21 18 40 18 
rrocco 18 18 18 18 18 
rpuno 18 40 18 18 24 24 18 40 18 18 18 1 37 1 17 17 4 4 10 10 25 25 13 13 15 40 15 
lyan4 18 18 18 24 24 18 40 18 18 24 24 18 18 18 18 18 18 
kpresteg 18 32 32 23 23 33 33 14 14 18 40 18 18 24 24 18 18 1 1 14 14 21 21 11 11 18 40 18 18 
jbaines 18 18 18 18 18 24 24 18 40 18 18 24 24 
blemay 18 26 26 19 19 18 37 18 3 3 18 18 18 18 18 18 18 24 24 22 36 22 27 27 1 40 1 13 36 13 34 36 34 12 36 12 
aromano2 18 40 18 
alongsta 18 40 18 18 18 18 24 24 22 38 22 1 1 13 36 13 30 36 30 19 19 10 10 3 3 5 36 5 12 36 12 18 40 18 28 28 
szachari 18 40 18 24 24 18 40 18 24 24 27 36 27 12 12 18 40 18 18 24 24 6 36 6 18 40 18 24 24 11 11 
spalumb1 18 24 24 18 40 18 24 24 18 39 18 18 18 18 18 18 
operez2 18 18 18 24 24 13 36 13 
nvincent 18 40 18 24 24 18 40 18 18 24 24 18 40 18 18 18 
lgelin 18 39 18 23 36 23 33 36 33 18 38 18 18 1 1 13 13 34 34 12 36 12 21 21 24 24 18 40 18 18 24 24 18 40 18 24 24 
ldomenel 18 18 24 24 18 40 18 13 13 15 15 26 26 18 40 18 18 18 24 24 1 40 1 22 22 18 18 18 
lcho 18 18 24 24 31 40 31 4 4 7 7 18 40 18 5 36 5 25 25 24 24 18 40 18 
jpaul2 18 18 24 24 18 40 18 18 24 24 
ischmitz 18 40 18 18 19 19 18 40 18 18 18 33 33 18 40 18 32 32 18 40 18 18 18 18 18 18 1 1 25 25 4 40 4 32 32 18 40 18 
egorman5 18 24 24 18 40 18 18 18 18 29 29 5 5 23 23 18 40 18 24 24 30 30 34 34 
eeagle 18 18 18 24 24 18 40 18 24 24 26 36 26 
dallen13 18 19 19 18 40 18 18 18 24 24 18 40 18 23 23 33 33 18 40 18 24 24 3 3 
cdenzel 18 24 24 18 40 18 24 24 18 40 18 
asowell 18 32 32 23 23 33 33 18 40 18 18 18 18 18 24 24 18 37 18 15 15 18 40 18 18 18 
yzou2 18 18 32 32 18 36 18 33 33 18 40 18 24 24 18 38 18 
speter14 18 18 18 18 18 18 18 18 
pmcmonag 18 40 18 24 24 15 37 15 2 2 13 13 7 7 27 36 27 18 40 18 18 20 20 18 40 18 18 
kpaulsen 18 40 18 24 24 18 40 18 18 24 24 18 40 18 18 4 4 12 12 
kjacoby1 18 40 18 24 24 18 40 18 18 18 18 18 18 13 13 1 1 18 38 18 
jruane 18 40 18 18 24 24 18 40 18 1 37 1 18 40 18 18 11 11 18 40 18 18 5 5 18 39 18 24 24 
jdodig 18 18 18 
gcramer1 18 23 23 26 26 18 18 32 32 18 40 18 24 24 18 38 18 12 12 15 15 13 13 18 40 18 18 5 5 18 40 18 18 24 24 18 40 18 18 18 18 
esoller 18 18 18 24 24 18 40 18 18 0 0 11 11 31 36 31 18 40 18 18 
egorman6 18 32 32 23 23 18 40 18 18 18 33 33 23 23 18 40 18 24 24 18 40 18 24 24 1 1 18 40 18 18 18 26 26 34 34 30 30 18 40 18 30 30 18 18 18 18 32 32 18 40 18 18 25 25 18 40 18 19 19 
ckotseos 18 34 34 26 26 18 18 32 32 18 18 18 23 23 18 18 33 33 18 40 18 18 18 24 24 18 40 18 24 24 22 22 23 23 18 18 18 30 30 31 31 18 18 3 3 18 40 18 12 12 
cganley 18 18 18 24 24 18 40 18 24 24 18 40 18 18 18 24 24 18 40 18 18 18 
bfraser 18 40 18 18 24 24 18 40 18 18 18 
asweet 18 26 26 19 19 18 40 18 18 18 18 24 24 18 37 18 24 24 18 40 18 18 18 18 
apaik 18 18 18 24 24 18 40 18 18 18 18 18 18 18 18 
thuber1 14 40 14 33 33 18 40 18 18 24 24 18 40 18 18 
sincera 18 24 24 18 40 18 24 24 18 40 18 24 24 18 40 18 11 11 18 40 18 11 11 
phennes2 18 33 33 32 32 23 23 18 36 18 18 18 24 24 18 40 18 18 18 18 18 18 24 24 15 15 
msahd 18 36 18 18 24 24 18 39 18 18 1 1 27 27 18 40 18 15 38 15 1 36 1 18 40 18 
mcabrer1 18 40 18 18 30 39 30 10 10 
kkolleck 18 18 23 23 32 32 33 33 18 36 18 18 18 24 24 18 39 18 18 18 18 18 
jreeg 18 40 18 18 18 18 32 32 18 40 18 24 24 18 40 18 13 38 13 25 25 1 1 15 15 18 18 18 24 24 
jgonnard 3 3 18 40 18 18 18 18 24 24 18 40 18 18 24 24 11 39 11 18 37 18 18 
hsarkey 18 32 32 33 33 18 40 18 24 24 18 40 18 18 24 24 18 40 18 
hholden 18 40 18 18 24 24 18 39 18 18 18 18 18 18 13 13 18 36 18 18 28 36 28 18 40 18 18 
epil 18 40 18 18 18 14 14 33 33 23 40 23 18 40 18 24 24 18 39 18 18 24 24 18 40 18 24 24 18 18 
awitte 18 18 24 24 18 40 18 18 18 15 15 23 36 23 18 40 18 18 18 
tfross 18 18 18 18 18 24 24 18 40 18 5 5 25 39 25 5 5 
taguirre 18 18 18 18 18 24 24 18 40 18 
sbindel 18 40 18 18 18 24 24 18 36 18 18 24 24 18 40 18 24 24 18 40 18 
rmaqbool 18 40 18 24 24 18 40 18 18 24 24 18 40 18 11 11 18 18 18 
kcockrel 18 40 18 24 24 31 37 31 32 32 18 39 18 18 18 18 
jmarino6 18 40 18 18 18 18 18 
eguenthe 18 40 18 18 18 
ecaradon 18 40 18 24 24 18 39 18 18 18 24 24 
creid4 18 24 24 18 40 18 24 24 18 40 18 1 40 1 15 15 7 7 12 12 5 5 29 29 
carizama 18 18 33 33 18 36 18 24 24 18 40 18 24 24 18 40 18 18 18 18 18 18 
anataraj 24 24 18 40 18 18 18 18 18 24 24 18 40 18 18 
svukovit 18 36 18 18 18 18 24 24 18 40 18 
msteph11 18 37 18 18 18 24 24 18 40 18 24 24 18 18 15 36 15 1 36 1 18 40 18 24 24 18 40 18 18 1 1 17 17 5 5 28 36 28 29 29 4 4 24 24 
mraster 18 40 18 18 14 14 18 40 18 24 24 18 40 18 18 18 1 1 13 13 7 37 7 18 36 18 18 4 4 
lbognar1 18 40 18 18 18 18 18 24 24 18 18 11 11 18 40 18 17 17 18 18 24 24 18 39 18 
lbakke 18 18 18 24 24 18 40 18 18 24 24 13 13 
jzacher 18 18 18 23 23 
jheath3 18 40 18 18 18 18 18 18 24 24 18 40 18 1 37 1 23 37 23 18 40 18 24 24 18 40 18 18 13 13 24 37 24 22 37 22 
hduan 18 19 19 26 26 18 36 18 3 3 18 40 18 18 18 13 13 15 15 2 2 18 36 18 18 18 
gvargas 18 24 24 22 39 22 18 38 18 5 5 12 12 20 36 20 13 13 18 40 18 4 4 17 17 18 40 18 18 24 24 
erogan 18 40 18 24 24 18 40 18 18 13 40 13 26 39 26 23 37 23 22 36 22 1 1 27 39 27 21 36 21 29 29 23 23 32 32 31 39 31 
epuntill 18 14 14 26 26 19 19 3 36 3 18 18 18 18 18 24 24 18 39 18 18 14 14 18 40 18 18 24 24 
ebarthel 18 26 26 19 19 3 40 3 18 18 18 18 18 18 24 24 18 40 18 18 22 22 2 36 2 18 37 18 18 
eallgaie 18 19 19 18 40 18 18 26 26 3 3 18 40 18 18 18 18 18 18 24 24 12 12 18 18 18 18 24 24 18 38 18 18 18 18 
dlipa 18 18 24 24 18 39 18 18 24 24 18 40 18 
csmith71 32 32 23 23 33 33 18 40 18 24 24 18 40 18 18 24 24 18 18 22 36 22 1 1 15 15 14 14 33 33 18 38 18 20 20 28 28 
clucas4 18 40 18 18 18 18 18 1 1 7 7 23 23 18 40 18 
clowney1 18 18 33 33 32 32 23 23 18 18 24 24 18 40 18 18 18 24 24 18 40 18 33 33 27 27 18 38 18 
bsailer1 18 40 18 18 24 24 
bburger 18 32 32 23 23 33 33 18 40 18 18 18 18 24 24 
bbishop2 18 18 
alifka 18 40 18 18 18 15 15 13 13 24 24 18 39 18 
alee25 18 24 24 18 39 18 18 18 18 18 
ttarkles 18 18 18 24 24 1 36 1 15 15 34 34 12 12 6 6 
tkhong 18 18 33 33 23 40 23 18 40 18 18 24 24 
sschmit1 18 24 24 18 40 18 15 39 15 18 36 18 18 
rsulli13 18 18 26 26 32 32 23 40 23 33 36 33 18 40 18 18 18 18 18 18 24 24 
plally 18 40 18 18 18 18 24 24 18 40 18 18 32 32 18 40 18 24 24 18 40 18 18 18 18 13 13 26 26 34 34 19 19 10 10 
mwhelan3 18 40 18 18 18 24 24 18 40 18 18 
mmccabe6 18 40 18 18 18 24 24 18 40 18 
mkeller6 18 26 26 19 19 18 40 18 18 18 24 24 18 40 18 18 
mhare1 18 40 18 14 14 18 40 18 24 24 18 40 18 18 18 18 18 
mdadamio 18 18 18 18 18 24 24 18 40 18 13 37 13 15 15 17 17 34 37 34 19 19 7 7 10 10 1 36 1 14 37 14 32 32 18 40 18 18 
hparkhil 18 40 18 18 18 18 18 18 
emcdowel 32 32 23 23 33 33 18 40 18 18 24 24 18 40 18 
dnaquin 18 40 18 24 24 18 40 18 24 24 18 40 18 18 18 18 18 24 24 18 40 18 
abenedic 18 32 32 18 40 18 23 23 33 33 14 14 18 40 18 18 24 24 18 40 18 13 13 18 40 18 18 
wdefaria 18 33 33 18 39 18 32 32 23 23 18 40 18 24 24 18 40 18 18 18 24 24 
tcomer 18 18 18 18 18 24 24 18 40 18 18 18 24 24 18 39 18 18 18 24 24 
tcarnes 18 40 18 18 24 24 12 39 12 28 28 18 39 18 14 40 14 27 27 18 40 18 13 13 18 18 34 34 25 25 18 40 18 18 18 18 18 18 18 
rduffy3 18 40 18 18 24 24 18 40 18 24 24 18 37 18 18 1 1 22 22 13 39 13 15 15 23 37 23 26 26 18 39 18 13 13 15 15 32 32 1 1 5 5 25 25 18 40 18 18 
narmbrus 18 40 18 18 24 24 18 40 18 18 
mritten 18 40 18 18 14 14 18 40 18 18 24 24 18 40 18 18 
kperez4 18 19 19 26 26 18 40 18 18 18 18 24 24 18 40 18 24 24 18 39 18 
jsuttman 18 18 18 18 24 24 18 37 18 18 
jgriff12 18 24 24 33 33 23 23 18 40 18 18 15 15 18 40 18 18 18 18 18 24 24 
eforbes1 18 18 18 18 24 24 18 40 18 
ccorse 18 34 34 18 40 18 18 18 24 24 18 40 18 15 15 2 2 18 40 18 
acook8 18 40 18 24 24 18 40 18 24 24 18 40 18 18 
abojczuk 18 32 32 23 23 33 36 33 18 18 18 18 18 18 24 24 18 40 18 24 24 18 40 18 17 17 4 4 18 37 18 18 18 24 24 
zliang3 33 40 33 33 33 33 33 18 40 18 18 18 24 24 18 40 18 18 18 24 24 
ychen30 18 24 24 18 40 18 18 24 24 
tkacius 18 14 14 26 26 19 19 3 3 18 40 18 18 18 18 18 18 18 24 24 18 36 18 22 22 18 18 27 27 18 18 1 36 1 15 15 
szabala 18 40 18 18 24 24 13 36 13 18 40 18 26 40 26 12 36 12 5 5 18 38 18 24 24 15 15 
swallac3 18 40 18 24 24 18 40 18 18 18 18 
sbattali 18 18 32 32 23 23 18 40 18 18 18 18 18 18 18 18 24 24 
ojacobse 18 3 3 26 26 19 19 18 18 18 18 18 
npatidar 18 40 18 18 18 18 18 18 24 24 18 40 18 24 24 13 39 13 11 37 11 18 18 19 36 19 31 31 
ngiannot 18 18 24 24 18 40 18 18 18 
mkelley9 18 18 18 18 26 26 18 40 18 18 18 24 24 18 40 18 
kwhite14 18 40 18 24 24 18 39 18 13 13 17 37 17 6 6 
kmchugh6 18 40 18 18 23 23 18 40 18 24 24 18 40 18 18 18 18 24 24 
kconese 18 18 18 24 24 18 40 18 18 
jstacho1 18 24 24 18 40 18 18 28 28 21 21 13 13 18 39 18 1 1 22 22 18 18 15 15 26 36 26 3 3 32 32 18 18 18 19 19 18 18 23 23 25 36 25 
gwilson6 18 26 26 19 19 18 40 18 18 24 24 18 40 18 18 13 40 13 18 40 18 18 24 24 18 39 18 28 28 18 40 18 24 24 
gpernico 18 32 32 23 23 33 33 18 39 18 18 24 24 18 40 18 24 24 18 40 18 24 24 18 40 18 28 39 28 18 40 18 18 7 7 24 36 24 23 36 23 18 36 18 
drea 18 40 18 18 18 24 24 18 40 18 18 24 24 24 39 24 18 40 18 
dkelly13 18 40 18 18 18 18 18 18 24 24 18 40 18 18 18 24 24 18 40 18 
cschust4 18 40 18 18 24 24 18 40 18 18 18 18 18 24 24 
cprince 18 40 18 24 24 18 39 18 18 18 23 23 18 40 18 18 18 13 13 
akurz 18 40 18 18 24 24 18 40 18 
acrowle1 18 26 26 19 36 19 3 36 3 18 40 18 18 18 18 24 24 18 36 18 6 6 
zzovko 18 18 18 18 18 18 24 24 18 40 18 18 18 
tfolwell 18 24 24 18 40 18 13 13 
sharri11 18 40 18 18 24 24 24 24 18 18 18 18 18 24 24 18 40 18 24 24 18 39 18 18 18 24 24 18 39 18 
mkocher2 18 18 19 19 26 36 26 18 18 33 33 23 23 18 40 18 14 14 18 40 18 18 18 24 24 18 40 18 24 24 18 40 18 
ksteenvo 18 18 18 18 18 18 18 18 25 25 13 13 18 40 18 
kmehta2 33 33 23 23 32 32 18 40 18 18 24 24 18 40 18 18 18 18 18 18 18 24 24 22 40 22 15 15 17 40 17 13 13 18 18 18 18 8 8 6 6 18 37 18 
kaiello1 14 40 14 18 40 18 24 24 18 40 18 18 18 24 24 
jrhiling 18 40 18 1 1 18 18 1 1 13 13 13 13 7 7 34 34 34 34 31 37 31 17 17 17 36 17 15 39 15 12 12 15 15 1 39 1 
jmcclin1 18 40 18 24 24 18 18 18 23 23 33 33 32 32 18 18 18 18 18 18 
eolsen2 18 18 24 24 18 39 18 18 24 37 24 18 40 18 24 24 18 40 18 13 13 12 12 
egrammer 18 40 18 24 24 18 40 18 18 18 24 24 
dngo2 18 24 24 18 40 18 18 23 23 18 40 18 18 
czhou4 23 40 23 18 40 18 18 24 24 18 40 18 18 
csedore 18 24 24 18 40 18 24 24 18 40 18 18 18 27 27 22 22 1 1 24 24 15 15 18 39 18 25 25 12 12 18 37 18 
awood8 18 18 24 24 18 40 18 24 24 18 40 18 24 24 18 36 18 11 11 18 39 18 13 13 15 15 18 37 18 28 28 18 40 18 
astaresi 18 37 18 18 24 24 18 40 18 18 
areymer 18 18 24 24 18 40 18 24 24 18 18 18 18 24 24 18 40 18 18 24 24 
ahays1 18 18 24 24 18 40 18 24 24 18 18 18 24 24 18 40 18 24 24 18 40 18 24 24 4 36 4 18 40 18 
abatkoff 18 23 23 33 33 32 37 32 18 40 18 24 24 18 40 18 18 18 
xzhang24 18 40 18 24 24 18 40 18 18 
skoo1 18 40 18 22 22 1 1 27 27 18 40 18 24 24 13 39 13 
rsong 18 40 18 18 24 24 18 40 18 18 18 
psansone 26 36 26 19 19 18 18 18 18 18 24 24 14 14 18 40 18 18 18 18 
npassina 18 40 18 24 24 18 40 18 18 18 18 18 24 24 18 40 18 
mlarson3 18 40 18 14 14 18 40 18 18 24 24 18 40 18 18 24 24 18 40 18 1 1 22 22 7 39 7 5 36 5 12 12 20 20 
mcrawf10 18 24 24 18 40 18 24 24 
jbelluc2 18 40 18 18 18 24 24 18 40 18 18 18 4 4 26 40 26 13 13 
jander21 18 40 18 32 32 18 40 18 18 18 24 24 18 40 18 
ioteroto 18 18 18 18 24 24 18 40 18 
ejones15 18 40 18 18 18 18 18 
ecummin2 18 40 18 18 24 24 18 40 18 
dventer 18 18 24 24 18 40 18 24 24 18 40 18 18 24 24 
ccastil4 18 18 24 24 18 39 18 18 18 24 24 
cbarahon 18 40 18 18 24 24 18 40 18 24 24 18 40 18 
zeggers 23 36 23 33 33 18 40 18 24 24 18 18 18 24 24 13 38 13 18 18 22 22 18 40 18 1 1 12 39 12 
skeller5 18 18 24 24 15 39 15 18 40 18 1 1 13 13 34 34 7 7 
nholmes2 23 40 23 33 33 18 39 18 18 18 24 24 18 40 18 24 24 11 11 18 40 18 
mtagovai 18 18 18 18 
mryan32 23 23 33 33 32 32 18 40 18 18 24 24 18 40 18 18 24 24 18 40 18 1 39 1 14 14 18 40 18 
mmatusk1 18 18 24 24 18 40 18 18 18 18 24 40 24 34 34 26 26 18 36 18 18 
mflanag8 18 26 26 32 32 23 23 33 33 18 40 18 24 24 23 39 23 8 37 8 
mdoyle19 18 18 26 26 19 19 18 18 18 18 18 18 24 24 18 18 18 18 13 37 13 18 40 18 18 11 11 18 18 24 24 
lfalquez 18 40 18 18 24 24 18 18 18 18 18 32 32 
jmarvin2 18 18 18 1 1 10 10 7 7 28 28 24 24 6 6 
hchoudhu 18 32 32 23 23 33 33 18 40 18 18 18 18 24 24 
delwell 18 24 24 
cpawelek 18 18 14 14 18 18 26 26 19 19 18 40 18 18 18 18 18 18 18 18 
cgotuaco 18 26 26 19 39 19 3 3 18 40 18 18 24 24 18 40 18 18 18 34 34 18 18 18 24 24 1 36 1 25 25 18 18 
ccasper 18 18 18 18 18 18 24 24 18 40 18 24 24 18 40 18 18 13 13 26 26 1 1 
bbrown14 18 40 18 24 24 
ychen31 18 24 24 33 33 32 32 23 23 18 40 18 
vkareh 18 36 18 18 18 18 24 24 18 40 18 18 18 18 18 
rwilso18 18 40 18 18 18 19 19 3 3 18 40 18 24 24 
rmelotik 26 26 19 19 3 3 18 40 18 33 40 33 18 40 18 18 24 24 18 40 18 18 1 38 1 
pkollma1 18 26 26 3 3 14 14 18 40 18 18 24 24 18 40 18 18 18 18 18 33 38 33 18 37 18 
phaley1 18 40 18 32 32 23 23 33 33 18 40 18 24 24 1 36 1 12 12 5 5 18 40 18 14 14 18 18 24 24 28 37 28 18 18 
oeaddy 18 18 18 24 24 28 36 28 12 36 12 23 23 18 40 18 24 24 18 39 18 11 11 
mzakowsk 18 32 32 23 23 32 36 32 33 33 18 40 18 24 24 18 40 18 
mmoufawa 18 40 18 24 24 18 18 18 24 24 18 40 18 24 24 18 40 18 
mmaldona 18 37 18 18 18 18 
mlake2 18 18 18 24 24 18 40 18 18 18 18 24 24 
mhoffm12 18 38 18 24 24 18 40 18 18 24 24 18 18 18 24 24 18 40 18 
mcurlis2 18 40 18 24 24 18 39 18 14 14 18 18 13 13 18 40 18 18 24 24 
kwardlow 18 32 32 23 40 23 33 33 18 40 18 24 24 18 40 18 
kround 18 18 18 18 23 23 33 33 32 32 18 40 18 24 24 23 40 23 
kmoeinva 24 24 18 40 18 18 18 18 18 24 24 18 39 18 18 11 11 18 40 18 
jsong3 18 18 18 24 24 11 11 21 39 21 18 40 18 18 18 18 24 24 18 40 18 
jsimone 18 18 32 32 23 23 33 33 18 40 18 24 24 18 40 18 18 18 18 18 18 24 24 18 40 18 
jnagle7 7 7 7 7 10 37 10 18 39 18 18 18 18 18 18 18 18 18 24 24 18 39 18 22 22 1 1 18 40 18 18 18 18 34 34 28 28 18 40 18 18 18 18 29 29 
jhuber4 18 40 18 18 24 24 18 40 18 13 13 30 36 30 18 40 18 24 24 18 40 18 30 30 17 17 10 10 18 40 18 
gvonuhle 18 40 18 14 14 18 40 18 24 40 24 18 40 18 18 24 24 1 36 1 18 39 18 18 7 36 7 34 34 12 12 30 30 
ekenney1 18 40 18 18 18 18 24 24 18 40 18 13 36 13 
edoyal 18 40 18 14 14 18 18 32 32 23 23 33 33 18 40 18 18 24 24 18 40 18 24 24 18 18 18 18 
dmikovit 18 40 18 24 24 1 40 1 18 40 18 18 24 24 
dkim28 18 18 18 22 22 18 40 18 24 24 18 40 18 
clink4 18 40 18 24 24 18 40 18 18 18 13 37 13 18 36 18 
bferris1 18 40 18 18 24 24 18 40 18 18 15 15 18 40 18 
asiguler 18 40 18 18 18 24 24 18 40 18 18 24 24 18 40 18 18 24 24 18 18 13 13 15 15 14 39 14 24 24 
syi3 18 40 18 18 18 18 18 18 18 24 24 18 40 18 18 
swolfe1 32 32 33 33 18 40 18 18 24 24 13 13 1 1 22 22 12 12 0 40 0 
shatfie1 18 23 23 33 33 32 32 14 14 18 40 18 18 18 18 24 24 18 38 18 18 18 4 4 15 40 15 26 40 26 
rtaraboc 18 24 24 18 40 18 24 24 18 18 1 1 13 13 7 38 7 10 10 18 36 18 20 20 18 40 18 
rmazzini 18 40 18 18 24 24 18 40 18 18 18 18 22 22 8 8 15 15 18 40 18 13 40 13 18 40 18 18 0 0 27 27 31 31 18 40 18 26 26 2 37 2 13 13 
nllauro 18 18 32 32 18 36 18 18 18 24 24 18 38 18 15 15 18 40 18 18 18 13 13 18 40 18 24 24 
mvander4 18 18 18 18 18 18 18 18 
mtapp 18 18 18 24 24 18 40 18 18 18 18 
mmirer 18 18 18 24 24 18 40 18 24 24 18 40 18 18 
mesteve 18 40 18 24 24 18 40 18 18 18 24 24 18 40 18 18 18 
mbutle13 18 40 18 24 24 
lrodrig6 18 40 18 24 24 33 40 33 18 40 18 24 24 18 40 18 18 18 17 17 18 36 18 24 24 
kkubik 18 40 18 18 24 24 18 40 18 15 39 15 19 19 32 32 12 12 22 22 
kflanag4 18 40 18 18 24 24 18 40 18 24 24 18 40 18 6 6 30 30 7 7 12 12 11 11 15 15 26 26 27 27 22 22 18 38 18 
jcorbin2 18 40 18 18 24 24 18 40 18 18 24 24 13 39 13 
gpetrosi 18 32 32 33 33 23 23 24 36 24 18 40 18 
edownin1 18 32 32 23 23 18 40 18 18 33 38 33 18 40 18 24 24 18 40 18 18 20 20 
coleary2 18 40 18 18 18 24 24 18 39 18 
cmeyers3 18 40 18 8 8 13 36 13 18 36 18 1 1 4 4 7 7 30 30 18 40 18 
cfitzgib 18 40 18 18 24 24 18 40 18 18 18 14 14 28 28 12 12 18 40 18 31 31 17 17 4 4 5 40 5 29 29 18 18 23 23 
ccocco 19 38 19 18 40 18 18 18 18 18 24 24 18 40 18 18 27 27 18 40 18 23 23 18 38 18 18 18 
apeter14 18 23 23 33 33 32 32 18 40 18 18 24 24 18 37 18 18 18 24 24 
aander27 18 40 18 18 18 32 32 18 40 18 24 24 18 37 18 18 
yfeng3 18 18 18 24 24 18 38 18 18 
risrael1 23 23 32 37 32 33 33 18 40 18 18 24 24 
piannell 18 40 18 24 24 1 36 1 18 40 18 18 15 37 15 18 18 18 
nmattei1 18 18 24 24 18 40 18 18 24 24 
mvondras 18 40 18 24 24 18 40 18 24 24 14 36 14 18 18 6 6 18 40 18 24 24 18 40 18 
mretoske 18 40 18 18 24 24 18 40 18 18 18 18 13 13 
mplante 18 3 3 19 19 26 26 18 40 18 18 24 24 18 40 18 24 24 
mlegersk 18 36 18 18 18 32 32 18 18 23 23 18 40 18 24 24 18 40 18 24 24 18 39 18 7 7 18 39 18 24 24 
mjohns57 18 40 18 24 24 18 40 18 
mheli 18 40 18 18 26 26 26 26 19 19 19 19 3 3 3 3 18 40 18 18 18 
mbianco 18 26 26 19 19 3 39 3 18 40 18 23 40 23 18 40 18 18 24 24 18 40 18 24 24 18 40 18 
lstephe3 18 40 18 18 24 24 18 40 18 18 18 18 18 21 21 18 40 18 18 18 
kmccahan 26 26 19 19 3 3 18 40 18 3 3 18 18 19 19 18 40 18 24 24 18 39 18 18 18 18 24 24 18 40 18 
jriver11 18 40 18 3 3 18 36 18 19 19 18 40 18 18 
jmrozek 18 18 18 26 26 18 39 18 19 19 3 3 18 36 18 18 18 32 40 32 18 40 18 1 36 1 21 39 21 18 40 18 18 6 36 6 18 40 18 
jhirshor 18 18 18 
jgarci22 18 19 19 26 26 3 36 3 18 40 18 18 18 24 24 18 40 18 
gnguyen 18 18 18 18 18 18 
eriojas 18 36 18 18 18 24 24 18 40 18 
ebrown20 18 18 18 18 24 24 18 37 18 13 39 13 7 36 7 26 36 26 18 40 18 18 18 6 40 6 32 32 
dadams13 18 18 18 18 18 24 24 18 40 18 24 24 18 38 18 18 15 15 
cdito 18 40 18 18 19 19 18 40 18 24 24 18 40 18 1 1 18 40 18 18 18 33 33 5 5 
apasin 18 40 18 18 24 24 18 40 18 24 24 18 18 1 1 20 20 18 40 18 24 24 18 40 18 18 24 24 18 38 18 18 
alaboe 18 40 18 18 24 24 18 40 18 18 18 24 24 
ablanch2 18 33 33 18 40 18 18 18 24 24 
yhe9 18 40 18 18 18 24 24 18 40 18 6 37 6 
wzhu2 18 24 24 18 40 18 24 24 18 40 18 18 1 1 24 24 26 26 15 15 13 13 
wschemel 18 40 18 24 24 18 40 18 31 40 31 18 18 1 1 34 37 34 7 7 19 19 23 23 5 5 18 40 18 
tkoewler 18 40 18 11 11 24 24 
samezqui 18 18 18 18 18 18 18 24 24 18 40 18 18 18 
rchan3 18 18 18 18 24 24 18 40 18 18 18 18 24 24 
poconno6 18 40 18 24 24 18 40 18 24 40 24 
ohatch 18 18 24 24 
mwinche1 18 40 18 18 18 18 24 24 0 0 11 11 
msteeves 18 36 18 18 18 24 24 18 40 18 18 24 24 
mmccans 18 24 24 18 40 18 18 13 13 29 29 33 33 8 8 18 18 8 8 29 29 
mhanley1 18 40 18 18 24 24 18 40 18 11 11 
mguggenb 18 40 18 24 24 18 40 18 18 
mfarleka 18 40 18 18 24 24 1 38 1 15 15 13 13 18 40 18 5 5 18 40 18 18 24 24 
mcasasga 13 40 13 18 40 18 18 18 
kthomp21 18 24 24 33 39 33 31 39 31 17 17 4 4 18 40 18 18 24 24 
kmccabe4 18 40 18 26 26 19 19 3 3 23 40 23 33 33 
khuffert 18 40 18 24 24 18 40 18 1 40 1 10 37 10 18 40 18 1 1 5 5 10 10 23 23 
jxu9 18 18 18 18 18 24 24 18 40 18 2 40 2 18 40 18 18 18 32 32 23 23 
jstellon 23 23 32 32 33 36 33 18 40 18 24 24 18 40 18 10 10 4 39 4 18 36 18 
jboateng 18 18 26 26 19 19 3 3 18 40 18 18 18 24 24 18 18 18 18 24 24 18 39 18 
iedgar 18 39 18 18 24 24 18 40 18 18 
ekeefe2 18 3 3 19 19 26 26 18 40 18 24 24 18 40 18 18 18 18 
dfeldman 18 24 24 18 40 18 18 18 
cpalor 18 40 18 24 24 18 40 18 
ccahill6 18 40 18 24 24 18 40 18 24 24 18 18 13 13 15 15 19 19 26 26 7 7 5 5 28 40 28 32 32 23 23 18 40 18 24 24 
bgrier 18 37 18 19 19 33 40 33 18 40 18 24 24 18 40 18 18 18 24 24 18 40 18 24 24 18 37 18 24 24 18 40 18 18 18 24 24 18 18 
bdrummo1 18 32 32 18 18 23 23 33 33 18 40 18 18 24 24 18 40 18 24 24 18 40 18 18 18 18 
bcarmody 18 40 18 18 18 
amurph14 26 26 19 19 3 36 3 18 40 18 18 18 18 18 24 24 18 40 18 18 18 18 
amarti55 18 37 18 18 24 24 6 36 6 13 13 18 39 18 11 11 
agerman 18 18 24 24 18 40 18 18 24 24 18 40 18 
afemrite 18 24 24 18 40 18 18 5 5 25 25 32 36 32 3 3 25 25 29 37 29 
tpagessa 18 36 18 24 24 18 40 18 18 18 
tjohns29 18 18 24 24 18 40 18 18 30 30 18 40 18 
pbald 18 40 18 18 18 18 18 13 36 13 18 40 18 1 1 12 12 18 40 18 30 30 12 12 18 40 18 
mnieves1 18 24 24 
mbrombac 18 40 18 18 24 24 18 37 18 18 
mbeinlic 18 18 24 24 18 40 18 1 1 1 1 13 13 18 40 18 24 40 24 25 25 18 39 18 
lmedinab 18 40 18 18 18 18 24 24 18 40 18 24 24 
lmcphill 18 26 26 18 36 18 19 19 3 3 18 40 18 18 24 24 18 40 18 15 15 10 10 1 1 27 27 18 40 18 
kwoodwa3 18 39 18 18 18 18 32 32 23 23 33 33 18 40 18 18 24 24 18 39 18 
kmoran10 18 39 18 24 24 18 40 18 18 18 18 18 18 18 24 24 23 40 23 18 40 18 
kmessier 18 40 18 24 24 18 40 18 24 24 18 40 18 
kabe1 18 18 18 
jusher 18 18 18 18 
jmusema 18 40 18 18 24 24 18 36 18 1 1 33 36 33 25 40 25 6 36 6 26 36 26 18 40 18 
jkirkham 18 32 32 23 23 33 33 18 36 18 18 18 18 24 24 18 39 18 18 18 18 18 18 18 24 24 1 1 13 13 34 34 
jhall15 18 40 18 18 18 24 24 18 18 18 24 24 18 39 18 18 
jcharbon 18 40 18 24 24 18 18 11 11 18 18 24 24 27 40 27 18 18 22 22 15 15 12 12 20 20 5 36 5 18 18 3 39 3 18 40 18 
gverfurt 18 24 24 18 40 18 18 
eyeager 32 37 32 23 23 33 33 18 40 18 24 24 18 40 18 15 15 30 36 30 12 12 
esulli14 18 40 18 24 24 13 13 18 18 12 12 5 5 7 7 18 40 18 18 
edewane 18 36 18 18 24 24 18 40 18 24 24 18 39 18 18 24 24 18 40 18 20 20 
dmoran5 18 23 23 18 18 33 40 33 18 40 18 18 24 24 
dbodewig 18 37 18 18 32 32 18 40 18 18 24 24 18 40 18 
bni 18 40 18 18 24 24 18 40 18 
aseketa 18 18 14 14 18 18 18 18 14 14 18 40 18 18 24 24 
amitch13 18 18 33 37 33 18 40 18 24 24 18 40 18 24 24 18 40 18 
amarti54 18 40 18 24 24 18 18 18 
zwang17 32 32 33 36 33 18 40 18 18 24 24 18 40 18 18 18 6 6 
rmcclain 26 26 19 19 33 40 33 18 40 18 18 24 24 18 40 18 18 1 1 33 38 33 4 36 4 17 17 5 36 5 22 36 22 4 38 4 18 18 
pmcgee 18 26 26 19 19 3 3 18 40 18 32 32 23 23 33 33 18 18 18 19 19 18 40 18 18 24 24 18 40 18 24 24 18 40 18 24 24 
oramire1 18 40 18 18 24 24 18 40 18 24 24 18 40 18 
olombard 18 26 26 19 36 19 18 40 18 18 18 24 24 18 40 18 24 24 26 39 26 9 36 9 
myoung12 18 18 18 19 19 18 40 18 18 14 14 32 32 18 40 18 18 24 24 18 40 18 24 24 18 18 24 24 18 40 18 18 13 13 34 34 12 12 
mmoreno3 18 24 24 
mmcelro2 18 18 24 24 18 40 18 18 24 24 
mgroark 18 19 19 26 26 18 40 18 18 33 40 33 18 40 18 18 24 24 18 18 18 18 22 22 12 12 18 18 21 36 21 18 18 
mcurrie2 18 32 32 23 23 33 33 18 40 18 18 24 24 18 40 18 18 18 18 
mcarro10 18 40 18 18 14 14 18 40 18 14 14 18 18 18 14 14 18 40 18 24 24 18 40 18 18 18 18 
lschwar2 18 40 18 18 24 24 18 40 18 18 18 20 20 23 23 33 33 18 18 18 
labreha 18 36 18 18 33 40 33 18 40 18 24 24 18 40 18 18 12 12 13 13 8 8 19 19 
kmullan4 24 24 18 40 18 18 24 24 
jstuppy 18 40 18 18 18 18 18 24 24 
jluk 26 26 19 19 3 3 18 40 18 18 18 18 33 33 24 24 18 40 18 15 15 18 18 18 18 24 24 
jigiede 18 39 18 18 18 18 1 1 15 15 13 13 25 25 
jhlavin 33 33 18 40 18 18 18 18 
jgripens 18 19 19 26 26 18 40 18 24 39 24 
jfabreg2 18 18 26 38 26 18 40 18 18 18 18 14 14 32 37 32 18 40 18 18 18 18 18 18 24 24 14 14 
jedward4 32 40 32 23 23 33 33 14 37 14 18 40 18 18 18 24 24 18 18 18 
hfertitt 18 26 26 18 40 18 18 18 18 33 40 33 18 40 18 18 18 18 18 24 24 18 39 18 
garboled 18 40 18 18 18 24 24 18 40 18 18 10 10 18 18 13 13 18 40 18 24 24 18 40 18 24 24 18 18 11 11 18 39 18 18 4 4 18 36 18 13 13 10 10 
edidonat 18 40 18 24 24 18 40 18 
ealbi 18 18 18 18 3 3 26 26 19 19 14 14 18 40 18 24 24 18 40 18 24 24 18 40 18 18 18 
dmacatan 18 18 18 18 18 18 24 24 18 40 18 24 24 
crichte2 32 32 18 40 18 24 24 
cdunlea1 18 40 18 23 23 18 38 18 33 33 32 32 18 40 18 18 24 24 18 40 18 18 18 24 24 18 40 18 
awolfe4 32 32 23 23 33 36 33 18 40 18 18 18 18 18 18 18 
aturzai 18 18 24 24 
aosorio 18 3 3 26 36 26 19 19 18 40 18 18 32 32 18 40 18 18 24 24 18 40 18 18 18 33 33 14 14 18 18 18 18 18 18 18 24 24 
aherna13 18 18 32 32 23 23 18 40 18 33 33 18 40 18 18 
zhan1 18 26 39 26 19 19 3 3 18 40 18 18 18 18 24 24 18 40 18 18 24 24 18 40 18 
tsong2 18 40 18 18 18 18 
smurph19 18 37 18 18 18 24 24 18 40 18 24 24 
sjo 18 40 18 18 24 24 18 40 18 18 18 
sbsales 32 32 23 23 33 33 18 40 18 24 24 1 1 22 22 8 40 8 22 22 27 27 18 37 18 
rpozasg1 23 23 33 33 18 40 18 24 24 18 40 18 18 24 24 15 37 15 19 19 1 1 22 22 12 12 21 40 21 18 18 20 20 18 40 18 
rhughes7 18 40 18 18 18 18 18 17 17 30 30 7 7 18 40 18 8 8 13 13 20 20 15 36 15 18 40 18 26 26 3 3 
rbarnes2 18 40 18 23 23 33 33 14 14 18 40 18 18 24 24 30 30 18 40 18 13 13 2 40 2 
msimon6 18 36 18 18 23 23 33 33 32 40 32 18 40 18 18 24 24 18 40 18 24 24 18 40 18 
mgorman5 18 18 31 31 18 18 34 34 7 7 10 10 18 40 18 33 38 33 32 32 23 23 18 37 18 24 24 18 18 11 11 18 40 18 18 18 24 24 18 40 18 24 24 18 40 18 24 24 18 40 18 24 24 18 40 18 24 24 18 40 18 24 24 18 40 18 1 1 22 22 7 37 7 10 10 7 7 18 40 18 
mbond1 18 19 19 26 26 18 40 18 18 18 18 24 24 18 40 18 18 18 
jwoods8 18 40 18 7 7 26 26 19 19 3 3 14 14 18 40 18 18 
jplocher 18 40 18 24 24 18 40 18 24 24 
jlugg 18 40 18 33 40 33 18 40 18 18 18 18 24 24 18 40 18 18 18 
jdemarc1 18 18 33 40 33 32 36 32 18 40 18 18 18 24 24 18 40 18 14 14 28 39 28 20 20 18 18 12 12 18 18 5 5 32 36 32 13 37 13 18 36 18 30 30 18 40 18 
hstone3 18 40 18 18 24 24 18 39 18 18 18 18 
ezahoric 18 40 18 18 24 37 24 18 40 18 24 24 18 40 18 24 24 18 40 18 
elopez7 18 18 18 18 18 14 14 14 14 18 40 18 14 14 33 40 33 18 40 18 18 18 24 24 18 39 18 18 24 40 24 18 40 18 
ddelliso 3 3 26 26 19 19 18 40 18 24 24 18 38 18 18 
cwhalen2 18 40 18 18 18 18 18 18 18 
cjacobs3 18 18 26 26 3 3 18 40 18 24 24 18 40 18 12 12 18 40 18 18 18 7 7 18 40 18 
chowell2 18 40 18 18 24 24 18 40 18 24 24 18 40 18 18 27 27 15 15 8 8 25 25 5 5 17 17 18 40 18 
blyons1 18 18 18 19 19 18 40 18 18 24 24 18 40 18 24 24 18 40 18 24 24 
bklaus 18 18 24 24 18 18 18 4 4 18 37 18 
zsurma 18 18 18 18 18 24 24 18 40 18 
tpopps 18 18 18 18 18 18 24 24 18 40 18 18 24 24 18 40 18 18 18 18 4 4 17 17 
tissa 18 18 18 24 24 18 40 18 19 19 18 40 18 18 
svorne 18 40 18 18 18 18 18 18 
sryan9 18 24 24 14 14 32 32 23 23 33 33 18 40 18 18 18 24 24 18 40 18 
pgorman2 18 18 24 24 18 40 18 24 24 18 40 18 
olanchon 18 3 3 19 19 26 26 18 40 18 18 24 24 
nmunozol 18 32 32 23 23 33 33 18 40 18 24 24 18 39 18 18 
nkelly3 18 40 18 18 18 18 18 18 18 18 18 24 24 18 40 18 18 24 24 18 36 18 18 18 18 24 24 
nferguso 18 26 26 19 19 18 40 18 18 24 24 18 40 18 24 24 18 40 18 18 18 
kwhite13 18 40 18 24 24 18 40 18 12 12 11 11 18 40 18 15 15 31 40 31 
jzepf 18 18 14 14 33 33 18 39 18 18 18 24 24 18 40 18 18 18 18 18 5 5 29 29 5 36 5 2 36 2 30 30 19 19 8 8 
jgirardo 18 40 18 24 24 18 39 18 18 8 36 8 34 34 11 11 18 40 18 
jfrane 18 36 18 18 18 24 24 18 37 18 18 18 18 
iroberts 18 40 18 18 32 32 33 33 18 40 18 18 18 18 
hferrero 18 40 18 
ginglis 18 40 18 18 24 24 18 40 18 18 
esherloc 32 32 23 23 18 40 18 24 24 18 40 18 18 18 
ellano1 18 24 24 18 40 18 
dreynoso 18 40 18 33 33 18 40 18 24 24 18 40 18 18 18 18 18 18 18 
dphill14 18 40 18 18 24 24 
ctsevis 18 18 19 19 18 40 18 24 24 18 40 18 24 24 18 40 18 18 18 
clangle1 26 39 26 19 19 18 40 18 18 18 
aorsinel 18 32 32 23 23 33 33 18 40 18 24 24 1 37 1 15 36 15 13 13 23 40 23 33 33 18 40 18 18 18 18 
amcfadd1 18 18 19 19 18 40 18 18 24 24 18 40 18 
abiondo 18 18 18 
tmcginn1 18 39 18 33 33 18 40 18 18 24 24 18 40 18 18 10 10 21 21 13 13 11 37 11 
thartle 18 18 18 18 24 24 18 40 18 18 8 36 8 1 1 15 39 15 13 13 22 39 22 18 18 32 36 32 18 37 18 
tbendeck 18 40 18 18 24 24 
ssitarsk 18 40 18 24 24 18 40 18 18 18 18 
sdutta2 18 18 18 18 24 24 17 17 
pjohns21 18 
pjachim 19 19 26 26 18 40 18 18 24 24 18 40 18 18 24 24 18 40 18 33 33 1 40 1 15 15 17 17 4 4 21 21 
mperez19 18 40 18 24 24 18 40 18 18 24 24 22 22 13 13 18 40 18 25 25 18 18 25 25 32 37 32 1 1 18 18 18 24 24 
mpenn1 18 40 18 18 
mgabouer 18 18 18 18 18 24 24 18 40 18 18 
lwukie 26 26 19 19 18 40 18 18 23 23 33 33 18 40 18 18 18 18 18 24 24 18 40 18 24 24 
lsimon2 18 19 19 26 26 3 3 18 40 18 18 24 24 18 39 18 18 18 18 18 18 
llontoc 18 40 18 18 24 24 18 40 18 24 24 18 18 
ldevito 18 32 32 23 23 33 33 18 40 18 18 24 24 18 40 18 18 18 18 18 
lbode 18 40 18 24 24 20 36 20 23 36 23 18 40 18 13 13 24 24 7 36 7 24 24 
layuyao 18 39 18 19 19 18 40 18 14 14 18 40 18 24 24 18 39 18 24 24 18 36 18 18 
ktran1 18 36 18 3 3 18 40 18 24 24 18 40 18 18 18 18 18 
kdiggin1 18 40 18 18 18 24 24 18 40 18 1 1 18 18 24 36 24 
jybanez1 18 24 24 18 40 18 25 25 18 40 18 19 19 31 31 17 17 18 40 18 13 13 15 15 18 36 18 18 24 24 24 40 24 
jswift2 18 26 26 19 19 18 40 18 18 24 24 29 40 29 5 36 5 18 40 18 24 24 18 38 18 18 29 29 
jmoawad 18 40 18 24 24 18 40 18 17 17 24 24 7 7 18 18 18 34 37 34 17 17 18 37 18 
jduffy8 23 36 23 33 36 33 18 40 18 18 24 24 18 40 18 18 18 
jchandle 24 24 18 40 18 18 24 24 18 40 18 18 24 24 11 37 11 18 36 18 18 24 24 
jbrunne1 18 26 26 18 40 18 18 18 24 24 18 40 18 18 18 18 18 18 18 18 21 21 17 17 18 18 30 30 18 36 18 
jbordall 18 18 18 24 24 18 40 18 12 12 18 39 18 18 
ielizond 18 18 18 18 26 26 19 19 18 40 18 24 24 18 40 18 11 11 24 24 18 40 18 
hwakelin 18 40 18 18 18 24 24 18 40 18 18 
gcampoli 18 32 32 23 23 33 33 18 40 18 24 24 18 40 18 1 39 1 27 27 18 38 18 
eutley 18 18 18 24 24 18 40 18 18 18 13 13 12 12 28 28 32 40 32 18 40 18 
eobrie14 18 36 18 26 26 18 40 18 18 18 24 24 18 40 18 24 24 18 18 13 13 18 40 18 18 18 25 38 25 18 40 18 18 18 
ehoran3 18 40 18 18 3 3 18 18 14 14 26 26 19 19 18 40 18 33 33 18 40 18 24 24 18 40 18 18 11 11 
dkrivda 23 40 23 18 40 18 24 24 18 40 18 18 24 24 18 40 18 18 31 39 31 17 17 18 40 18 6 6 14 36 14 18 37 18 
dgarci18 18 26 26 19 19 3 3 18 37 18 18 24 24 18 40 18 1 39 1 13 38 13 26 38 26 5 37 5 23 23 18 40 18 
csmith72 18 24 24 18 40 18 18 24 24 
cholmes6 18 7 7 18 40 18 18 18 18 
cgrunha2 26 26 19 19 18 40 18 24 24 18 40 18 18 18 13 13 18 18 18 18 19 19 18 40 18 
cdelane2 18 18 18 24 24 18 40 18 22 40 22 12 12 18 40 18 
ccahill5 18 40 18 24 24 18 40 18 18 15 15 13 13 32 37 32 1 36 1 24 39 24 
btournat 18 18 18 24 24 18 40 18 18 18 
akeller5 18 40 18 18 18 24 24 18 40 18 18 18 
adaniele 18 40 18 18 24 24 18 40 18 13 13 5 5 
aclark13 18 18 24 24 
aboyd2 18 18 18 
wmckee 18 18 18 26 26 19 19 18 18 3 3 18 40 18 18 18 24 24 18 40 18 24 24 25 25 1 1 18 40 18 24 24 18 18 
wfine 18 18 18 23 23 24 24 18 36 18 18 34 34 18 40 18 8 8 18 40 18 18 18 24 24 18 40 18 24 24 18 40 18 18 24 24 
srodawig 18 40 18 18 18 24 24 
slee51 18 18 18 18 18 18 24 24 18 40 18 18 
rmcgove1 1 1 0 0 18 18 26 26 23 23 18 36 18 18 
pwasuwan 18 3 3 26 26 19 19 18 40 18 18 
ojazbuti 19 19 26 26 3 36 3 18 40 18 18 18 18 24 24 18 18 11 11 18 40 18 15 15 13 13 18 18 
nskora 18 40 18 24 24 18 40 18 5 40 5 29 29 7 36 7 
nmarti12 18 18 18 24 24 18 40 18 18 18 
nhelm 33 40 33 18 40 18 32 32 18 40 18 24 24 18 40 18 18 24 40 24 18 18 5 39 5 1 1 12 12 
nbest1 18 26 26 19 19 3 3 18 40 18 18 18 18 18 18 18 24 24 18 39 18 22 40 22 18 40 18 18 
mpaulran 18 40 18 18 24 24 18 40 18 
mmurph50 18 18 18 24 24 18 38 18 30 30 18 40 18 18 18 13 36 13 30 36 30 
kheldt 18 40 18 18 23 23 32 36 32 18 40 18 24 24 18 40 18 5 5 18 18 18 34 34 2 37 2 18 39 18 
jspence6 18 40 18 33 33 24 24 18 40 18 18 24 24 18 38 18 30 30 13 13 18 36 18 32 32 18 39 18 1 1 5 5 18 40 18 18 18 33 33 18 36 18 18 18 
jminor1 18 40 18 18 18 24 24 13 36 13 20 38 20 33 36 33 23 36 23 18 18 18 
jlabadie 18 40 18 18 26 26 26 26 19 19 19 19 3 3 3 3 18 40 18 26 26 18 40 18 14 14 18 40 18 18 24 24 13 13 15 15 18 36 18 19 19 18 18 25 25 18 40 18 
jguerra3 18 18 19 39 19 19 19 26 26 26 26 18 40 18 18 18 18 24 24 18 40 18 24 24 18 40 18 
jesposi2 18 36 18 18 24 24 18 39 18 18 18 24 24 18 18 21 21 18 18 18 24 24 
igese 19 19 26 40 26 3 3 18 40 18 18 18 24 24 18 40 18 18 24 24 
emangels 33 40 33 18 40 18 18 
eleahy1 18 18 18 14 14 32 32 23 23 33 36 33 18 40 18 33 33 18 40 18 18 24 24 
ehiestan 18 40 18 24 24 18 36 18 24 24 18 40 18 24 24 18 40 18 
ebrady7 18 40 18 24 24 18 38 18 18 24 24 10 39 10 1 1 15 15 27 27 18 40 18 
dkolkebe 18 40 18 18 18 24 24 18 40 18 18 18 24 24 
clewis13 18 40 18 18 24 24 18 40 18 24 24 18 40 18 24 24 18 37 18 1 1 22 22 18 18 5 5 18 18 18 13 13 18 18 18 27 27 34 34 18 18 18 8 8 
chanzel 18 18 3 3 18 40 18 33 33 18 40 18 18 24 24 18 40 18 24 24 18 40 18 18 
cbowden 18 40 18 18 18 
cbartlet 18 40 18 24 24 30 40 30 11 38 11 18 18 22 22 1 1 26 26 18 18 18 18 34 34 6 6 18 38 18 
bsoaresd 26 36 26 19 19 3 3 18 36 18 18 18 18 18 18 18 
bknarr 18 19 19 18 40 18 18 18 18 24 24 18 40 18 24 24 
bdages 18 40 18 18 18 24 24 18 40 18 18 
atreacy 18 18 18 24 24 18 40 18 18 18 24 24 18 40 18 18 
asood1 18 26 26 19 19 3 3 32 32 23 23 33 36 33 18 40 18 18 24 24 18 40 18 18 
alehanka 18 40 18 24 24 18 40 18 
vzona 18 18 18 14 14 26 26 18 40 18 24 24 18 40 18 
vdavis1 18 37 18 18 18 18 24 24 18 40 18 
tmcguir2 18 40 18 24 24 18 40 18 
tlynch3 18 40 18 18 24 24 18 18 
sfore 18 18 18 7 7 10 39 10 34 34 14 14 18 40 18 
rsabnani 18 40 18 18 18 18 18 29 29 18 18 
rkenyon 18 18 18 18 24 24 18 40 18 18 
rhughes8 18 18 18 24 24 18 40 18 18 13 13 18 40 18 
mzachlin 18 40 18 32 32 18 40 18 18 24 24 18 40 18 11 11 24 24 18 18 13 39 13 
mriss 18 40 18 24 24 18 40 18 24 24 6 37 6 13 13 30 36 30 29 36 29 
moconn20 18 40 18 33 37 33 18 40 18 24 24 18 40 18 18 22 22 1 1 4 4 17 17 18 40 18 18 18 20 20 18 38 18 18 18 18 18 
mmaron 32 40 32 18 40 18 18 
mhepbur1 18 24 24 18 40 18 24 24 18 40 18 24 24 
mgreene3 18 40 18 18 13 13 20 37 20 
kmcfarl1 18 32 32 33 36 33 18 40 18 18 24 24 18 38 18 18 18 18 18 
jyu7 18 40 18 18 18 18 18 23 23 18 40 18 18 24 24 18 38 18 18 18 18 
jrombals 18 40 18 18 26 26 19 19 3 3 18 40 18 24 24 18 38 18 
icorreia 18 40 18 18 24 24 18 40 18 24 24 18 36 18 18 18 
gklaus 18 40 18 24 24 18 40 18 18 
eromero3 18 24 24 18 40 18 24 24 18 40 18 18 13 36 13 23 37 23 1 1 18 40 18 24 24 
eeschwei 18 18 24 24 1 36 1 18 40 18 
ebabcoc1 18 18 18 
dyefreme 18 18 18 18 18 24 24 18 40 18 24 24 13 40 13 17 17 11 36 11 
dpark5 18 18 24 24 18 40 18 18 18 
dobrie13 18 40 18 18 24 24 18 18 18 18 23 39 23 34 34 32 36 32 18 40 18 18 17 17 34 34 2 2 23 23 25 25 21 21 
dkenned7 18 39 18 19 19 18 40 18 24 24 18 40 18 18 
crodri12 18 18 14 14 18 40 18 24 24 18 40 18 18 
coakley2 18 40 18 24 24 18 40 18 18 18 18 
cgreeley 18 19 19 18 40 18 18 24 24 18 40 18 18 18 
cgehan 26 26 19 39 19 18 36 18 18 24 24 18 40 18 11 11 24 24 18 40 18 24 24 
cdulal 18 40 18 18 14 14 32 40 32 23 23 33 33 18 40 18 24 24 
