dtorgers 18 18 18 18 18 18 18 18 18 18 18 18 18 18 18 18 18 18 18 18 18 18 18 18 18 18 18 18 18 18 18 18 18 18 18 18 11 11 18 18 18 18 18 18 18 18 18 18 18 100
cdavin1 18 40 18 18 18 18 18 18 18 14 14 18 40 18 18 18 18 18 18 18 18 18 18 18 14 14 18 18 18 18 18 18 18 18 18 14 14 18 40 18 18 18 18 18 18 18 18 18 18 18 18 18 18 14 14 12 36 12 28 28 9 36 9 18 18 100
alebron1 18 18 18 18 18 18 18 18 18 18 18 18 18 18 18 18 18 18 18 18 18 18 18 28 28 12 12 9 9 14 14 18 40 18 100
ccooper8 18 18 18 18 18 18 18 14 14 18 18 18 18 0 0 18 40 18 18 18 18 9 9 12 36 12 28 36 28 100
nweindel 18 40 18 18 18 18 18 18 18 18 18 14 14 18 38 18 18 18 12 12 18 18 14 14 18 40 18 18 18 14 14 28 28 12 12 9 9 18 40 18 100
ntownsen 18 36 18 18 18 18 18 18 18 18 18 18 14 14 18 40 18 18 18 18 12 12 28 28 9 9 100
jberg2 18 25 25 12 12 18 36 18 5 5 18 40 18 18 18 18 18 18 18 18 18 18 28 28 18 40 18 18 100
fhita 18 25 25 5 5 18 40 18 18 18 18 18 18 18 18 18 18 18 100
mmcfarli 18 18 18 18 18 18 18 18 14 14 12 12 18 38 18 28 37 28 9 36 9 100
mlengwin 18 40 18 18 18 18 18 100
kwurl 18 37 18 11 11 18 18 24 24 31 31 17 17 14 14 18 39 18 18 18 18 18 14 14 18 40 18 18 18 12 12 18 37 18 18 18 18 18 18 14 14 28 28 12 36 12 9 9 100
ccampb20 18 18 5 5 25 25 18 40 18 25 25 14 14 5 5 18 40 18 18 18 18 18 18 18 12 12 14 14 28 28 18 18 18 18 18 18 100
pbrown10 18 18 25 25 18 40 18 18 18 18 18 18 18 14 14 28 28 9 9 100
rdiejoma 18 40 18 18 18 18 18 18 18 18 18 18 28 28 12 12 9 9 100
drogers1 18 18 18 18 18 14 14 9 9 18 40 18 18 14 14 28 28 28 39 28 12 12 9 9 100
cdelpila 18 18 18 18 18 14 14 12 12 28 37 28 9 9 100
cbolivar 18 40 18 18 14 14 18 40 18 18 18 18 18 18 18 18 28 40 28 9 9 12 12 100
muhlenbr 18 18 18 18 18 18 18 14 14 18 40 18 28 28 9 9 12 12 18 37 18 18 100
msmith75 18 18 18 14 14 12 40 12 28 38 28 9 36 9 18 40 18 18 18 100
pmcguir2 18 40 18 18 18 18 28 28 12 12 18 40 18 18 18 18 100
jstaten 18 36 18 18 14 14 28 28 25 25 12 12 9 9 100
mgirod 25 25 18 18 5 5 18 37 18 18 18 18 18 18 18 18 18 18 18 18 18 28 28 12 12 9 9 100
zgartenh 18 18 18 18 18 18 18 28 28 12 12 9 9 14 14 18 40 18 100
alabella 18 40 18 18 18 18 18 18 12 12 14 14 28 36 28 9 36 9 100
bferrer1 18 18 18 18 18 12 12 100
pcataldi 18 18 18 18 28 28 12 12 9 9 100
aohri 18 40 18 18 18 18 18 18 100
pklekamp 18 18 18 28 28 9 36 9 12 12 100
amccar10 18 40 18 18 18 18 18 18 14 14 100
nwamble 18 40 18 18 18 18 18 18 18 18 18 100
wwu5 18 36 18 18 18 18 18 18 18 18 18 14 14 12 36 12 28 36 28 9 9 100
wsuter2 18 18 18 18 18 18 28 28 12 12 9 9 18 39 18 100
thowe1 18 25 25 5 36 5 18 40 18 18 18 18 18 0 0 18 40 18 18 18 18 100
mmian 18 36 18 18 100
jhouge 18 38 18 18 18 18 18 18 18 18 18 18 18 18 28 28 18 39 18 18 18 18 18 18 18 18 18 12 36 12 100
slemaign 18 40 18 18 28 28 12 12 18 36 18 9 9 18 18 14 14 100
ldamoose 18 18 18 18 18 18 18 18 28 28 12 12 14 14 9 36 9 100
sburnbau 18 25 25 18 36 18 5 5 100
nwarren 18 40 18 18 18 18 18 18 18 18 18 18 18 14 14 18 18 12 12 28 37 28 9 9 100
bconnol3 18 18 18 18 18 18 28 28 9 9 12 12 14 14 100
rheitkam 18 40 18 18 18 18 18 14 14 28 28 12 12 9 37 9 100
jmullike 5 5 18 37 18 18 18 14 14 18 40 18 18 18 28 28 12 12 9 9 100
chickey3 25 25 5 5 18 40 18 18 18 18 18 18 18 18 18 18 18 18 18 18 100
athoma24 18 38 18 18 18 18 18 18 12 12 28 37 28 9 36 9 100
rgensler 18 40 18 18 18 18 14 14 18 40 18 14 14 12 12 28 36 28 9 9 100
kthornt4 18 39 18 18 18 18 18 18 18 18 18 28 28 100
pvlandis 18 18 18 18 12 12 18 18 18 28 28 9 9 18 40 18 18 100
mmizraji 18 40 18 18 18 18 14 14 12 12 18 40 18 14 14 12 12 28 28 9 36 9 100
zpavlin 18 40 18 18 18 14 14 12 12 9 9 28 28 100
ydeng3 18 13 13 18 36 18 2 2 6 36 6 30 30 18 40 18 18 18 100
kfox8 18 18 18 18 18 18 18 18 18 18 28 28 12 12 9 9 100
lsulli11 18 12 12 18 40 18 18 18 100
jgorman6 18 18 25 25 18 18 5 5 18 40 18 18 18 18 18 18 18 18 18 18 18 100
enunez 5 5 14 14 25 25 18 40 18 18 18 18 18 18 18 18 18 28 28 9 9 12 12 100
jdirksen 18 5 5 18 18 18 14 14 18 40 18 18 12 12 28 28 9 37 9 18 18 14 14 18 18 100
whornby 18 18 18 14 14 28 36 28 12 12 100
jwade5 14 14 18 40 18 18 28 28 12 12 9 9 12 40 12 18 40 18 18 18 18 18 18 100
mblatt1 18 18 18 28 28 12 40 12 9 9 14 14 18 37 18 100
jowusuko 18 18 18 28 28 12 36 12 5 5 100
mmang 18 18 18 14 14 25 25 5 36 5 18 40 18 18 18 18 18 18 18 18 18 14 14 12 12 100
waberger 18 18 18 14 14 18 18 0 0 28 28 9 9 12 37 12 100
llombar2 18 18 18 18 28 28 12 12 9 9 14 14 100
gkaiser 18 40 18 18 18 18 28 28 9 9 12 12 15 15 14 14 18 40 18 100
koconn27 18 40 18 18 5 5 25 25 18 39 18 18 18 18 18 100
aweishan 18 18 18 18 14 14 12 12 9 36 9 28 39 28 100
mcaskey 18 18 18 18 18 18 14 14 12 12 18 18 18 18 18 18 12 12 100
jguarino 18 5 5 25 25 18 40 18 18 18 18 18 100
cseymou2 18 40 18 18 18 18 18 18 14 14 28 28 12 12 9 9 100
dplagenz 18 40 18 18 18 18 14 14 28 28 12 12 18 39 18 9 39 9 100
csasso 18 40 18 18 18 14 14 12 12 100
amccar11 18 18 18 14 14 18 40 18 28 28 14 14 12 12 9 38 9 100
yshi6 18 18 18 18 100
minoue2 18 40 18 18 18 18 18 18 18 18 18 18 18 18 18 14 14 18 40 18 18 28 28 12 36 12 9 9 100
jwinebre 18 40 18 18 18 18 14 14 18 40 18 18 14 14 28 28 9 9 100
sgalbens 5 5 25 25 18 18 18 0 0 18 39 18 18 18 18 18 100
jlazzara 18 40 18 18 18 18 18 18 18 18 14 14 12 40 12 28 28 9 9 100
vruesch 18 40 18 18 18 18 18 18 18 18 28 28 9 9 12 12 100
nniere 18 18 100
ghong 18 40 18 18 18 18 28 28 12 12 9 9 18 36 18 100
bhogan1 18 40 18 18 18 100
wdu 18 18 18 18 18 18 18 18 18 100
tmercier 18 40 18 18 14 14 18 37 18 18 28 28 9 9 12 12 100
esunshi1 18 40 18 18 18 18 18 18 18 18 28 28 18 18 12 12 18 18 9 9 100
eevans9 18 5 5 18 40 18 25 25 18 40 18 18 100
bkenney1 18 40 18 18 18 18 28 28 12 12 9 9 14 14 100
cdieckma 18 40 18 12 12 18 40 18 28 28 12 12 9 9 14 14 100
mcoggins 18 18 18 14 14 18 40 18 28 28 12 12 9 9 100
lblitzer 18 18 18 18 9 36 9 12 12 100
jdelledo 18 38 18 18 18 18 18 12 12 14 14 28 28 12 36 12 5 36 5 9 9 100
mfreedlu 18 18 18 18 18 12 12 28 40 28 9 9 100
tprice4 18 18 18 18 18 18 18 100
lbarret2 18 37 18 18 18 18 18 18 18 18 18 18 12 12 28 28 9 9 14 14 100
eralph 18 40 18 18 28 28 12 12 9 9 100
bhalliga 18 40 18 18 18 18 18 18 12 12 18 40 18 18 28 28 18 36 18 9 9 100
sroennec 18 36 18 18 18 18 14 14 18 18 18 18 18 28 28 12 12 9 9 14 14 100
jmurph32 18 18 18 18 28 28 12 36 12 9 38 9 100
cfrentze 18 40 18 18 18 18 14 14 18 40 18 28 28 12 12 18 37 18 9 9 100
mnewcome 28 28 12 12 14 14 9 36 9 100
jsitarsk 18 40 18 18 18 12 12 28 28 9 9 25 25 100
tpreko 18 18 14 14 18 40 18 18 18 18 14 14 28 28 9 9 12 12 100
mtreacy 18 18 18 18 18 18 18 18 18 12 12 9 9 28 40 28 100
ccampb21 18 25 25 5 36 5 18 40 18 18 18 100
rrivera8 18 40 18 18 18 18 14 14 12 12 18 36 18 24 36 24 18 18 7 7 28 28 9 9 100
rblack4 18 40 18 18 18 18 18 18 18 100
jwelsch 18 40 18 18 18 18 18 18 100
jgately1 18 18 25 25 18 40 18 18 18 18 18 18 18 18 18 18 28 28 12 12 9 9 100
gdean 18 18 18 18 18 18 18 18 18 18 18 18 100
ewigutow 25 25 5 36 5 18 40 18 18 18 18 18 18 18 18 28 28 12 12 9 9 18 18 100
dgibbon2 18 25 25 18 37 18 18 5 5 18 40 18 100
cmorton2 18 18 25 25 5 36 5 18 40 18 18 100
mrooney6 18 18 18 18 14 14 18 40 18 28 28 12 12 9 9 18 18 18 100
mmoran12 18 14 14 12 12 18 36 18 100
jwalte10 18 40 18 18 18 18 12 12 9 9 28 28 18 18 14 14 100
jcarney6 18 14 14 28 28 9 36 9 12 12 100
pmeyer3 18 14 14 12 12 18 36 18 9 9 18 40 18 18 100
icallaha 18 36 18 18 18 14 14 12 12 28 36 28 9 36 9 14 14 100
dtoth1 18 40 18 18 18 18 18 18 18 18 18 18 28 28 12 12 9 9 100
kkostola 18 40 18 18 18 18 18 28 28 9 9 12 12 100
dlee26 18 40 18 18 14 14 12 12 28 28 9 9 100
yying 18 18 18 100
swagy 18 18 5 5 18 40 18 18 18 18 18 18 28 28 12 12 9 9 14 14 100
rroque1 18 18 25 25 5 5 18 40 18 18 28 28 100
kdantoni 18 40 18 18 18 18 18 18 14 14 12 12 28 28 9 9 100
wmohler 18 40 18 28 28 18 40 18 28 28 12 36 12 9 38 9 14 14 18 40 18 100
lklein1 18 18 18 0 0 18 18 18 18 12 12 28 36 28 9 9 14 14 100
jbecker9 18 18 18 18 28 28 9 9 100
hrague 18 40 18 18 18 28 28 12 12 9 9 14 14 100
cott 18 36 18 18 18 18 28 28 18 18 9 9 14 14 12 37 12 100
mholzbau 18 18 28 28 12 12 9 9 18 39 18 21 21 20 20 29 29 13 37 13 15 15 11 36 11 18 40 18 18 18 18 18 18 100
mhawkin3 18 21 21 20 20 29 29 18 37 18 100
lharmon 18 40 18 18 14 14 18 40 18 18 100
elazzaro 18 18 100
tburley 18 18 18 18 14 14 18 40 18 18 18 28 28 12 12 100
shenn 18 37 18 14 14 18 40 18 18 18 28 28 12 36 12 100
jgomez5 18 18 18 18 18 14 14 18 40 18 18 18 18 14 14 18 18 28 28 9 40 9 12 12 100
jfries3 18 40 18 18 18 12 12 9 9 28 28 100
bniemoel 18 25 25 18 37 18 5 5 18 40 18 18 18 18 28 28 12 12 9 9 100
kriordan 18 18 25 25 5 5 14 14 18 40 18 18 18 18 28 28 12 12 100
jmurph33 18 40 18 18 14 14 18 18 12 12 28 28 9 9 100
dcorr1 18 40 18 18 18 100
cemenalo 18 40 18 18 18 18 12 12 28 28 9 9 14 14 18 40 18 18 14 14 100
yjung2 18 5 5 25 38 25 18 38 18 18 18 18 18 18 100
rpappas 18 40 18 18 18 18 18 18 28 28 18 18 12 12 9 36 9 100
mmerric1 18 18 18 18 18 100
mdosch 18 18 18 18 18 28 28 12 12 9 9 14 14 18 18 18 12 12 18 40 18 18 100
jbettag 18 18 100
jbernin1 18 40 18 18 18 100
gbruenin 18 18 18 18 28 28 12 12 9 9 18 40 18 18 12 36 12 18 36 18 18 18 100
ddallava 18 14 14 12 37 12 28 40 28 12 36 12 9 9 18 40 18 12 12 9 40 9 18 18 100
cgamboa 18 39 18 100
nquartir 18 40 18 18 28 28 12 37 12 9 36 9 100
lfaubion 18 25 25 5 5 18 18 18 18 18 12 12 9 9 28 28 100
cwilso24 18 40 18 18 14 14 12 12 28 36 28 9 9 100
aursino1 18 5 5 25 25 18 40 18 18 18 14 14 18 36 18 11 11 18 40 18 18 12 12 28 28 9 9 100
msummer2 18 28 28 9 9 100
kramm 18 40 18 18 1 1 18 40 18 18 18 28 28 12 12 18 18 9 9 100
jchapple 25 25 5 5 18 40 18 18 12 12 100
jbonds 18 18 18 18 18 18 18 14 14 9 9 18 18 18 12 12 14 14 28 36 28 18 36 18 100
dbirzer 18 18 25 25 5 5 18 40 18 18 18 18 18 100
cfish 18 18 28 28 9 9 12 12 18 18 14 14 18 40 18 100
nholmes1 18 40 18 14 14 28 28 12 36 12 9 9 18 18 28 28 100
ngiovino 18 18 18 28 28 14 14 12 12 9 9 100
eherber1 18 40 18 18 14 14 18 40 18 14 14 28 28 12 12 9 36 9 100
cgallag3 18 18 18 18 14 14 18 40 18 18 18 18 18 18 18 12 12 18 36 18 9 9 100
tzheng2 18 18 25 25 18 37 18 5 5 18 18 18 14 14 28 28 18 40 18 18 28 28 12 36 12 9 9 18 36 18 18 18 100
mgerber 12 36 12 9 36 9 18 40 18 21 21 20 39 20 29 39 29 18 40 18 18 100
jcolli23 18 18 18 14 14 18 40 18 14 14 5 5 12 12 18 40 18 100
awalton3 14 14 25 25 5 36 5 100
vwhitmor 18 40 18 14 14 18 40 18 18 28 28 12 12 9 9 100
rpellica 18 40 18 18 100
rmyers9 18 40 18 28 37 28 12 12 18 18 18 18 9 9 14 14 100
mdillon7 12 12 9 36 9 100
jdoerer 5 5 25 25 18 40 18 18 100
gbiltz 18 100
aheck1 18 40 18 18 14 14 18 40 18 28 28 12 39 12 9 36 9 100
ucooper 18 40 18 18 14 14 18 18 18 18 18 18 100
rschill1 18 5 5 25 25 5 5 18 36 18 18 18 18 18 18 18 18 18 18 18 18 18 100
mschlic1 18 18 18 18 18 18 18 100
mperry6 18 28 28 12 12 9 9 100
jfenton1 18 28 28 12 12 9 9 18 18 18 18 12 12 9 9 14 14 18 40 18 100
csauder 18 18 18 100
alowney 18 25 25 18 40 18 18 25 25 5 5 18 40 18 18 18 100
zkagalw1 18 39 18 25 25 18 18 5 5 18 39 18 18 18 5 5 18 40 18 18 18 100
swilkin4 18 18 18 18 12 12 9 39 9 100
imarx 18 37 18 18 18 18 28 28 9 9 18 40 18 28 28 14 14 9 36 9 12 12 100
cschmid7 18 25 25 5 5 18 40 18 21 21 20 20 29 29 28 28 12 12 9 9 100
awang4 18 18 28 39 28 100
abenavi3 18 40 18 18 18 18 18 18 18 18 28 28 12 12 9 9 14 14 100
sweyhmil 25 25 5 5 18 40 18 18 18 18 14 14 12 12 28 38 28 9 9 18 40 18 100
sgenz 18 18 18 100
mwu4 18 18 18 18 5 5 25 25 18 37 18 18 18 18 100
jleporte 18 36 18 18 100
adichris 18 40 18 28 28 12 12 9 9 14 14 28 39 28 18 40 18 18 100
scrotty1 18 40 18 18 18 9 9 28 36 28 12 12 18 40 18 100
pfarring 18 14 14 25 25 5 5 18 39 18 18 18 18 18 14 14 28 28 12 12 9 9 100
pdesousa 18 18 0 0 14 14 18 40 18 25 25 5 36 5 18 40 18 18 14 14 12 12 100
mkuehl 18 12 12 28 39 28 9 9 100
lfitter 18 25 25 5 36 5 18 40 18 18 18 18 18 18 14 14 100
kenriett 18 37 18 18 100
jruan 18 18 14 14 18 18 28 28 12 12 18 18 9 9 18 18 100
hzahour 18 18 5 5 18 40 18 18 14 14 100
emostyn 18 40 18 18 18 28 28 12 12 9 39 9 14 14 100
edohert1 18 40 18 18 18 18 18 18 14 14 28 39 28 12 12 9 37 9 100
amellert 18 18 18 18 5 5 25 25 18 40 18 18 18 18 100
aandrade 18 37 18 25 25 18 40 18 18 18 28 28 12 12 9 9 14 14 100
tdann 18 25 25 5 5 18 40 18 18 18 18 18 18 18 12 12 18 40 18 18 9 40 9 100
sielusic 5 5 5 5 18 36 18 18 18 18 18 28 28 12 12 9 9 18 39 18 28 28 12 12 9 9 100
mlicursi 18 40 18 18 18 14 14 18 18 18 28 28 12 12 18 40 18 9 9 18 40 18 100
mdrake2 18 40 18 18 18 18 18 18 18 18 14 14 18 40 18 18 28 28 9 9 18 36 18 100
lhe3 0 0 18 18 18 18 18 14 14 18 40 18 14 14 25 37 25 5 36 5 100
inegroro 18 40 18 18 14 14 18 40 18 100
afonash 18 40 18 18 18 12 12 18 40 18 14 14 18 40 18 28 40 28 9 9 100
obarnard 18 40 18 18 18 18 18 18 18 18 18 18 28 39 28 9 36 9 12 12 100
nbenz 18 18 0 0 18 40 18 14 14 18 18 12 12 12 12 18 36 18 28 28 9 36 9 100
lhuang3 18 40 18 28 28 12 12 9 9 100
jwessele 18 40 18 18 18 18 18 18 14 14 28 28 18 18 18 12 12 9 9 18 40 18 18 100
jmastron 5 5 18 40 18 18 18 12 37 12 14 14 9 9 100
dmarino 18 40 18 18 18 18 18 18 24 24 18 18 14 14 28 28 12 12 9 9 100
cpickfor 18 40 18 18 14 14 18 18 28 28 12 37 12 9 36 9 100
obaitlot 18 18 18 18 18 18 100
kmollenk 18 18 18 14 14 18 39 18 28 28 12 12 9 9 100
ccarlso2 18 0 0 18 40 18 14 14 18 40 18 12 12 28 36 28 9 37 9 18 40 18 100
bmoreno1 18 37 18 18 18 100
smanriqu 18 40 18 18 28 28 12 12 9 9 14 14 18 40 18 100
mmillado 18 25 25 5 5 18 36 18 18 18 100
mferrel2 18 36 18 18 18 12 12 28 28 18 40 18 18 100
ldougla3 18 40 18 18 18 18 18 18 18 18 28 28 12 12 9 9 100
jmcconn1 18 40 18 18 100
ecahill 18 18 14 14 18 40 18 18 28 28 12 36 12 9 9 18 40 18 18 18 18 18 14 14 18 40 18 100
dshaw4 18 36 18 18 18 18 18 18 18 18 18 14 14 18 40 18 18 18 12 12 28 36 28 9 37 9 14 36 14 100
alucche1 18 5 36 5 18 40 18 14 14 25 25 18 40 18 18 18 100
odonnel1 18 40 18 18 18 18 18 100
mpirko 18 40 18 18 18 18 14 14 18 40 18 14 14 12 12 28 28 9 9 100
mlyden1 18 18 18 14 14 18 40 18 12 12 28 28 9 9 100
mdekold 1 1 18 40 18 18 100
eschnaut 18 25 25 18 18 5 5 18 40 18 14 14 18 18 18 100
esalina1 12 12 9 9 14 14 100
adiederi 18 40 18 12 12 14 40 14 18 18 28 36 28 9 36 9 100
sholtz1 25 25 18 40 18 28 28 9 9 12 12 14 38 14 100
sdann 18 18 18 14 14 28 28 12 12 9 9 100
pkolek 18 14 14 18 39 18 12 12 18 40 18 18 28 28 9 36 9 100
nhaymond 18 40 18 18 18 28 28 12 12 9 9 14 36 14 100
kmuha 18 40 18 18 18 14 14 18 40 18 18 18 28 28 12 12 9 9 100
kfeehan 18 25 25 5 36 5 18 40 18 18 28 28 9 9 12 12 14 39 14 100
kalme 18 25 25 5 5 18 40 18 18 18 18 14 14 12 12 18 40 18 28 28 9 9 18 40 18 18 18 18 18 18 100
ivaldess 18 40 18 14 14 28 28 9 9 18 18 12 12 100
esmith30 18 18 28 28 5 5 18 18 18 18 18 27 27 18 18 18 18 18 100
ctoudouz 18 18 28 28 12 12 9 9 100
sreddy4 28 28 12 12 9 9 100
rboylan 18 40 18 18 18 18 18 28 28 12 12 9 9 100
ncheng 18 40 18 14 14 12 12 18 40 18 9 9 18 39 18 28 28 100
jzelinsk 18 40 18 18 18 28 28 14 14 12 12 9 9 100
jcuji 18 18 18 25 25 5 36 5 18 18 18 100
gworthin 18 40 18 18 12 12 18 40 18 9 9 100
dfabrega 18 14 14 28 28 12 36 12 9 9 100
angov 18 36 18 18 18 14 14 18 40 18 18 14 14 12 12 18 18 25 39 25 28 28 9 36 9 100
adunniga 18 40 18 28 28 12 36 12 9 9 18 18 100
skolda 18 36 18 18 14 14 18 40 18 28 28 9 9 12 36 12 100
scrippes 18 18 5 5 18 40 18 18 18 18 18 18 28 28 14 14 100
mschutze 18 40 18 18 18 14 14 12 12 9 9 18 18 100
mpavloff 18 40 18 18 18 14 14 18 18 14 14 28 28 12 12 9 9 100
lnixon1 18 18 18 18 28 28 18 18 18 12 40 12 9 9 100
kmurray7 18 18 18 14 14 12 12 28 28 9 9 100
jshard 18 37 18 14 14 28 28 9 36 9 12 12 100
hthomps4 18 25 25 5 5 18 40 18 18 18 18 28 28 12 12 9 9 100
ewood1 18 18 1 1 14 14 18 40 18 12 12 100
estrouse 18 40 18 28 28 12 12 9 9 14 14 18 18 100
sekanay1 18 18 14 14 5 5 18 40 18 14 14 18 18 28 28 18 40 18 9 9 12 12 100
odegnim 18 25 25 5 5 18 40 18 18 18 18 18 28 28 18 39 18 12 12 9 9 100
kcox5 18 40 18 18 18 18 18 18 18 18 14 14 28 28 12 12 9 9 100
kborotho 18 40 18 25 38 25 14 14 18 36 18 5 5 100
jbertram 18 28 28 14 14 9 38 9 12 39 12 18 39 18 100
hbyrne 18 40 18 18 21 21 20 36 20 29 29 18 18 18 12 12 28 28 9 9 100
ggulyas 18 28 28 9 9 14 14 12 36 12 100
ekeuler 18 28 28 12 12 9 9 18 40 18 100
egeyer1 18 40 18 18 28 28 12 12 9 9 18 18 14 14 100
dlong2 18 18 14 14 28 28 12 12 9 9 100
bpierpoi 18 40 18 18 18 18 18 18 100
apavelka 18 40 18 18 28 28 12 12 9 9 100
rbartle1 18 25 25 5 5 18 40 18 18 18 18 28 28 12 12 9 9 100
nyusko1 5 5 18 40 18 18 18 18 18 28 28 9 9 12 12 100
motten1 18 40 18 18 12 12 28 28 9 9 100
molsen3 18 18 14 14 18 40 18 12 12 9 37 9 25 25 29 29 28 28 18 18 100
mdambros 18 5 5 25 25 18 40 18 18 5 37 5 18 40 18 100
kmountf1 18 40 18 18 14 14 12 40 12 18 38 18 9 9 28 39 28 100
jeversol 18 40 18 18 18 14 14 28 28 9 9 12 12 100
etorrent 18 37 18 18 18 18 18 12 12 18 39 18 28 28 9 9 18 40 18 100
ereynol5 18 25 25 5 5 28 28 12 12 9 9 14 14 100
epark5 18 40 18 0 0 18 40 18 18 0 0 18 18 18 28 28 12 12 9 9 14 14 100
dpatel2 18 40 18 18 18 14 14 12 12 28 38 28 9 36 9 100
cmoreno5 18 18 18 100
bgawel 18 25 25 5 5 18 40 18 18 18 12 12 28 28 9 9 100
bconlon 18 36 18 25 25 5 5 18 40 18 18 18 18 14 14 28 28 100
apanousi 18 18 5 5 18 40 18 18 18 18 100
tngochi 18 40 18 18 12 12 14 14 0 0 18 40 18 18 28 28 9 9 100
tdasso 25 25 5 36 5 18 40 18 18 18 100
rwittmer 18 25 25 5 5 18 40 18 18 18 18 100
rvazza 18 25 25 5 5 18 18 18 18 18 28 28 12 12 9 9 14 14 100
nhong 18 28 28 12 12 9 9 100
mrohling 18 18 18 100
dsmith53 18 25 25 5 5 18 36 18 18 18 18 18 18 28 28 12 12 9 9 100
cdowicz 25 25 18 40 18 18 18 0 0 18 40 18 18 28 28 18 18 100
bnakfoor 18 40 18 18 28 37 28 12 37 12 9 37 9 100
akhemani 18 25 25 5 5 18 18 18 18 18 18 100
ahughes8 18 40 18 18 18 18 18 28 28 100
tperey 18 18 18 14 14 28 28 12 12 9 9 100
pbetz 18 18 0 0 18 18 18 18 18 25 25 5 5 18 18 5 5 18 40 18 18 100
mmccor15 18 18 18 18 14 14 18 40 18 18 18 12 12 9 36 9 18 18 100
mgray10 18 38 18 18 28 28 9 9 12 12 14 14 100
mfraizer 18 5 5 25 25 18 40 18 18 18 18 100
lherna11 18 18 25 25 18 40 18 18 18 28 28 12 12 18 40 18 14 14 100
jmolumph 18 40 18 18 18 12 12 28 36 28 9 38 9 100
hzweberl 18 18 18 18 14 14 28 28 9 36 9 12 36 12 18 40 18 18 18 14 14 100
dserafin 18 40 18 18 24 24 11 11 18 40 18 14 14 28 40 28 9 9 12 36 12 100
bpowell4 18 18 18 28 28 12 12 9 9 14 14 12 12 9 36 9 100
mdownin1 18 18 18 14 14 12 12 18 18 28 28 9 9 100
lduggan 14 14 12 12 28 37 28 9 9 100
kmclaug3 18 25 25 18 18 25 25 5 5 18 18 18 100
kbulleit 18 40 18 18 18 14 14 12 12 9 36 9 100
jplas 18 100
jbrown36 18 18 5 5 18 18 18 100
dkim30 18 40 18 18 18 18 28 40 28 12 12 9 9 100
cpantin 18 36 18 18 18 18 18 18 0 0 5 5 14 14 18 40 18 27 27 18 40 18 18 100
cmyers11 18 40 18 18 28 28 12 12 9 9 100
amora2 18 18 28 28 12 12 9 9 100
adrisco2 14 14 12 12 9 9 18 40 18 18 28 28 100
xtsai 18 40 18 18 18 18 18 18 18 18 100
kmurph44 18 18 18 18 18 18 18 14 14 18 40 18 18 12 12 28 28 9 9 14 14 100
ibushue 14 14 18 40 18 12 12 28 36 28 18 36 18 9 36 9 18 37 18 100
hadams3 18 18 18 18 8 8 22 22 8 8 18 18 1 1 27 27 0 0 18 40 18 8 36 8 22 22 0 0 1 1 27 27 25 25 5 5 18 40 18 28 28 5 5 14 14 18 18 100
enichol4 18 40 18 18 28 28 12 12 9 9 18 18 14 14 100
egroth 18 40 18 18 18 14 14 12 12 18 40 18 28 28 9 36 9 12 36 12 100
aheinzma 18 18 14 14 18 40 18 25 25 5 36 5 18 40 18 18 14 14 18 40 18 28 28 12 36 12 9 9 100
adecker1 18 18 18 18 11 11 18 40 18 18 100
aameen 18 18 18 14 14 18 18 12 12 18 40 18 28 28 9 39 9 100
zwall 18 18 18 28 28 12 12 9 9 100
smonaha1 18 40 18 18 100
sdeschne 18 40 18 14 14 12 12 28 36 28 9 9 100
mowen 18 18 12 12 28 36 28 9 36 9 18 36 18 100
lwatts1 18 40 18 18 18 14 14 28 28 12 37 12 9 9 100
krochefo 18 0 0 25 25 18 18 5 5 18 40 18 18 100
gniforat 18 5 5 25 25 18 36 18 5 5 18 40 18 18 18 100
evandier 18 18 28 28 14 14 12 36 12 9 36 9 18 40 18 18 100
eclapp 18 40 18 5 5 18 40 18 14 14 28 28 12 36 12 9 9 100
awaldsch 18 18 18 18 12 12 9 9 18 40 18 100
adevito1 18 18 5 5 18 40 18 18 28 28 12 12 9 9 100
tsilva1 25 25 5 5 18 18 18 18 100
oivan 18 18 18 18 18 14 14 12 12 100
mmarti45 14 14 28 37 28 9 9 12 12 100
mjorden 18 40 18 28 28 12 12 9 9 18 18 14 14 18 40 18 100
ldorenko 18 18 18 18 18 14 14 28 28 18 40 18 12 12 9 39 9 100
ktracey 18 40 18 18 18 14 14 12 12 28 40 28 18 18 9 9 100
krothmey 25 25 5 5 18 40 18 28 39 28 12 12 9 9 100
kbiladea 18 40 18 25 25 5 5 18 40 18 18 18 18 18 100
jweas 18 40 18 18 18 28 28 12 12 9 9 18 18 14 14 18 40 18 100
jgoldsch 18 40 18 18 14 14 28 28 18 40 18 28 28 12 36 12 9 9 100
jdraves 18 40 18 18 9 9 18 40 18 12 12 18 40 18 14 14 28 28 100
gotte1 25 25 5 5 18 40 18 18 18 18 14 14 18 40 18 100
emeara 28 28 12 12 9 36 9 18 18 18 100
cnilsen 18 40 18 18 14 14 28 28 12 12 9 38 9 100
bmurph24 18 40 18 18 18 14 14 18 40 18 14 14 12 12 18 40 18 28 28 9 9 100
azammit 25 39 25 12 36 12 9 9 28 28 18 40 18 21 21 20 20 29 29 13 40 13 15 15 2 37 2 6 6 30 30 4 4 31 31 17 17 18 39 18 18 26 26 19 19 18 40 18 7 7 33 40 33 18 40 18 18 17 17 4 4 34 36 34 10 10 18 40 18 18 33 33 23 23 32 32 18 40 18 18 18 100
arabbitt 18 40 18 18 18 18 100
wcheong 18 40 18 18 18 100
kmoran11 25 25 5 5 18 40 18 28 28 12 12 9 9 100
kgalla21 18 40 18 14 14 28 28 18 40 18 12 12 9 36 9 100
kgalla20 18 40 18 18 28 28 9 9 12 12 100
kfranz1 18 14 14 25 25 5 5 18 40 18 18 14 14 25 25 28 28 12 12 9 9 100
jsutton3 18 40 18 18 18 100
jhegart2 18 40 18 18 14 14 28 28 12 12 9 9 18 38 18 100
japplew1 18 18 25 25 18 36 18 5 5 18 40 18 18 18 100
imurrer 18 25 25 5 5 18 40 18 18 28 28 9 36 9 12 12 100
fschemel 18 40 18 18 18 14 14 28 28 9 9 12 12 100
fprimozi 18 18 100
elinares 18 40 18 18 18 28 28 12 12 9 9 18 37 18 100
cmulshin 18 18 18 28 28 12 12 9 9 18 18 14 14 100
cmagnuss 18 40 18 12 12 28 39 28 9 36 9 100
ccleary1 18 36 18 18 18 18 28 28 14 14 12 12 9 9 18 40 18 14 14 100
abohling 18 14 14 28 28 12 12 9 9 18 40 18 100
mscanish 18 40 18 18 12 12 9 37 9 100
mkirven 18 18 18 18 18 18 14 14 18 37 18 8 8 18 40 18 18 18 18 18 18 18 14 14 28 28 12 12 9 9 100
lkim3 18 36 18 28 28 12 12 9 9 100
lgrabows 18 40 18 18 12 12 9 9 100
lcaffar1 18 40 18 28 28 14 14 12 12 9 37 9 100
kliang2 18 100
jnowak4 18 40 18 100
hcheng1 18 36 18 25 25 18 40 18 100
bmerrick 0 0 18 18 18 18 14 14 18 40 18 12 12 9 9 28 28 100
bgagnon 18 40 18 18 100
tmansell 18 40 18 18 14 14 28 28 12 36 12 18 40 18 9 36 9 100
rrocco 18 40 18 18 14 14 18 40 18 18 28 28 12 12 9 36 9 18 40 18 100
rpuno 18 40 18 14 14 18 40 18 12 12 28 28 9 9 100
lyan4 18 40 18 14 14 12 12 28 28 18 18 100
kpresteg 18 18 18 18 18 100
jbaines 18 40 18 18 18 18 28 28 9 36 9 12 12 100
blemay 18 38 18 18 14 14 28 40 28 9 9 12 12 18 18 18 18 100
aromano2 18 100
alongsta 18 40 18 18 28 28 12 12 9 9 14 14 100
szachari 18 40 18 18 14 14 28 28 12 12 9 40 9 100
spalumb1 18 40 18 14 14 28 28 12 12 9 9 100
pcamara 18 18 25 25 5 5 18 40 18 18 18 18 18 28 28 12 12 9 9 14 14 100
operez2 18 18 18 14 14 28 28 9 40 9 12 12 100
nvincent 18 40 18 18 18 28 28 12 12 9 9 18 40 18 12 12 18 18 21 21 100
lgelin 18 18 18 0 0 18 40 18 11 39 11 12 12 28 28 9 9 100
ldomenel 18 25 25 5 5 18 40 18 18 100
lcho 18 40 18 18 18 18 14 14 28 28 12 12 9 9 100
jpaul2 11 11 18 37 18 14 14 18 40 18 15 15 13 13 18 18 14 14 24 24 18 18 11 11 18 40 18 100
ischmitz 18 25 25 5 36 5 18 40 18 18 18 18 28 28 9 9 100
egorman5 18 40 18 18 18 18 14 14 18 18 12 12 28 28 9 9 100
eeagle 18 40 18 18 18 18 18 18 28 28 12 12 9 9 100
dallen13 25 25 5 36 5 18 40 18 18 18 18 100
cdenzel 18 40 18 14 14 12 12 28 38 28 18 40 18 9 9 100
asowell 18 36 18 18 18 18 100
yzou2 18 18 18 18 100
speter14 18 100
pmcmonag 18 37 18 18 18 28 28 14 14 12 38 12 18 39 18 14 14 100
kpaulsen 18 18 28 28 18 18 12 36 12 18 40 18 9 9 100
kjacoby1 18 18 18 18 18 18 14 14 28 40 28 12 37 12 9 9 100
jruane 18 18 14 14 12 12 18 36 18 18 18 28 28 18 40 18 9 9 100
jdodig 18 40 18 100
gcramer1 25 25 5 5 18 40 18 18 18 18 18 28 28 12 12 9 9 100
everhey 18 18 28 36 28 12 12 14 14 100
esoller 25 39 25 5 36 5 14 14 18 40 18 18 28 28 18 40 18 12 12 9 38 9 100
egorman6 18 40 18 18 100
ckotseos 18 40 18 18 28 28 12 12 9 9 100
cganley 18 18 18 12 12 9 36 9 28 28 28 28 14 14 100
bfraser 18 40 18 18 14 14 18 40 18 18 18 12 12 28 28 18 40 18 9 9 18 36 18 100
asweet 18 40 18 100
apaik 18 18 18 5 5 18 18 18 18 100
thuber1 18 40 18 18 28 28 12 12 9 9 100
sincera 18 18 18 28 37 28 12 12 9 9 14 14 18 18 25 39 25 5 5 18 40 18 18 100
phennes2 18 18 5 5 25 25 18 40 18 18 18 100
msahd 18 14 14 25 25 5 5 100
mcabrer1 18 40 18 18 18 18 12 12 28 36 28 9 9 18 37 18 100
kkolleck 18 36 18 18 18 14 14 28 28 12 12 9 9 100
jreeg 18 5 5 18 18 25 25 18 40 18 18 100
jgonnard 5 5 18 40 18 18 14 14 28 28 9 9 12 40 12 100
hsarkey 18 18 25 25 18 40 18 14 14 28 28 100
hholden 18 36 18 18 18 14 14 12 12 25 36 25 28 28 9 9 100
epil 18 100
awitte 18 18 18 25 25 14 14 5 5 18 40 18 18 18 18 12 12 28 28 9 9 14 37 14 100
trogers6 18 40 18 27 27 18 40 18 1 1 18 40 18 14 14 28 28 12 12 9 37 9 100
tfross 18 28 28 12 12 9 9 14 14 18 40 18 28 28 12 12 14 14 18 36 18 100
taguirre 18 18 14 14 18 18 18 18 18 28 28 12 12 9 9 100
sbindel 18 40 18 14 14 18 40 18 100
rmaqbool 18 18 25 25 5 36 5 18 40 18 28 28 18 18 100
kcockrel 18 25 25 5 5 18 40 18 18 18 18 18 14 14 28 28 12 12 9 9 18 36 18 100
jmarino6 18 40 18 12 12 28 37 28 9 9 100
eguenthe 18 25 25 5 5 18 40 18 18 18 18 18 28 28 12 12 9 9 100
ecaradon 18 18 5 5 18 40 18 18 18 18 100
creid4 18 40 18 12 12 28 28 9 9 100
carizama 21 36 21 20 20 29 29 100
anataraj 18 40 18 18 18 18 14 14 12 12 9 36 9 28 28 100
svukovit 18 40 18 18 18 18 18 28 28 12 12 9 9 100
msteph11 18 18 18 18 28 28 12 12 9 9 100
mraster 18 14 14 28 28 12 12 9 9 18 40 18 100
lbognar1 18 18 28 28 9 9 12 12 100
lbakke 18 40 18 18 28 28 12 12 9 9 100
jzacher 18 40 18 18 18 28 38 28 12 12 9 9 18 40 18 100
jheath3 14 14 28 28 9 9 12 12 100
hduan 18 18 25 25 18 36 18 5 5 18 40 18 18 18 18 100
gvargas 18 40 18 18 0 0 14 14 12 12 18 36 18 28 28 9 40 9 18 18 100
erogan 18 40 18 14 14 12 12 9 39 9 28 40 28 100
epuntill 18 40 18 12 12 28 28 9 9 100
ebarthel 18 18 18 18 18 100
eallgaie 18 18 18 0 0 18 40 18 100
dlipa 18 40 18 14 14 12 12 28 28 9 9 100
csmith71 18 18 18 18 28 28 14 14 9 9 12 12 100
clucas4 18 40 18 18 14 14 18 40 18 28 28 12 12 9 36 9 100
clowney1 18 40 18 28 28 12 12 14 14 29 29 9 36 9 100
bsailer1 18 39 18 18 18 18 18 18 18 14 14 12 12 28 28 9 9 100
bburger 18 25 25 5 5 14 14 18 40 18 28 28 12 12 9 9 18 18 14 14 100
bbishop2 18 40 18 14 14 18 18 12 12 28 28 9 9 100
alifka 18 36 18 18 14 14 18 18 28 28 18 18 18 9 9 12 12 18 39 18 100
alee25 18 18 28 28 9 9 14 14 12 12 22 22 100
ttarkles 18 14 14 18 37 18 18 28 28 12 12 9 9 100
tkhong 18 18 18 18 18 28 28 12 36 12 9 36 9 100
sschmit1 18 40 18 18 18 18 28 28 12 12 9 9 100
rsulli13 18 25 25 18 36 18 5 5 18 40 18 18 18 14 14 28 28 100
plally 25 25 5 36 5 18 40 18 18 18 28 28 12 12 9 9 100
mwhelan3 25 25 18 40 18 18 18 28 28 12 12 9 9 100
mmccabe6 18 40 18 14 14 18 40 18 18 14 14 12 12 100
mkeller6 18 5 5 25 25 4 4 24 24 18 40 18 18 18 18 100
mhare1 25 25 5 36 5 18 40 18 14 14 18 40 18 28 28 12 12 9 39 9 100
mdadamio 18 14 14 18 40 18 12 12 100
khinish 18 100
hschwart 18 18 18 12 12 18 40 18 28 28 18 18 9 9 18 40 18 9 9 100
hparkhil 18 18 18 18 18 18 18 18 28 28 12 12 9 9 100
emcdowel 18 25 25 5 5 18 18 18 18 28 28 100
dnaquin 18 40 18 18 11 11 14 14 21 21 28 28 12 12 9 9 28 40 28 18 40 18 100
abenedic 18 28 37 28 12 12 9 9 14 14 18 40 18 100
wdefaria 18 40 18 18 100
tcarnes 18 18 18 18 28 28 14 36 14 12 12 18 18 9 36 9 18 36 18 100
rduffy3 18 39 18 14 14 18 40 18 18 18 18 18 28 39 28 14 14 12 36 12 9 9 100
narmbrus 18 40 18 18 100
mritten 18 40 18 18 18 14 14 9 9 18 40 18 12 12 18 18 18 100
mdonne10 18 18 18 18 14 40 14 28 37 28 12 12 9 36 9 18 40 18 18 100
kperez4 25 25 18 40 18 18 14 14 18 40 18 28 28 12 12 100
jsuttman 28 28 100
jgriff12 18 36 18 18 12 12 28 28 9 38 9 18 40 18 100
jables 18 14 14 18 18 18 18 28 28 12 39 12 9 38 9 100
eforbes1 18 40 18 18 18 14 14 12 12 9 38 9 28 28 100
ccorse 18 37 18 25 25 18 36 18 5 5 18 40 18 18 100
asmith56 18 40 18 18 18 25 25 5 5 18 40 18 18 100
acook8 18 25 25 5 5 14 14 18 40 18 0 0 100
abojczuk 18 40 18 18 18 18 100
zliang3 14 14 25 25 5 5 18 40 18 14 14 18 40 18 28 28 18 40 18 12 12 9 36 9 100
ychen30 25 25 5 36 5 18 40 18 100
tkacius 18 40 18 18 14 14 28 39 28 12 12 9 38 9 100
szabala 18 40 18 18 18 18 28 36 28 12 12 9 36 9 100
swallac3 18 40 18 18 18 14 14 28 28 12 12 9 9 100
sbattali 18 100
ojacobse 18 18 25 25 5 36 5 18 40 18 18 18 18 28 28 100
npatidar 14 14 28 28 12 37 12 9 9 100
ngiannot 18 40 18 18 18 14 14 18 40 18 18 28 36 28 12 12 9 40 9 100
mstebbi1 18 100
mkelley9 18 40 18 100
kwhite14 18 40 18 18 14 14 100
kmchugh6 18 40 18 18 12 12 28 28 9 9 14 14 100
kconese 18 18 18 18 12 12 28 28 9 9 100
jstacho1 18 40 18 18 18 100
jslaugh2 18 40 18 14 14 18 40 18 14 14 12 12 100
gwilson6 5 5 25 25 18 40 18 18 18 18 100
gpernico 18 100
drea 18 18 0 0 18 40 18 18 18 18 18 14 14 18 40 18 12 12 9 9 100
dkelly13 18 14 14 28 28 9 9 12 12 18 38 18 100
cschust4 18 40 18 12 12 28 28 9 9 100
cprince 18 18 18 18 18 28 28 12 12 9 9 100
bdzubara 18 18 5 36 5 25 25 18 40 18 18 18 100
acrowle1 25 25 5 5 18 40 18 18 18 100
zzovko 18 18 18 100
ztulausk 18 28 28 12 39 12 9 9 18 40 18 100
tfolwell 18 14 14 28 28 12 12 9 9 100
sharri11 18 36 18 25 25 18 40 18 25 25 5 5 18 40 18 28 28 12 12 9 9 100
mphelan5 18 40 18 18 28 28 18 40 18 18 14 14 12 12 28 28 9 9 18 40 18 100
mkocher2 18 18 18 18 100
ksteenvo 18 40 18 18 12 12 28 28 9 9 100
kmehta2 18 36 18 18 18 18 18 100
kaiello1 18 40 18 18 18 28 36 28 12 36 12 9 9 14 14 18 40 18 100
jrhiling 18 28 28 9 9 12 12 100
jmcclin1 18 5 5 18 40 18 18 18 28 28 12 12 9 9 100
eolsen2 18 28 28 12 12 9 9 14 14 100
egrammer 25 25 5 5 18 40 18 18 18 28 28 12 12 9 9 100
dngo2 18 18 18 28 28 12 12 9 9 100
czhou4 18 36 18 18 18 18 18 14 14 12 12 18 40 18 18 28 28 9 36 9 12 12 100
csedore 18 40 18 28 28 12 12 9 9 100
awood8 18 40 18 14 14 28 28 9 9 12 12 18 18 100
astaresi 18 40 18 18 14 14 28 28 9 36 9 12 37 12 100
areymer 18 40 18 28 36 28 9 9 12 12 100
ahays1 18 40 18 18 18 12 12 18 40 18 28 28 9 9 18 18 100
abatkoff 18 18 100
xzhang24 18 28 28 12 12 9 9 14 14 18 40 18 100
skoo1 5 5 18 40 18 18 18 28 28 18 18 12 12 18 40 18 18 9 9 18 18 100
rsong 18 18 14 14 18 18 12 12 9 36 9 100
rbanuelo 18 18 18 18 18 100
psansone 18 18 18 18 100
npassina 25 25 18 40 18 28 28 9 9 12 12 14 14 100
mlarson3 18 18 18 18 18 12 12 100
mhagan2 18 25 25 5 5 18 40 18 18 18 18 18 18 14 14 28 28 100
mcrawf10 18 40 18 28 28 12 12 9 9 18 18 14 14 18 39 18 18 18 100
jbelluc2 18 40 18 18 1 1 18 40 18 1 1 18 40 18 28 28 12 12 9 9 100
jander21 18 100
ioteroto 18 40 18 28 28 12 12 9 9 100
ejones15 18 40 18 18 18 18 18 18 28 28 9 9 12 12 100
ecummin2 18 40 18 18 14 14 12 12 28 28 9 9 100
dventer 18 18 14 14 18 40 18 12 12 28 28 9 9 100
ccastil4 18 28 28 12 12 9 9 14 14 100
cbarahon 18 25 25 18 18 5 5 18 40 18 100
zeggers 18 40 18 28 28 100
skeller5 18 18 18 18 14 14 18 40 18 28 28 12 12 9 37 9 14 14 18 18 100
nholmes2 18 40 18 12 12 14 14 18 36 18 28 28 9 38 9 100
mtagovai 18 25 25 18 40 18 18 18 100
mryan32 5 5 25 40 25 18 40 18 100
mmatusk1 18 25 25 5 5 18 40 18 28 28 9 9 12 12 18 40 18 100
mflanag8 18 18 25 25 5 5 18 40 18 100
mdoyle19 5 5 25 25 18 18 18 28 28 12 12 9 9 14 14 100
lfalquez 18 0 0 25 25 5 5 18 40 18 18 18 18 18 28 28 12 37 12 9 9 14 14 100
jmarvin2 18 40 18 0 0 18 40 18 14 14 18 39 18 28 28 9 9 12 37 12 100
hchoudhu 18 18 18 18 14 14 18 18 100
edell 18 18 28 28 12 12 9 36 9 14 14 100
delwell 18 25 25 5 36 5 18 40 18 18 18 100
cpawelek 18 40 18 18 100
cgotuaco 18 25 25 5 5 18 40 18 18 18 100
ccasper 5 5 25 25 18 40 18 14 14 100
bbrown14 18 40 18 18 28 28 12 12 9 9 100
ychen31 18 18 100
vkareh 18 18 28 28 12 12 9 9 18 40 18 18 100
rwilso18 14 14 28 28 12 12 9 9 100
rmelotik 25 39 25 5 37 5 100
pkollma1 18 40 18 18 28 28 14 14 12 36 12 100
phaley1 18 100
oeaddy 18 18 25 25 5 5 100
mzakowsk 18 18 5 5 14 14 18 40 18 18 28 28 12 12 9 9 14 14 100
mmoufawa 18 40 18 18 28 28 12 39 12 100
mmaldona 18 40 18 18 28 28 12 12 9 9 100
mlake2 18 18 28 28 12 12 9 9 18 40 18 100
mhoffm12 18 100
mcurlis2 1 1 18 40 18 14 14 25 25 5 36 5 18 36 18 28 28 18 40 18 18 18 14 14 28 28 9 9 12 12 100
kwardlow 18 18 5 36 5 18 40 18 100
kround 18 25 25 5 5 18 40 18 18 33 33 18 40 18 100
kmoeinva 5 5 25 25 18 40 18 18 28 28 12 12 9 9 14 14 100
jsong3 18 18 14 14 100
jsimone 18 28 28 14 14 9 36 9 12 12 100
jnagle7 18 40 18 18 28 28 100
jmullen6 18 40 18 28 28 12 12 9 9 100
jhuber4 18 40 18 14 14 28 28 12 36 12 9 36 9 100
gvonuhle 18 14 36 14 18 40 18 100
esienko 18 14 14 9 9 18 40 18 12 12 28 28 100
ekiszla 18 18 11 11 28 28 12 12 9 9 14 14 18 36 18 28 28 100
ekenney1 18 40 18 1 1 27 27 14 14 18 40 18 28 28 14 14 12 36 12 18 40 18 9 9 100
edoyal 18 40 18 18 18 18 18 14 14 28 28 12 12 9 37 9 100
dmikovit 18 40 18 28 28 12 12 9 9 18 18 100
dkim28 18 25 25 5 36 5 18 40 18 18 18 100
clink4 18 40 18 18 14 14 12 12 9 9 100
bferris1 18 40 18 18 18 14 14 28 28 12 12 9 9 18 18 100
asiguler 18 25 25 5 5 28 28 12 12 14 14 18 18 100
syi3 25 25 5 5 18 40 18 18 18 18 100
swolfe1 25 40 25 18 36 18 18 5 5 18 40 18 18 18 18 14 14 100
shatfie1 18 40 18 18 18 14 14 18 18 18 28 28 9 9 12 12 100
rtaraboc 18 40 18 14 14 28 28 12 36 12 9 36 9 100
rmazzini 18 14 14 12 12 28 28 9 9 100
nllauro 18 40 18 18 14 14 100
mvander4 18 18 14 14 28 28 12 12 9 9 100
mtapp 25 25 5 5 18 40 18 18 18 18 18 100
mmirer 18 18 100
mesteve 18 18 28 28 12 12 9 9 100
mbutle14 5 5 25 25 18 40 18 28 28 12 12 9 9 100
mbutle13 18 40 18 14 36 14 12 12 18 40 18 28 28 18 40 18 12 12 28 28 9 9 100
lrodrig6 18 40 18 14 14 12 12 18 40 18 12 12 14 14 28 28 9 9 100
kkubik 18 40 18 14 14 18 40 18 28 28 12 39 12 9 40 9 18 40 18 9 9 100
kflanag4 18 40 18 18 100
jcorbin2 18 18 18 18 28 28 12 12 9 38 9 100
ihornung 18 25 25 5 36 5 18 37 18 18 18 100
gpetrosi 18 40 18 18 5 5 18 40 18 18 12 12 18 40 18 14 14 9 40 9 28 28 100
edownin1 25 40 25 5 5 18 40 18 18 18 100
coleary2 18 40 18 14 14 18 18 28 28 12 12 18 40 18 18 9 9 100
cmeyers3 18 40 18 14 14 12 12 28 40 28 9 9 100
cfitzgib 18 40 18 1 1 14 14 18 40 18 14 14 28 39 28 9 9 12 12 100
ccocco 25 40 25 5 5 18 40 18 18 18 18 100
apeter14 18 5 5 25 25 18 40 18 18 18 18 100
aander27 18 40 18 18 28 28 12 12 9 9 100
yfeng3 18 25 25 5 5 18 36 18 18 18 18 18 100
risrael1 25 25 5 5 18 40 18 28 28 12 12 9 9 100
piannell 18 18 18 18 14 14 12 12 28 37 28 9 9 100
nmattei1 18 40 18 18 28 28 12 12 9 39 9 100
mvondras 18 14 14 12 12 18 40 18 9 40 9 100
mretoske 18 0 0 18 40 18 18 12 12 18 40 18 25 25 28 28 9 9 14 14 18 36 18 18 100
mplante 18 28 28 12 12 9 9 100
mlegersk 18 0 0 18 18 18 18 18 18 12 12 28 28 9 9 100
mjohns57 18 40 18 18 18 9 38 9 28 39 28 12 36 12 18 36 18 100
mheli 18 40 18 28 28 12 12 9 39 9 18 40 18 28 28 14 14 12 12 100
mbianco 25 25 5 36 5 25 25 18 40 18 18 18 14 36 14 18 40 18 100
lstephe3 18 40 18 18 18 28 28 12 12 9 9 100
kmccahan 25 40 25 18 18 14 14 5 5 18 40 18 14 14 28 28 100
jriver11 18 12 12 100
jmrozek 18 25 25 18 36 18 5 5 18 40 18 0 0 18 40 18 18 100
jhirshor 18 40 18 18 18 18 28 40 28 12 12 9 9 100
jgarci22 18 18 25 25 18 18 5 5 18 40 18 18 18 18 100
gnguyen 18 40 18 14 14 28 28 9 9 12 12 100
eriojas 18 40 18 12 12 28 28 18 18 28 28 12 12 100
ebrown20 18 40 18 14 14 18 18 12 12 18 18 28 28 9 9 100
dadams13 18 40 18 18 14 14 12 12 100
cdito 18 28 28 14 14 9 9 12 12 100
apasin 18 40 18 18 14 14 18 40 18 14 14 18 18 12 12 28 28 9 9 100
alaboe 18 40 18 18 18 18 28 28 12 12 9 9 100
ablanch2 25 25 5 5 18 40 18 100
yhe9 18 18 18 28 28 12 12 9 9 100
wzhu2 18 18 18 14 14 12 12 18 40 18 9 39 9 21 37 21 18 40 18 100
wschemel 18 40 18 14 14 18 18 12 12 18 40 18 12 12 9 9 28 28 100
tkoewler 18 40 18 18 18 18 18 18 28 28 12 12 9 9 14 14 100
scannova 18 36 18 18 14 14 28 28 12 12 9 36 9 100
samezqui 18 40 18 18 18 100
rchan3 18 40 18 18 18 28 28 12 12 9 9 18 18 18 18 14 14 100
poconno6 18 18 18 28 28 12 12 9 9 100
ohatch 18 40 18 18 18 28 28 18 18 100
nho1 18 40 18 18 28 28 12 12 9 9 100
mwinche1 18 40 18 18 18 12 12 28 28 9 9 100
msteeves 18 40 18 14 14 12 12 18 40 18 28 28 12 12 9 9 14 40 14 100
mmccans 18 40 18 18 14 14 28 28 9 9 12 12 100
mguggenb 18 18 28 28 14 14 12 12 9 9 100
mfarleka 18 40 18 18 11 11 18 40 18 18 18 12 12 18 40 18 12 12 14 14 18 18 100
mcasasga 18 40 18 14 14 28 36 28 12 36 12 9 36 9 18 40 18 100
kthomp21 18 40 18 18 18 28 28 12 12 9 9 100
kmccabe4 18 25 25 5 36 5 18 40 18 100
khuffert 18 100
jxu9 18 25 25 5 5 18 40 18 100
jstellon 5 5 18 40 18 18 18 100
jboateng 18 28 28 12 12 9 9 100
iedgar 18 18 18 14 14 9 9 12 12 100
ekeefe2 25 25 5 5 18 40 18 18 18 100
dfeldman 18 40 18 18 0 0 12 12 14 14 28 28 9 36 9 100
cpalor 18 18 18 18 100
ccahill6 18 40 18 14 14 28 28 12 12 18 40 18 100
bgrier 18 40 18 18 18 28 28 12 12 9 9 100
bdrummo1 18 38 18 18 18 28 28 12 12 9 9 100
bcarmody 18 25 25 18 40 18 18 18 100
amurph14 25 25 5 5 18 36 18 18 100
amarti55 18 40 18 14 14 18 40 18 28 28 9 9 12 12 14 14 100
agerman 18 28 28 12 12 9 9 14 14 100
afemrite 18 40 18 14 14 12 12 28 28 9 9 100
tpagessa 28 28 14 14 12 39 12 9 9 100
tjohns29 18 28 28 9 36 9 12 12 100
pbald 18 40 18 100
mnieves1 25 25 5 5 18 40 18 18 28 28 12 12 9 9 100
mbrombac 25 25 5 5 18 40 18 18 14 14 28 28 12 12 9 37 9 100
mbeinlic 18 38 18 18 28 28 12 12 9 9 14 14 100
lmedinab 25 25 5 5 18 40 18 18 12 12 9 9 28 28 100
lmcphill 18 18 5 5 18 36 18 18 18 18 18 18 18 100
kwoodwa3 18 39 18 22 22 8 8 18 18 18 18 100
kperry7 18 18 25 25 5 5 18 40 18 18 18 18 100
kmoran10 18 40 18 18 28 28 100
kmessier 18 100
kabe1 28 28 12 12 9 9 100
jusher 18 29 29 20 20 21 21 18 40 18 100
jmusema 18 40 18 12 12 28 36 28 9 36 9 100
jkirkham 18 40 18 28 28 12 12 9 9 100
jhall15 18 40 18 18 18 28 28 12 12 9 9 14 14 100
jcharbon 18 40 18 14 14 28 28 12 12 9 9 100
gverfurt 18 40 18 28 28 12 12 9 9 14 14 18 36 18 18 100
gmcdermo 18 40 18 18 12 12 28 28 9 9 100
eyeager 18 40 18 25 25 18 36 18 18 18 18 18 18 18 100
esulli14 25 40 25 18 40 18 100
edewane 18 40 18 14 36 14 18 18 12 12 28 28 9 38 9 100
dmoran5 18 40 18 14 14 28 28 9 36 9 12 12 100
dbodewig 18 18 18 18 18 14 14 28 28 12 12 9 9 100
bni 18 18 18 28 28 12 12 9 9 100
aseketa 18 18 18 18 18 18 14 14 18 40 18 18 18 18 28 28 9 9 12 36 12 100
amitch13 18 18 18 18 18 14 14 12 12 28 38 28 9 36 9 100
amarti54 18 40 18 12 12 14 14 18 40 18 28 28 9 9 100
zwang17 25 25 5 5 18 40 18 18 18 100
rmcclain 18 40 18 100
pmcgee 18 18 18 25 25 5 5 18 40 18 100
oramire1 25 25 5 5 18 40 18 100
olombard 18 18 14 14 28 28 100
myoung12 18 40 18 18 14 14 18 40 18 14 14 28 28 12 12 9 36 9 100
mmoreno3 18 36 18 18 18 0 0 18 40 18 100
mmcelro2 18 12 40 12 28 36 28 9 36 9 100
mgroark 25 25 18 40 18 18 18 100
mcurrie2 18 14 14 1 1 18 40 18 25 25 5 5 18 40 18 28 28 12 12 9 9 100
mcarro10 12 12 100
lschwar2 18 18 25 25 5 5 18 40 18 100
labreha 18 18 25 25 18 18 5 5 18 40 18 28 28 12 12 9 9 100
kmullan4 18 40 18 14 14 18 40 18 18 14 14 28 28 9 9 12 12 100
jstuppy 18 18 28 28 12 12 9 9 100
jluk 18 18 18 18 18 100
jigiede 28 28 12 12 9 9 100
jhlavin 18 18 25 25 5 5 18 40 18 18 100
jgripens 25 25 18 40 18 100
jfabreg2 18 36 18 18 0 0 18 40 18 18 100
jedward4 18 40 18 18 28 28 12 12 9 9 14 14 100
jburhann 5 5 18 40 18 18 18 18 28 28 12 12 9 9 100
hfertitt 18 40 18 18 100
garboled 18 40 18 18 14 14 18 40 18 18 100
edidonat 18 40 18 18 14 14 18 36 18 12 12 28 37 28 9 9 100
ealbi 18 14 14 28 28 12 12 9 9 100
dmacatan 18 18 14 14 12 12 18 40 18 18 14 14 9 9 28 28 100
dharvey1 18 18 100
crichte2 25 25 5 5 18 40 18 18 18 18 100
cdunlea1 18 40 18 14 14 28 28 100
awolfe4 18 18 18 18 18 18 18 12 12 100
aturzai 18 18 18 18 18 14 36 14 100
aosorio 14 14 28 28 12 12 9 9 100
aherna13 18 5 37 5 25 25 18 40 18 100
zhan1 18 100
tsong2 18 40 18 18 28 28 12 12 9 9 18 18 18 14 14 100
smurph19 18 40 18 18 14 14 28 28 12 36 12 9 38 9 100
sjo 18 40 18 100
sbsales 18 18 14 14 28 39 28 12 36 12 9 36 9 100
rpozasg1 18 18 28 28 9 9 12 12 100
rhughes7 18 25 25 5 5 18 40 18 18 18 12 12 100
rbarnes2 18 18 18 28 28 12 12 9 9 18 40 18 28 28 12 12 9 9 14 14 100
msimon6 18 40 18 18 18 14 14 18 18 12 12 9 9 28 28 100
mgorman5 5 36 5 18 40 18 18 18 100
mbond1 18 14 14 18 40 18 14 14 12 12 9 9 18 39 18 28 28 18 39 18 100
jwoods8 18 40 18 18 28 28 14 14 12 12 9 9 18 40 18 18 14 14 29 29 21 21 20 20 100
jplocher 18 40 18 18 18 28 28 12 12 18 40 18 9 9 100
jlugg 18 40 18 14 14 28 28 9 9 12 12 100
jlehn 18 40 18 18 18 12 12 14 14 18 18 28 40 28 9 36 9 100
jdemarc1 25 25 5 5 18 39 18 18 18 18 18 100
ezahoric 18 40 18 14 14 18 40 18 28 28 12 12 9 9 14 14 100
elopez7 5 5 25 25 18 40 18 14 37 14 28 28 9 9 12 39 12 18 37 18 100
ddelliso 18 18 100
cwhalen2 5 5 18 40 18 18 18 22 22 18 40 18 14 14 28 28 12 36 12 9 9 18 18 100
cjacobs3 5 5 25 25 18 40 18 18 14 14 12 40 12 28 28 9 9 100
chowell2 18 100
blyons1 25 25 5 5 18 40 18 18 18 14 14 12 12 100
bklaus 18 40 18 18 28 28 12 12 9 9 14 14 100
zsurma 18 40 18 14 14 28 28 18 18 12 36 12 9 40 9 100
tpopps 18 40 18 28 28 12 12 9 9 100
tissa 18 18 18 14 14 28 28 12 12 9 9 100
svorne 25 25 5 5 18 40 18 18 28 28 12 12 9 9 18 18 100
sryan9 18 40 18 18 28 40 28 14 14 12 12 9 9 18 37 18 100
pgorman2 18 40 18 18 14 14 18 18 12 12 9 36 9 100
olanchon 18 36 18 5 5 18 40 18 0 0 18 40 18 18 14 14 28 28 12 12 9 9 100
nmunozol 18 100
nkelly3 18 25 25 5 5 18 40 18 18 18 100
nferguso 5 5 25 25 14 14 18 40 18 18 100
mhawit 18 40 18 100
kwhite13 18 14 14 12 12 18 40 18 9 9 28 28 100
jzepf 18 12 12 9 9 14 14 28 28 18 40 18 28 28 12 36 12 14 14 100
jgirardo 18 40 18 14 14 28 28 9 36 9 12 12 100
jfrane 18 100
iroberts 18 18 100
hferrero 18 100
ginglis 18 18 18 0 0 18 40 18 14 14 18 40 18 28 28 12 12 9 9 100
esherloc 25 25 5 36 5 18 40 18 18 100
ellano1 18 18 18 18 100
dreynoso 18 40 18 25 25 18 40 18 18 18 100
dphill14 18 40 18 14 14 28 28 12 12 100
ctsevis 18 18 25 25 5 5 18 40 18 18 14 14 100
clangle1 18 5 5 18 18 25 25 18 40 18 25 25 18 40 18 100
apines1 18 40 18 100
aorsinel 18 25 25 5 5 18 37 18 18 28 28 18 40 18 12 12 9 36 9 100
amcfadd1 18 21 21 18 18 100
abiondo 18 40 18 18 18 18 100
tmcginn1 18 18 5 5 18 40 18 28 28 100
thartle 18 25 25 5 5 18 40 18 18 100
tbendeck 18 18 25 25 18 18 18 0 0 18 18 28 28 12 12 9 9 100
ssitarsk 18 40 18 18 18 18 28 28 9 9 12 12 14 14 100
sdutta2 18 40 18 18 14 14 18 40 18 28 28 9 9 14 14 12 36 12 18 18 100
pjohns21 18 18 12 12 28 28 9 9 100
pjachim 18 25 25 5 5 18 40 18 18 18 100
mperez19 18 40 18 100
mpenn1 25 25 5 5 18 40 18 14 14 12 12 28 28 29 36 29 9 9 100
mgabouer 18 5 5 18 18 18 25 25 18 40 18 18 18 18 18 18 18 100
lwukie 18 14 14 100
lsimon2 25 25 5 5 14 14 18 40 18 14 14 28 40 28 5 5 12 12 9 39 9 100
llontoc 18 18 18 18 100
ldevito 18 18 5 5 25 25 18 40 18 18 18 100
lbode 18 40 18 14 14 12 12 28 40 28 9 9 100
layuyao 18 18 0 0 25 25 5 5 18 18 18 5 5 18 40 18 18 28 28 12 12 9 9 100
ktran1 18 40 18 18 14 14 28 28 12 40 12 9 36 9 100
kdiggin1 18 18 14 14 18 40 18 18 28 28 12 12 9 9 18 36 18 100
kbockhol 18 25 25 5 5 18 40 18 18 100
jybanez1 18 40 18 100
jswift2 5 5 18 40 18 18 100
jmoawad 18 36 18 5 5 18 40 18 14 14 28 28 18 18 18 100
jduffy8 18 18 25 25 5 5 18 40 18 18 18 18 18 18 100
jchandle 25 25 5 5 14 14 18 40 18 28 28 12 12 9 9 14 14 18 40 18 28 28 9 9 100
jbrunne1 25 25 5 36 5 18 40 18 18 100
jbordall 18 39 18 18 18 18 18 18 28 28 12 12 9 9 100
ielizond 18 18 18 12 12 100
hwakelin 18 18 25 25 18 40 18 14 14 28 28 9 9 12 12 100
gcampoli 25 25 5 5 18 40 18 18 18 100
eutley 9 9 12 12 18 40 18 100
esagun 18 40 18 18 18 18 14 14 12 12 28 28 9 9 100
eobrie14 18 18 100
ehoran3 18 14 14 12 12 18 40 18 9 9 12 12 28 38 28 14 14 18 18 100
dkrivda 18 40 18 28 28 12 12 9 36 9 100
dgarci18 25 39 25 18 40 18 18 100
csmith72 18 40 18 14 14 28 28 9 9 12 12 100
cholmes6 5 5 18 40 18 18 18 25 25 5 5 18 37 18 18 14 14 18 18 18 100
cgrunha2 25 25 5 39 5 18 40 18 18 18 14 14 100
cdelane2 18 40 18 18 28 28 12 12 9 9 14 14 100
ccahill5 18 18 18 18 28 28 12 12 9 9 100
btournat 18 25 25 5 5 18 40 18 18 18 28 28 100
akeller5 18 25 25 5 5 18 40 18 18 28 28 12 12 9 9 18 18 100
adaniele 18 40 18 18 28 28 12 12 9 9 100
aclark13 18 40 18 18 18 28 28 12 36 12 9 40 9 100
aboyd2 25 25 5 5 18 40 18 14 14 100
wmckee 18 36 18 18 28 28 100
wfine 28 28 12 12 9 9 14 14 100
srodawig 28 28 9 9 18 18 18 5 5 12 12 100
slee51 18 25 25 5 5 18 40 18 14 14 18 36 18 28 28 12 12 100
rmcgove1 18 40 18 100
pwasuwan 18 18 18 9 9 28 28 12 12 18 18 100
ojazbuti 18 25 25 5 36 5 18 36 18 18 18 100
nskora 12 12 28 28 9 9 18 18 14 14 18 40 18 28 28 12 12 9 9 100
nmarti12 18 40 18 18 18 100
nhelm 18 18 18 18 28 40 28 12 12 9 36 9 100
nbest1 18 40 18 14 14 18 18 100
mpaulran 18 18 18 100
mmurph50 18 37 18 18 14 14 18 18 28 28 12 12 9 39 9 100
kheldt 18 40 18 28 28 9 9 18 39 18 18 12 12 14 14 100
jspence6 18 40 18 18 14 14 12 37 12 9 40 9 100
jminor1 18 40 18 28 28 12 12 18 36 18 9 9 18 40 18 100
jlabadie 18 28 28 12 36 12 9 9 100
jguerra3 18 40 18 18 100
jesposi2 18 18 14 14 28 28 12 36 12 9 36 9 100
igese 18 18 5 5 25 25 18 40 18 18 18 18 100
hsun2 18 1 1 22 22 27 27 100
emangels 18 40 18 28 28 12 37 12 18 36 18 9 9 100
eleahy1 18 40 18 5 5 18 40 18 18 18 18 28 28 14 14 18 40 18 12 12 9 36 9 100
ehiestan 18 40 18 28 28 9 9 12 36 12 100
ebrady7 18 18 18 18 25 25 5 5 14 14 100
dkolkebe 18 40 18 0 0 18 40 18 12 12 28 28 9 9 100
clewis13 25 25 5 36 5 18 40 18 28 28 100
chanzel 14 14 28 40 28 12 39 12 9 9 100
cbowden 18 18 18 18 28 28 9 9 100
cbartlet 18 40 18 14 14 28 28 12 12 9 9 100
bsoaresd 25 25 5 5 18 40 18 18 18 18 100
bknarr 18 40 18 18 28 28 12 12 9 9 100
bdages 18 40 18 18 28 28 12 36 12 14 14 25 36 25 9 9 100
atreacy 18 18 100
asood1 18 18 25 25 5 5 18 40 18 18 18 18 18 28 28 9 9 100
alehanka 18 40 18 18 12 12 18 40 18 28 28 14 37 14 9 9 100
vzona 0 0 18 40 18 14 14 18 40 18 14 14 12 12 100
vdavis1 18 40 18 18 28 28 12 12 9 9 14 14 100
tmcguir2 18 40 18 12 12 28 28 9 9 14 14 100
tlynch3 5 5 25 37 25 18 40 18 18 12 12 14 14 28 37 28 9 9 100
sfore 18 18 18 18 25 25 5 5 18 40 18 100
rsabnani 18 40 18 18 18 18 28 28 12 12 9 9 100
rkenyon 18 18 28 36 28 12 12 9 9 14 14 100
rhughes8 18 40 18 14 14 18 40 18 28 28 14 14 9 9 12 12 100
mzachlin 18 40 18 18 28 28 9 36 9 12 12 100
mriss 18 36 18 18 18 18 14 14 18 40 18 28 28 12 12 9 9 100
moconn20 18 40 18 100
mmaron 18 40 18 18 14 14 28 28 9 36 9 12 36 12 100
mhepbur1 18 40 18 28 28 12 12 9 9 14 14 100
mgreene3 18 40 18 14 14 28 28 18 39 18 12 12 9 36 9 100
kmcfarl1 18 25 25 5 36 5 18 40 18 1 1 27 27 18 40 18 100
jyu7 18 18 25 25 5 36 5 18 40 18 1 1 18 40 18 18 100
jrombals 18 40 18 18 18 28 28 12 12 9 9 18 18 100
icorreia 18 40 18 14 14 18 18 12 12 28 36 28 9 9 100
gklaus 18 37 18 18 18 18 18 28 28 12 12 9 9 14 14 100
eromero3 18 40 18 18 28 28 12 12 9 9 14 14 100
eeschwei 18 40 18 18 18 100
ebabcoc1 18 18 5 5 25 25 18 18 25 25 18 40 18 100
dyefreme 18 25 25 5 36 5 18 36 18 18 100
dpark5 18 40 18 12 12 9 9 18 40 18 100
dobrie13 18 40 18 18 14 14 28 28 9 36 9 12 12 100
dkenned7 18 18 18 18 18 0 0 14 14 18 40 18 18 18 18 18 18 28 28 12 40 12 100
crodri12 18 18 14 14 28 39 28 9 36 9 12 12 100
coakley2 14 14 12 12 28 36 28 9 9 100
cgreeley 18 5 5 25 25 18 40 18 18 12 12 100
cgehan 25 25 5 5 18 40 18 18 28 28 18 18 100
cdulal 18 14 14 25 25 5 36 5 18 40 18 18 14 14 18 38 18 28 28 12 12 9 36 9 100
