dtorgers 18 18 11 11 18 38 18 100
cdavin1 18 40 18 18 18 18 18 11 11 18 40 18 18 18 18 18 18 18 18 11 11 18 39 18 18 18 18 18 18 11 11 18 40 18 18 18 18 18 28 40 28 12 12 21 21 18 40 18 12 12 18 38 18 5 5 28 28 1 1 21 21 18 40 18 100
alebron1 18 18 18 18 18 18 18 18 18 18 18 18 18 18 11 11 18 40 18 18 18 18 11 11 18 40 18 18 18 18 14 14 18 40 18 18 18 11 11 18 40 18 11 11 18 38 18 100
ccooper8 18 18 18 18 18 18 18 18 18 18 18 18 18 18 11 11 18 39 18 18 18 18 18 18 11 11 1 38 1 100
nweindel 18 40 18 18 18 18 18 11 11 18 40 18 18 18 18 11 11 18 40 18 18 18 18 11 11 18 40 18 18 18 11 11 8 38 8 1 1 22 22 18 40 18 21 21 18 38 18 100
ntownsen 18 36 18 21 21 18 18 18 18 18 18 18 18 18 18 18 18 18 18 18 18 11 11 18 40 18 12 12 100
jberg2 18 21 21 20 20 29 29 18 40 18 18 18 18 18 18 18 11 11 18 40 18 18 18 18 18 18 18 18 18 11 11 18 40 18 18 18 18 18 18 100
fhita 18 40 18 18 20 20 18 40 18 18 100
mmcfarli 18 18 18 18 18 18 18 18 18 18 18 18 18 18 18 18 11 11 18 40 18 12 12 18 40 18 18 100
mlengwin 18 40 18 18 18 18 18 18 18 18 18 18 11 11 18 40 18 11 11 18 40 18 18 11 11 18 40 18 11 11 28 36 28 18 40 18 5 5 1 38 1 29 36 29 18 18 18 18 18 18 18 100
kwurl 18 40 18 18 18 18 11 11 18 40 18 18 11 11 18 39 18 18 18 18 18 18 18 24 24 11 11 18 40 18 18 18 18 18 11 11 18 40 18 18 18 18 20 36 20 1 36 1 100
ccampb20 18 18 18 11 11 12 12 18 40 18 18 18 100
pbrown10 18 18 18 20 20 18 36 18 18 18 18 18 18 18 18 18 18 18 18 18 18 11 11 18 37 18 18 18 18 100
rdiejoma 18 40 18 18 18 18 18 18 18 18 18 11 11 18 40 18 18 18 18 18 22 36 22 28 38 28 18 37 18 18 100
drogers1 18 40 18 18 18 18 18 18 18 18 18 14 14 15 15 13 13 18 40 18 18 18 18 18 18 100
cdelpila 18 100
cbolivar 18 40 18 18 18 18 18 18 18 18 18 18 18 18 18 18 11 11 20 36 20 100
muhlenbr 18 38 18 18 18 18 18 18 18 18 18 18 18 11 11 8 8 22 22 12 12 9 38 9 25 39 25 5 5 21 21 29 36 29 100
msmith75 18 100
pmcguir2 18 40 18 18 18 18 18 18 18 18 18 18 18 18 18 18 28 28 21 21 20 20 29 29 18 40 18 18 18 18 18 18 18 18 18 18 18 18 18 18 18 18 18 18 18 18 18 18 11 11 18 40 18 8 8 18 40 18 20 20 11 11 100
jstaten 18 18 18 18 1 1 12 36 12 18 40 18 1 1 8 8 12 12 18 40 18 11 11 18 40 18 18 11 11 18 40 18 11 11 18 18 18 24 24 100
mgirod 18 40 18 18 18 11 11 18 40 18 18 18 18 18 18 18 18 18 18 18 18 18 18 18 18 18 18 18 18 12 36 12 21 21 27 27 8 8 18 40 18 100
zgartenh 18 36 18 18 18 18 18 18 18 18 18 18 18 11 11 18 18 18 18 18 100
alabella 18 18 24 24 18 40 18 18 18 11 36 11 18 40 18 18 21 36 21 18 39 18 18 18 18 100
bferrer1 18 18 18 18 18 18 11 11 18 39 18 100
pcataldi 18 40 18 11 11 18 39 18 12 12 8 8 28 40 28 100
aohri 18 36 18 18 18 18 18 18 11 11 18 18 1 1 18 40 18 1 1 21 21 25 25 12 12 18 39 18 100
pklekamp 18 40 18 18 11 11 18 40 18 18 18 22 22 1 1 18 40 18 18 18 18 18 25 25 28 28 12 37 12 8 36 8 18 39 18 18 18 18 18 18 100
amccar10 18 40 18 21 21 20 20 29 29 18 36 18 18 18 18 18 18 18 11 11 18 40 18 18 18 18 11 11 18 18 18 18 18 18 18 18 18 18 18 18 100
nwamble 18 18 18 18 18 18 21 21 11 36 11 18 36 18 100
wwu5 18 18 100
wsuter2 18 18 18 18 1 1 18 40 18 18 18 18 18 18 18 11 11 18 39 18 18 100
thowe1 18 36 18 18 18 18 18 18 18 18 18 11 11 18 38 18 18 18 18 18 18 18 18 18 100
mmian 18 18 20 40 20 29 37 29 18 18 18 18 18 100
jhouge 18 36 18 18 18 18 11 11 100
slemaign 18 37 18 18 18 18 18 18 11 11 18 39 18 18 18 18 18 18 18 18 18 18 18 18 18 18 18 5 5 18 37 18 22 22 11 11 25 25 12 12 18 40 18 18 18 18 18 100
ldamoose 18 40 18 100
sburnbau 18 18 18 21 21 18 36 18 29 29 18 18 20 20 18 18 18 18 18 18 100
nwarren 18 18 18 18 18 18 11 11 18 40 18 18 18 11 11 18 38 18 18 1 1 18 39 18 28 28 21 21 100
bconnol3 18 40 18 18 14 14 18 40 18 18 18 18 18 18 11 11 18 40 18 18 18 18 18 18 18 11 11 18 40 18 18 18 18 11 11 18 39 18 18 100
rheitkam 18 40 18 18 18 11 11 18 40 18 18 18 22 39 22 1 1 18 40 18 18 11 11 18 40 18 11 11 18 40 18 29 29 18 40 18 18 18 11 11 18 37 18 20 20 18 36 18 100
jmullike 18 36 18 18 18 18 18 18 18 18 11 11 18 40 18 18 18 18 18 11 11 18 39 18 18 18 18 100
chickey3 20 20 29 29 21 36 21 18 40 18 18 18 18 18 18 18 18 18 18 18 18 18 18 18 18 18 18 18 18 18 11 11 100
athoma24 18 40 18 11 11 18 18 18 18 18 18 18 11 11 18 18 22 22 1 1 18 36 18 18 8 36 8 18 39 18 21 21 25 25 28 28 18 37 18 100
rgensler 18 40 18 18 18 18 11 11 18 40 18 18 18 18 11 11 12 12 20 20 18 40 18 100
kthornt4 18 40 18 18 18 11 11 18 40 18 18 18 18 18 1 36 1 18 18 22 22 8 8 18 40 18 18 12 12 18 40 18 11 11 100
pvlandis 18 18 18 11 11 18 40 18 18 18 18 25 25 18 40 18 18 11 11 100
mmizraji 18 18 11 11 18 40 18 5 36 5 18 39 18 28 36 28 25 25 18 40 18 18 11 11 100
zpavlin 18 18 18 18 18 18 18 18 18 11 11 18 39 18 18 18 11 11 18 36 18 1 1 22 22 18 37 18 18 100
ydeng3 18 18 20 20 18 40 18 17 17 4 4 18 40 18 18 18 18 18 18 18 18 18 18 18 18 18 18 22 22 18 18 18 8 8 1 1 27 27 18 39 18 18 18 21 21 100
kfox8 18 18 18 18 18 18 18 11 11 18 40 18 18 18 18 18 18 18 18 18 100
lsulli11 18 40 18 11 11 12 12 28 28 18 40 18 18 18 18 12 12 1 40 1 18 40 18 18 18 18 20 20 18 37 18 18 18 18 11 11 100
jgorman6 18 18 18 18 18 21 21 20 20 29 29 18 36 18 18 18 18 18 18 18 18 18 18 18 18 11 11 18 40 18 18 22 22 1 1 8 8 18 37 18 18 12 12 20 20 18 40 18 1 36 1 22 22 21 21 18 18 100
enunez 18 18 20 20 21 36 21 29 29 18 36 18 18 18 18 18 18 11 11 18 40 18 12 12 29 29 18 38 18 100
jdirksen 18 29 29 21 21 5 5 12 12 20 20 18 40 18 11 11 18 40 18 18 18 28 28 1 40 1 28 37 28 12 12 22 22 5 36 5 18 40 18 18 29 29 21 38 21 100
whornby 18 18 18 20 20 29 29 18 18 21 21 18 40 18 18 18 18 18 18 18 11 11 22 36 22 1 1 18 39 18 18 11 11 18 39 18 18 18 11 11 18 40 18 18 1 1 22 22 100
jwade5 18 40 18 18 18 18 18 11 11 13 13 15 15 18 39 18 18 11 11 18 40 18 29 29 18 40 18 18 11 11 18 40 18 18 11 11 18 18 100
mblatt1 18 38 18 18 18 18 18 18 22 22 18 18 100
jowusuko 18 40 18 18 18 18 18 18 18 18 18 100
mmang 18 40 18 18 18 11 11 18 40 18 12 36 12 28 37 28 18 39 18 100
waberger 18 11 11 24 24 18 18 1 1 22 22 18 40 18 18 18 18 18 18 11 11 1 40 1 18 40 18 18 18 18 18 18 8 36 8 28 36 28 100
llombar2 18 40 18 18 11 11 18 40 18 18 18 18 11 11 18 40 18 18 18 13 13 18 40 18 18 11 11 18 40 18 11 11 18 39 18 100
gkaiser 18 6 6 30 30 2 2 18 37 18 18 11 11 100
koconn27 18 21 21 20 20 29 29 18 40 18 18 11 11 18 40 18 18 18 18 100
aweishan 18 18 18 18 11 11 18 40 18 18 11 11 18 40 18 24 24 18 40 18 1 36 1 18 40 18 18 28 28 21 40 21 18 40 18 100
mcaskey 18 36 18 18 18 18 11 11 18 40 18 18 18 18 18 20 20 18 39 18 18 18 11 11 18 18 1 1 22 22 18 40 18 12 12 9 9 18 40 18 18 100
jguarino 18 20 20 21 21 18 40 18 11 11 18 38 18 18 18 18 18 18 18 18 18 18 18 18 1 1 28 28 18 36 18 18 24 36 24 18 40 18 18 18 18 11 11 18 18 18 100
cseymou2 18 40 18 18 1 1 18 40 18 18 1 1 29 29 18 36 18 100
dplagenz 18 40 18 18 18 18 18 18 11 40 11 18 40 18 12 12 18 40 18 18 11 36 11 18 40 18 12 12 18 36 18 100
csasso 18 40 18 18 18 11 11 18 18 18 18 18 28 28 18 39 18 21 21 18 40 18 18 18 18 18 100
amccar11 18 18 18 18 18 18 11 11 18 40 18 18 11 11 18 40 18 18 24 24 18 40 18 18 11 11 18 38 18 1 1 21 21 22 36 22 18 40 18 18 18 100
yshi6 18 100
minoue2 18 40 18 18 11 11 18 40 18 18 18 11 11 18 39 18 18 100
jwinebre 18 36 18 20 20 29 29 18 40 18 18 18 18 18 18 11 11 22 22 18 40 18 18 18 18 11 11 100
sgalbens 18 100
jlazzara 18 18 18 18 18 18 18 18 11 11 18 18 18 18 18 11 11 18 37 18 100
vruesch 18 18 18 18 18 18 11 11 18 40 18 18 11 11 18 36 18 18 12 12 18 40 18 18 18 18 100
nniere 18 18 18 18 18 18 100
ghong 18 18 18 18 14 14 11 11 18 40 18 1 37 1 22 36 22 18 40 18 18 18 18 18 28 36 28 100
bhogan1 18 13 13 18 18 15 15 18 37 18 11 11 18 40 18 18 8 8 1 1 18 38 18 20 36 20 12 12 11 36 11 100
wdu 18 18 18 18 11 11 18 40 18 18 18 18 18 11 11 18 40 18 18 22 22 1 1 8 8 28 36 28 18 40 18 21 21 100
tmercier 18 40 18 18 18 11 11 18 40 18 11 11 18 40 18 22 22 18 40 18 0 0 8 8 12 12 11 11 8 39 8 22 22 1 1 12 12 18 40 18 18 18 11 11 18 40 18 1 1 22 22 28 37 28 18 38 18 18 20 20 18 36 18 22 22 18 39 18 1 1 18 37 18 21 21 18 36 18 100
esunshi1 18 40 18 18 18 18 18 15 15 18 40 18 18 11 11 18 40 18 18 18 18 18 18 18 18 18 100
eevans9 18 11 11 18 39 18 100
bkenney1 18 40 18 18 11 11 18 40 18 11 11 18 38 18 11 11 18 40 18 100
cdieckma 18 40 18 18 18 18 18 11 11 18 40 18 18 11 11 18 40 18 18 18 18 18 18 18 18 18 18 28 28 18 40 18 21 21 18 18 18 18 100
mcoggins 18 40 18 18 18 18 11 11 22 40 22 1 1 12 12 8 8 18 40 18 18 18 100
lblitzer 18 18 18 22 40 22 18 39 18 18 18 18 100
jdelledo 18 40 18 20 20 18 39 18 18 18 18 11 11 18 39 18 18 21 21 20 36 20 8 36 8 18 39 18 28 38 28 9 9 100
mfreedlu 18 18 18 18 11 11 18 18 18 22 36 22 12 36 12 8 36 8 1 1 27 27 18 36 18 18 11 11 20 20 21 21 29 29 25 25 28 28 9 9 18 40 18 100
tprice4 18 40 18 18 18 11 11 18 40 18 18 18 1 1 12 12 21 21 18 40 18 29 29 20 20 100
lbarret2 18 18 11 11 18 38 18 18 18 22 22 27 36 27 18 40 18 1 1 18 18 12 12 22 40 22 21 36 21 18 18 1 1 100
eralph 18 18 18 18 18 18 18 18 18 18 18 18 18 18 18 14 14 18 38 18 18 18 11 11 100
bhalliga 18 100
sroennec 18 40 18 18 18 11 11 18 39 18 18 11 11 1 36 1 18 38 18 29 36 29 29 37 29 100
jmurph32 18 40 18 18 18 18 11 11 18 40 18 12 12 18 40 18 29 29 18 40 18 1 39 1 18 40 18 18 11 11 20 36 20 18 40 18 18 100
cfrentze 18 40 18 11 11 18 40 18 18 18 11 11 18 40 18 18 18 18 18 18 18 11 11 100
mnewcome 18 18 18 18 13 13 20 20 1 38 1 18 18 18 14 14 21 37 21 18 36 18 18 18 18 18 100
jsitarsk 18 18 18 20 37 20 29 29 18 40 18 18 18 18 18 18 18 18 11 11 22 39 22 12 12 27 36 27 1 36 1 20 20 25 25 5 5 8 8 9 36 9 21 21 29 29 18 36 18 18 5 5 18 18 18 22 22 12 12 100
tpreko 18 40 18 18 11 11 18 40 18 18 18 100
mtreacy 18 37 18 11 11 18 40 18 18 11 11 18 18 22 36 22 20 20 18 40 18 18 18 100
ccampb21 18 37 18 18 18 18 18 11 39 11 18 40 18 18 18 18 18 18 100
rrivera8 18 40 18 20 20 18 40 18 11 11 18 36 18 18 24 24 18 37 18 18 18 11 11 18 40 18 11 11 18 37 18 21 21 18 36 18 21 21 18 40 18 18 1 37 1 22 22 8 8 18 36 18 18 18 18 21 21 22 22 8 8 18 18 18 100
rblack4 18 40 18 100
jwelsch 18 100
jgately1 18 39 18 18 18 18 18 18 20 20 29 29 18 18 18 18 18 18 18 18 18 18 18 18 11 11 18 18 18 12 12 18 40 18 18 18 18 11 11 18 40 18 11 11 28 28 29 39 29 100
gdean 18 18 18 11 11 18 40 18 18 1 1 29 29 18 38 18 18 22 22 11 11 18 40 18 25 25 18 40 18 18 18 18 11 11 18 36 18 29 29 8 8 21 21 28 28 25 25 18 40 18 18 18 11 11 18 36 18 18 18 18 18 18 100
ewigutow 18 40 18 18 18 18 18 18 18 18 18 11 11 22 22 1 1 5 36 5 12 12 18 38 18 18 21 21 18 37 18 100
dgibbon2 18 37 18 29 29 18 18 21 21 18 38 18 18 18 18 11 11 18 40 18 18 18 11 11 18 38 18 18 28 28 18 40 18 18 18 18 100
cmorton2 18 20 20 29 29 21 21 14 36 14 18 40 18 18 11 11 18 40 18 18 18 18 22 22 1 1 12 12 18 18 18 8 8 18 37 18 29 29 18 40 18 18 18 18 18 18 18 12 12 18 18 18 28 28 29 29 18 18 25 25 18 40 18 18 18 18 100
mrooney6 18 40 18 18 18 18 11 11 18 36 18 27 27 8 8 18 37 18 18 18 28 28 18 18 21 21 100
mmoran12 18 40 18 18 18 18 18 11 11 18 40 18 18 18 18 100
jwalte10 18 40 18 18 18 11 11 1 36 1 22 37 22 18 40 18 28 28 5 37 5 18 40 18 18 18 18 28 28 11 11 100
jcarney6 18 40 18 18 18 18 100
pmeyer3 18 40 18 11 11 18 40 18 11 11 18 18 14 14 18 40 18 18 14 14 18 36 18 8 39 8 18 18 18 28 28 12 12 21 21 5 37 5 18 18 25 25 100
icallaha 18 39 18 18 18 11 11 18 40 18 11 11 1 37 1 18 36 18 18 18 18 18 18 12 38 12 1 1 21 21 100
dtoth1 18 18 29 29 18 40 18 18 18 18 18 11 11 18 39 18 100
kkostola 18 36 18 18 18 18 18 18 11 11 20 20 29 29 100
dlee26 18 40 18 18 18 18 11 11 100
yying 18 18 21 21 20 20 29 29 18 40 18 18 18 18 18 11 11 22 22 18 40 18 18 28 28 12 12 20 20 9 9 18 18 21 21 100
swagy 18 40 18 18 18 18 18 18 18 11 11 18 40 18 18 18 18 11 11 20 20 18 18 22 22 1 1 12 12 18 40 18 100
rroque1 18 18 21 39 21 29 36 29 20 20 18 40 18 18 18 18 18 11 11 18 40 18 18 18 20 20 18 40 18 18 18 100
kdantoni 18 39 18 18 20 20 18 40 18 18 11 11 22 36 22 1 1 20 20 18 40 18 18 18 18 11 11 18 40 18 18 11 11 20 36 20 100
wmohler 18 40 18 18 11 11 18 40 18 11 11 18 40 18 11 11 18 40 18 18 18 18 18 12 12 18 40 18 18 100
lklein1 18 36 18 18 18 11 11 18 40 18 0 0 11 11 18 40 18 18 18 18 2 2 6 6 30 30 18 40 18 18 18 8 8 6 36 6 18 39 18 12 12 21 21 18 40 18 11 11 18 40 18 18 11 11 18 40 18 18 11 11 100
jbecker9 18 18 21 21 29 29 20 20 18 39 18 11 11 18 40 18 18 18 18 11 11 18 40 18 11 11 18 40 18 28 28 18 40 18 18 20 20 22 22 8 36 8 18 18 28 28 18 18 11 11 100
hrague 18 40 18 18 18 18 18 18 18 18 18 18 18 18 18 18 11 11 0 0 18 18 21 36 21 18 40 18 27 27 18 39 18 18 18 25 25 100
cott 18 36 18 26 26 18 36 18 24 24 18 40 18 18 11 11 18 40 18 18 18 18 18 11 11 18 39 18 25 25 100
mholzbau 18 40 18 18 18 18 18 18 11 11 18 40 18 18 18 18 24 38 24 9 9 18 40 18 100
mhawkin3 18 40 18 11 11 1 36 1 12 12 30 30 6 6 20 20 18 18 100
lharmon 18 18 18 14 14 18 39 18 21 21 20 37 20 29 29 18 40 18 11 11 18 40 18 18 18 18 18 18 18 20 20 18 18 11 37 11 18 40 18 12 12 21 21 20 20 25 25 100
elazzaro 18 40 18 18 18 18 18 11 11 18 40 18 18 18 18 18 18 100
tburley 18 18 18 100
shenn 18 18 20 20 18 18 29 29 18 40 18 18 18 18 18 11 11 18 40 18 18 8 8 18 18 12 12 28 37 28 20 37 20 21 37 21 18 40 18 11 11 100
jgomez5 18 18 18 13 13 20 20 25 25 5 5 18 40 18 21 21 18 39 18 100
jfries3 18 37 18 2 2 18 39 18 11 11 18 40 18 18 20 20 13 13 18 39 18 11 11 1 1 12 12 28 28 29 29 100
bniemoel 18 40 18 18 18 18 18 18 18 18 18 18 11 11 18 40 18 18 18 22 40 22 18 18 8 8 20 37 20 12 12 18 18 18 28 28 18 40 18 29 29 21 40 21 18 40 18 100
kriordan 18 40 18 18 18 18 18 18 11 11 18 40 18 11 11 18 40 18 11 11 18 40 18 18 18 11 11 100
jmurph33 18 40 18 11 11 18 38 18 11 11 1 1 12 12 18 40 18 18 11 11 18 18 1 1 29 29 18 40 18 18 11 11 18 40 18 18 18 11 11 12 36 12 1 1 8 8 18 18 29 29 28 28 18 18 100
dcorr1 18 11 11 29 29 20 20 21 21 18 40 18 18 18 18 18 18 18 18 18 11 11 18 40 18 18 18 18 100
cemenalo 18 40 18 18 11 11 18 40 18 1 1 22 22 18 40 18 18 11 11 12 39 12 18 40 18 18 18 18 18 18 11 11 28 28 9 36 9 21 36 21 18 40 18 100
yjung2 18 37 18 29 29 21 36 21 18 40 18 18 18 11 11 12 36 12 18 40 18 18 25 25 11 11 18 39 18 12 12 9 36 9 28 28 25 25 8 8 18 39 18 14 14 8 8 18 40 18 18 18 12 12 1 1 100
rpappas 18 40 18 18 18 18 18 18 18 11 11 20 39 20 21 21 100
mmerric1 18 20 20 18 40 18 18 0 0 18 18 18 18 18 18 18 18 11 11 18 40 18 18 21 21 12 12 8 8 18 37 18 18 100
mdosch 18 18 18 18 18 11 11 18 18 18 18 18 12 12 18 36 18 22 22 8 8 18 40 18 18 18 21 39 21 100
jbettag 18 18 18 18 11 11 8 36 8 18 37 18 1 36 1 8 40 8 21 21 29 29 12 12 100
jbernin1 18 40 18 100
gbruenin 18 22 22 8 8 29 29 18 39 18 100
ddallava 18 13 13 15 15 18 38 18 18 100
cgamboa 18 13 13 18 18 15 15 12 38 12 20 20 1 1 11 11 9 39 9 100
nquartir 18 40 18 18 18 18 18 20 37 20 100
lfaubion 18 40 18 18 18 11 11 18 18 8 8 18 18 18 1 1 22 22 18 40 18 18 24 24 18 40 18 18 21 21 18 18 18 18 18 18 21 21 9 9 27 27 22 22 11 37 11 100
cwilso24 18 18 18 18 18 18 18 14 14 29 29 20 20 21 21 18 40 18 18 18 18 11 11 18 40 18 18 18 11 11 22 22 20 36 20 13 13 1 1 12 12 20 36 20 18 38 18 100
aursino1 18 18 18 21 21 20 20 29 29 18 40 18 18 18 11 11 14 14 18 40 18 11 11 18 40 18 18 100
msummer2 18 18 13 13 6 6 30 30 1 39 1 22 22 18 40 18 29 40 29 21 21 18 39 18 100
kramm 18 40 18 18 18 18 11 11 18 40 18 18 22 22 12 12 18 40 18 100
jchapple 20 20 29 29 21 21 18 40 18 11 11 18 40 18 18 18 18 18 18 18 1 1 12 36 12 1 1 18 39 18 100
jbonds 18 11 11 18 40 18 11 11 18 36 18 18 18 18 25 25 29 40 29 1 40 1 24 36 24 18 38 18 12 12 18 40 18 18 18 29 29 8 8 25 25 28 28 18 40 18 100
dbirzer 18 21 21 20 20 29 29 18 40 18 18 100
cfish 18 40 18 18 11 11 18 40 18 18 11 11 18 40 18 18 18 13 13 15 15 14 14 100
nholmes1 18 40 18 11 11 18 36 18 5 5 100
ngiovino 18 18 18 11 11 18 18 18 18 18 22 22 18 18 18 18 18 18 18 18 18 100
eherber1 18 18 18 18 11 11 18 40 18 20 37 20 18 18 18 18 18 18 100
cgallag3 18 18 11 11 18 40 18 18 11 11 18 40 18 22 22 8 8 1 1 12 12 18 36 18 18 11 11 28 36 28 28 36 28 18 40 18 18 18 11 11 18 40 18 11 11 100
tzheng2 18 18 21 21 20 20 29 29 18 18 18 18 11 11 18 40 18 11 11 18 36 18 18 1 1 18 18 18 18 18 8 8 18 36 18 18 100
mgerber 18 18 13 38 13 18 40 18 15 15 18 40 18 18 18 11 11 18 40 18 18 11 11 18 37 18 9 9 1 36 1 25 25 28 36 28 18 18 18 12 12 18 40 18 11 11 18 39 18 100
jcolli23 18 100
awalton3 18 40 18 11 11 18 40 18 11 11 18 18 18 11 11 18 40 18 11 11 18 40 18 27 27 100
vwhitmor 18 40 18 18 11 11 18 40 18 11 11 18 40 18 11 11 18 36 18 18 11 11 100
rpellica 18 18 14 14 20 20 29 29 21 36 21 18 40 18 18 18 11 11 18 40 18 18 18 18 1 1 18 39 18 18 18 18 18 18 11 11 21 40 21 8 8 18 37 18 18 11 11 100
rmyers9 18 40 18 11 11 18 40 18 18 11 11 18 40 18 18 18 1 36 1 12 12 18 39 18 18 18 18 18 18 100
mdillon7 18 18 21 21 29 36 29 20 20 18 40 18 11 11 18 40 18 18 18 11 11 18 18 18 18 27 27 18 40 18 18 13 13 15 15 18 40 18 11 11 1 37 1 22 22 18 18 14 14 18 40 18 0 0 18 37 18 18 12 36 12 5 36 5 100
jdoerer 18 21 21 20 20 18 18 29 29 21 21 18 18 18 18 18 18 18 18 18 18 11 11 18 40 18 18 18 18 18 18 13 13 100
gbiltz 18 18 18 18 18 18 18 11 11 18 36 18 18 18 18 18 18 18 24 24 11 11 12 12 18 40 18 18 22 22 8 8 5 5 20 20 18 18 12 36 12 21 21 11 37 11 100
aheck1 18 18 11 11 1 40 1 27 27 18 39 18 21 21 28 28 18 39 18 100
ucooper 18 21 21 29 29 21 38 21 18 40 18 18 18 18 18 18 18 18 11 11 18 40 18 11 11 18 40 18 18 14 14 11 11 18 38 18 100
rschill1 18 18 18 18 100
mschlic1 18 18 18 18 18 11 11 18 18 18 18 11 11 18 40 18 11 11 18 40 18 11 11 12 40 12 18 38 18 21 21 100
mperry6 18 18 18 21 21 18 36 18 18 29 29 20 20 18 40 18 18 11 11 28 40 28 18 18 12 12 20 20 11 11 18 40 18 18 11 11 18 18 8 8 25 25 29 29 18 39 18 8 8 18 40 18 25 25 18 18 18 100
jfenton1 18 18 18 18 18 18 18 18 18 1 1 18 40 18 100
csauder 18 18 20 20 29 29 21 39 21 0 40 0 100
alowney 18 29 29 20 20 21 21 18 40 18 18 11 11 22 39 22 1 1 18 40 18 8 8 18 18 18 8 8 28 28 12 12 22 22 1 1 18 40 18 18 28 28 18 40 18 11 11 18 37 18 11 11 18 18 100
zkagalw1 20 20 29 29 18 40 18 20 20 29 29 21 21 18 40 18 1 1 18 40 18 29 29 18 40 18 18 29 29 18 40 18 18 11 11 100
swilkin4 18 40 18 18 18 18 18 11 11 18 40 18 1 1 12 12 20 20 18 40 18 18 18 18 100
imarx 18 18 18 11 11 18 40 18 18 11 11 18 40 18 1 1 22 22 12 12 9 9 18 40 18 5 36 5 28 28 25 36 25 29 36 29 9 9 18 40 18 100
cschmid7 18 40 18 11 11 18 40 18 18 18 18 8 8 18 40 18 18 18 11 39 11 12 12 100
awang4 18 20 20 18 40 18 29 29 21 21 18 40 18 11 11 18 40 18 18 18 18 18 18 27 27 1 1 12 12 18 40 18 18 11 11 20 20 18 18 18 12 12 5 40 5 21 21 100
abenavi3 18 40 18 18 11 11 18 40 18 18 18 18 18 18 18 18 20 20 18 39 18 100
sweyhmil 18 40 18 21 21 29 29 18 18 18 0 0 18 40 18 18 11 40 11 18 37 18 18 1 1 18 40 18 18 18 11 11 4 4 8 39 8 20 20 28 28 25 25 18 38 18 18 18 18 28 28 100
sgenz 18 40 18 18 11 11 18 40 18 12 37 12 18 39 18 100
mwu4 18 18 11 11 21 21 20 20 29 29 18 38 18 18 18 18 11 11 14 37 14 18 18 18 28 28 18 40 18 8 8 100
jleporte 18 37 18 2 2 18 40 18 18 18 13 13 15 15 18 40 18 11 11 18 40 18 18 100
adichris 18 18 1 1 18 40 18 11 11 18 40 18 13 13 100
scrotty1 18 40 18 11 11 18 40 18 18 18 18 11 11 18 40 18 18 100
pfarring 18 39 18 100
pdesousa 21 21 29 38 29 18 40 18 18 18 11 11 100
mkuehl 18 18 11 11 18 40 18 11 11 18 40 18 20 20 18 36 18 18 28 40 28 21 21 18 40 18 25 25 20 20 18 40 18 18 18 18 100
lfitter 20 20 29 29 21 21 18 18 18 18 18 11 11 18 36 18 21 21 18 40 18 12 37 12 18 36 18 1 36 1 27 27 29 39 29 18 40 18 18 100
kenriett 21 21 11 11 20 40 20 29 29 18 40 18 18 18 18 11 11 18 40 18 18 18 18 18 18 1 1 22 22 12 12 21 36 21 18 39 18 100
jruan 18 40 18 18 11 11 18 40 18 18 18 8 8 22 22 18 40 18 18 18 18 11 11 18 40 18 18 22 22 1 1 18 37 18 18 28 28 21 21 18 39 18 28 28 100
hzahour 18 21 21 14 14 18 18 29 29 20 20 18 40 18 18 11 11 18 40 18 18 11 39 11 18 40 18 18 11 11 18 39 18 100
emostyn 18 40 18 18 18 18 18 11 11 1 1 22 36 22 12 12 18 40 18 11 11 18 40 18 11 11 18 40 18 18 24 38 24 18 40 18 18 100
edohert1 18 11 11 18 40 18 18 18 11 11 18 40 18 18 100
amellert 20 20 29 29 18 40 18 18 100
aandrade 18 40 18 18 18 18 11 11 18 40 18 18 18 18 11 11 18 40 18 18 1 37 1 27 27 22 22 8 8 29 29 28 28 9 9 25 25 5 5 21 21 20 20 100
tdann 18 18 29 29 20 20 21 21 18 40 18 18 18 18 11 11 18 40 18 18 11 11 18 40 18 18 18 100
sielusic 18 11 11 18 40 18 18 1 1 12 12 27 27 20 20 21 21 29 29 18 36 18 14 14 18 40 18 18 18 11 11 18 40 18 18 18 18 18 13 13 15 15 18 40 18 11 11 100
mlicursi 18 40 18 18 11 11 18 40 18 18 18 18 11 11 8 8 28 28 21 21 18 40 18 18 18 18 11 11 100
mdrake2 18 40 18 18 18 18 18 18 18 18 11 11 18 40 18 18 18 100
lhe3 18 40 18 18 18 18 18 11 11 18 40 18 11 11 1 37 1 18 40 18 1 1 20 36 20 18 37 18 100
inegroro 18 40 18 18 18 18 18 18 18 18 11 11 18 39 18 100
afonash 18 40 18 18 11 11 8 40 8 1 1 18 40 18 18 20 20 18 40 18 18 18 100
obarnard 18 18 18 18 18 18 18 18 18 18 18 11 11 18 40 18 1 1 8 36 8 18 40 18 18 21 39 21 18 40 18 18 18 100
nbenz 18 18 11 11 18 40 18 18 11 11 18 40 18 18 18 18 18 18 12 12 18 40 18 0 0 14 14 20 20 8 8 18 18 21 21 18 40 18 100
lhuang3 18 18 18 18 11 11 18 40 18 18 8 8 9 9 25 40 25 21 21 12 12 29 29 100
jwessele 18 40 18 18 18 18 11 11 22 22 12 12 18 40 18 21 21 18 18 5 5 18 40 18 100
jmastron 18 18 11 11 18 36 18 15 15 22 38 22 1 1 5 38 5 12 12 100
dmarino 18 37 18 28 28 9 9 12 12 18 40 18 18 18 18 11 11 18 36 18 18 14 14 18 18 18 18 18 18 18 18 18 100
cpickfor 18 40 18 20 20 18 40 18 11 11 18 40 18 18 18 12 39 12 18 40 18 18 8 39 8 18 36 18 18 5 5 1 1 28 28 9 9 20 20 11 40 11 18 40 18 100
obaitlot 21 21 20 37 20 29 29 18 37 18 18 11 11 18 40 18 18 18 18 18 18 100
kmollenk 18 18 18 18 18 11 11 18 40 18 18 11 11 18 40 18 18 18 100
ccarlso2 18 40 18 11 11 1 1 29 29 18 18 9 37 9 18 39 18 8 8 21 21 100
bmoreno1 18 18 18 21 21 18 36 18 20 20 29 29 18 40 18 18 18 18 18 18 18 100
smanriqu 18 11 11 18 40 18 12 39 12 18 40 18 18 14 14 18 40 18 11 11 100
mmillado 18 18 20 20 29 29 21 21 18 18 18 18 11 11 12 40 12 28 28 18 38 18 100
mferrel2 18 18 18 18 18 18 20 20 29 29 21 21 18 40 18 11 11 18 40 18 18 18 18 18 22 39 22 1 1 27 27 18 36 18 18 28 36 28 18 18 18 100
ldougla3 18 40 18 18 11 11 18 40 18 18 18 18 18 11 11 18 40 18 11 36 11 8 8 22 22 1 1 18 38 18 18 18 18 28 28 9 37 9 21 21 18 40 18 18 18 18 100
jmcconn1 18 40 18 18 18 11 40 11 18 40 18 18 18 100
ecahill 18 13 13 15 15 18 40 18 18 13 13 15 15 18 37 18 18 18 18 13 13 18 40 18 18 100
dshaw4 18 36 18 18 18 18 11 11 21 40 21 100
alucche1 18 40 18 18 18 11 11 18 36 18 18 18 1 1 1 1 12 12 18 40 18 21 21 100
odonnel1 20 20 29 29 21 21 18 40 18 18 18 18 18 18 11 11 18 40 18 18 18 18 18 18 12 12 18 40 18 100
mpirko 18 18 11 11 18 40 18 18 11 11 18 40 18 1 1 12 12 22 22 1 1 8 8 18 18 18 9 36 9 18 18 18 100
mlyden1 18 40 18 18 18 18 18 18 18 18 11 11 18 40 18 18 14 14 18 40 18 18 18 18 18 100
mdekold 18 40 18 18 11 11 18 40 18 18 18 18 1 1 22 22 8 8 18 39 18 28 37 28 18 36 18 18 100
eschnaut 20 20 29 29 100
esalina1 18 20 20 18 40 18 11 11 18 40 18 18 11 11 22 22 1 1 18 40 18 100
adiederi 18 40 18 11 11 18 40 18 18 21 21 1 36 1 18 40 18 18 18 18 11 11 18 40 18 100
sholtz1 18 40 18 18 18 11 11 100
sdann 18 18 18 18 11 11 12 12 18 36 18 18 100
pkolek 18 18 18 11 11 18 40 18 8 8 18 40 18 18 100
nhaymond 18 18 11 11 18 40 18 18 0 0 18 18 18 0 0 18 36 18 18 11 11 18 40 18 18 18 100
kmuha 18 40 18 18 18 18 18 11 11 18 40 18 18 18 18 18 18 18 100
kfeehan 18 36 18 18 18 18 11 11 18 36 18 18 18 18 11 11 18 40 18 11 11 18 40 18 18 11 11 18 40 18 20 36 20 100
kalme 18 20 20 18 40 18 18 18 18 11 11 22 36 22 1 1 8 36 8 12 37 12 18 39 18 18 18 18 11 11 100
ivaldess 18 40 18 11 11 18 18 18 18 18 18 12 12 18 40 18 20 20 18 36 18 18 18 11 11 18 40 18 100
esmith30 21 21 18 40 18 18 11 11 18 40 18 100
ctoudouz 18 40 18 11 11 18 40 18 18 100
sreddy4 18 39 18 18 11 11 18 18 18 18 18 18 20 20 18 18 11 11 100
rboylan 18 40 18 18 18 11 11 18 18 18 18 18 11 11 18 40 18 18 18 18 12 12 18 40 18 18 18 25 25 18 40 18 18 12 12 18 40 18 18 18 100
ncheng 18 18 18 11 11 18 18 22 22 1 1 18 18 18 22 22 14 14 1 36 1 18 40 18 18 8 8 11 36 11 18 38 18 100
jzelinsk 18 40 18 18 11 11 22 36 22 1 36 1 18 38 18 18 18 18 11 11 22 36 22 11 38 11 100
jcuji 18 18 29 29 21 21 18 40 18 18 18 11 11 18 40 18 18 11 11 18 39 18 21 21 18 39 18 18 100
gworthin 18 18 11 11 24 24 18 40 18 18 11 11 18 40 18 5 36 5 28 37 28 29 36 29 18 40 18 11 11 18 40 18 18 11 11 18 18 18 100
dfabrega 18 40 18 1 1 18 40 18 1 1 22 22 18 40 18 18 18 18 11 11 18 40 18 11 11 100
angov 18 40 18 18 18 18 18 11 11 22 36 22 1 1 12 12 20 36 20 29 37 29 18 40 18 28 28 18 37 18 18 18 18 100
adunniga 18 40 18 11 11 18 40 18 18 18 1 1 22 22 18 39 18 11 11 100
skolda 18 18 18 11 11 18 40 18 1 37 1 8 39 8 18 18 21 40 21 18 36 18 18 18 100
scrippes 18 20 20 21 21 29 36 29 18 40 18 18 18 18 18 11 11 18 36 18 14 14 18 40 18 18 18 18 18 18 21 21 100
mschutze 18 18 18 18 18 18 18 15 15 13 13 14 14 18 36 18 11 11 18 40 18 11 11 100
mpavloff 18 40 18 18 18 18 20 20 18 40 18 18 11 11 18 40 18 18 20 40 20 100
lnixon1 18 18 18 18 18 18 18 11 11 22 22 1 1 27 27 18 40 18 21 21 29 29 18 18 18 100
kmurray7 18 40 18 18 18 18 11 11 22 36 22 14 40 14 18 36 18 12 12 18 40 18 27 27 22 22 12 12 18 18 11 11 18 18 18 100
jshard 18 36 18 11 11 18 40 18 18 11 11 18 38 18 22 22 12 12 1 1 18 38 18 18 18 18 18 18 20 39 20 18 38 18 100
hthomps4 18 40 18 18 11 11 11 39 11 18 40 18 18 18 11 11 18 40 18 100
ewood1 18 11 11 18 40 18 11 11 18 40 18 21 21 33 38 33 18 40 18 18 11 11 18 40 18 18 100
estrouse 18 40 18 18 11 11 18 40 18 18 18 18 9 9 12 12 18 18 18 100
sekanay1 18 40 18 11 11 18 40 18 18 22 22 18 39 18 11 11 18 40 18 18 11 11 18 40 18 18 11 11 100
odegnim 18 18 29 29 18 40 18 18 18 11 11 18 40 18 18 18 18 18 100
kcox5 18 11 11 18 40 18 11 11 18 40 18 20 20 18 40 18 100
kborotho 18 36 18 18 29 29 20 20 18 40 18 18 18 18 11 11 18 40 18 18 18 100
jbertram 18 18 11 11 20 20 21 21 29 29 18 40 18 18 18 11 11 18 36 18 18 12 12 18 39 18 18 21 21 100
hbyrne 18 18 18 18 18 18 11 11 18 40 18 18 18 18 11 11 18 40 18 11 11 1 1 28 28 18 37 18 100
ggulyas 18 40 18 18 18 18 15 15 18 40 18 11 11 18 40 18 22 22 28 36 28 100
ekeuler 18 11 11 18 40 18 18 18 18 18 18 100
egeyer1 18 40 18 11 11 18 40 18 11 11 18 40 18 22 22 1 1 5 38 5 12 12 28 28 20 20 18 38 18 100
dlong2 18 40 18 18 18 18 18 18 18 18 14 14 18 40 18 18 18 11 11 18 40 18 18 14 14 18 36 18 100
bpierpoi 18 18 11 11 18 39 18 100
apavelka 18 40 18 11 11 21 36 21 9 9 28 28 18 18 12 12 18 40 18 18 18 18 18 15 15 18 40 18 18 18 100
rbartle1 18 21 21 20 20 29 29 18 40 18 11 11 8 8 18 40 18 18 11 11 18 18 28 28 18 18 18 8 8 18 18 18 18 25 25 18 18 18 18 18 18 18 18 11 11 100
nyusko1 18 40 18 18 18 18 18 18 11 11 100
motten1 18 40 18 18 18 11 11 1 38 1 18 40 18 11 11 18 36 18 18 18 11 11 28 36 28 18 36 18 18 21 21 29 29 100
molsen3 18 18 11 11 18 40 18 18 18 18 100
mdambros 18 36 18 20 36 20 18 18 18 18 100
kmountf1 18 18 18 11 11 18 40 18 11 11 18 40 18 18 18 18 18 18 18 100
jeversol 18 18 18 18 18 18 18 14 14 15 36 15 13 13 18 40 18 100
etorrent 18 36 18 18 18 11 11 18 40 18 18 18 18 25 25 11 37 11 1 39 1 100
ereynol5 18 39 18 18 18 11 11 24 24 18 40 18 12 12 12 40 12 18 18 8 8 28 40 28 21 21 11 40 11 100
epark5 11 37 11 100
dpatel2 18 18 18 18 11 11 18 40 18 11 11 18 37 18 20 39 20 9 36 9 28 28 21 21 12 12 22 22 29 40 29 18 40 18 100
cmoreno5 18 100
bgawel 18 40 18 100
bconlon 18 29 29 20 20 18 40 18 18 18 18 18 18 18 18 18 18 18 100
apanousi 18 18 18 18 18 18 18 100
tngochi 18 40 18 18 18 11 11 18 40 18 11 11 18 36 18 18 100
tdasso 18 21 21 20 20 29 29 18 40 18 18 11 11 18 40 18 18 11 11 18 18 24 24 18 40 18 18 18 18 18 21 21 12 36 12 28 28 18 40 18 22 36 22 27 37 27 18 18 20 20 1 1 18 36 18 18 18 100
rwittmer 29 29 20 20 18 40 18 18 18 11 11 18 40 18 100
rvazza 18 40 18 18 100
nhong 18 11 11 0 0 18 18 18 18 11 11 18 40 18 12 12 8 8 18 40 18 18 18 100
mrohling 18 18 29 29 20 20 18 18 21 21 18 40 18 18 18 18 18 11 11 20 36 20 100
dsmith53 18 18 11 11 21 21 20 20 29 29 14 14 18 38 18 18 18 18 11 11 18 40 18 18 18 100
cdowicz 18 29 29 18 39 18 18 18 21 21 29 29 20 20 18 40 18 18 18 18 100
bnakfoor 18 11 11 18 40 18 8 8 25 25 12 12 29 40 29 18 40 18 11 11 100
akhemani 18 12 40 12 20 20 29 29 21 21 18 40 18 18 11 11 18 40 18 1 1 18 39 18 1 1 12 12 11 36 11 18 39 18 18 18 18 18 28 28 18 40 18 100
ahughes8 18 18 20 20 29 29 18 18 18 18 11 11 18 40 18 1 1 18 18 12 12 18 40 18 8 8 18 37 18 11 11 18 36 18 18 18 18 18 18 18 21 21 25 25 100
tperey 18 40 18 18 18 18 11 11 18 40 18 11 11 18 40 18 18 18 18 18 18 11 11 100
mmccor15 18 40 18 11 11 20 20 18 40 18 18 100
mgray10 18 40 18 18 11 11 18 36 18 12 12 18 38 18 9 9 18 40 18 20 39 20 14 37 14 5 5 25 25 18 40 18 18 100
mfraizer 18 21 21 20 20 29 29 18 18 18 18 1 1 18 40 18 18 11 11 18 40 18 18 12 12 18 40 18 18 18 18 21 21 18 40 18 12 12 18 18 11 11 100
lherna11 18 40 18 18 18 18 18 18 18 18 20 20 28 37 28 18 38 18 28 28 18 39 18 18 21 21 8 36 8 12 12 25 37 25 100
jmolumph 18 40 18 18 18 11 36 11 18 40 18 18 22 38 22 18 40 18 28 39 28 100
hzweberl 18 40 18 18 11 11 18 40 18 18 11 11 18 40 18 29 29 25 25 18 18 9 9 18 18 18 12 12 20 36 20 11 37 11 100
dserafin 18 40 18 24 24 18 40 18 11 11 18 40 18 18 18 18 11 11 20 36 20 12 12 18 36 18 27 27 100
bpowell4 18 40 18 18 18 18 18 18 18 18 11 11 100
mdownin1 18 40 18 11 11 18 40 18 11 11 18 38 18 21 21 18 40 18 11 11 25 37 25 21 21 100
lduggan 18 40 18 11 11 18 40 18 18 18 18 11 11 12 36 12 22 22 9 9 21 39 21 25 36 25 100
kmclaug3 18 20 20 18 18 29 29 21 36 21 18 40 18 18 100
kbulleit 18 40 18 18 18 18 18 18 18 11 11 21 36 21 25 25 18 18 18 100
jplas 18 0 0 18 40 18 18 18 11 11 18 40 18 18 18 18 11 11 100
jbrown36 18 29 29 21 36 21 18 40 18 18 18 11 11 18 40 18 11 11 18 39 18 11 11 18 40 18 11 11 1 38 1 22 22 18 40 18 11 11 0 39 0 100
dkim30 18 40 18 18 18 18 11 11 18 40 18 18 18 18 18 11 11 18 36 18 18 27 36 27 28 37 28 100
cpantin 18 11 11 18 18 21 21 20 20 29 29 28 28 18 40 18 18 11 11 18 40 18 18 11 11 18 37 18 18 18 18 11 11 18 18 100
cmyers11 18 18 18 19 19 26 26 33 33 18 40 18 18 100
amora2 18 18 14 14 18 18 2 2 30 40 30 18 40 18 18 11 11 18 40 18 100
adrisco2 18 18 18 11 11 18 40 18 18 18 18 18 18 11 11 18 40 18 18 11 11 18 40 18 100
xtsai 20 20 21 21 29 36 29 18 40 18 18 18 11 11 18 40 18 18 18 11 11 18 40 18 18 100
nisakson 18 40 18 1 1 22 22 28 38 28 5 5 100
kmurph44 18 18 18 18 18 18 14 14 13 40 13 15 15 18 18 100
ibushue 18 40 18 11 11 18 40 18 11 11 18 38 18 18 18 18 100
hadams3 18 0 0 11 11 18 40 18 22 22 28 28 21 21 18 40 18 18 18 29 29 1 1 22 22 100
enichol4 18 100
egroth 18 40 18 18 18 18 18 18 11 11 18 40 18 11 11 1 1 12 12 22 22 8 8 18 36 18 28 28 21 21 18 36 18 18 18 100
aheinzma 18 14 14 18 18 21 36 21 20 20 29 29 18 40 18 11 11 18 40 18 1 37 1 18 40 18 18 100
adecker1 18 21 21 20 36 20 29 29 14 14 18 40 18 18 18 18 11 11 18 40 18 18 18 22 22 1 1 18 18 12 12 18 40 18 100
aameen 18 18 18 18 18 18 18 18 18 11 11 18 18 18 14 36 14 18 40 18 18 21 21 9 9 29 29 13 40 13 8 36 8 100
zwall 18 36 18 18 18 18 8 8 18 40 18 18 18 18 100
smonaha1 18 100
sdeschne 18 40 18 11 11 12 37 12 22 22 9 39 9 18 40 18 11 11 18 18 5 5 25 25 1 1 18 40 18 18 28 28 21 21 18 40 18 18 100
mowen 18 40 18 18 11 11 18 18 1 37 1 22 36 22 18 39 18 28 36 28 18 40 18 100
lwatts1 18 40 18 11 11 18 38 18 1 1 18 40 18 11 11 1 1 12 36 12 20 37 20 18 40 18 18 11 11 18 18 18 11 11 100
krochefo 18 21 21 20 20 29 29 18 40 18 18 18 18 18 18 18 18 11 11 18 38 18 8 8 18 37 18 28 28 20 20 12 12 5 5 18 18 100
gniforat 18 18 18 18 21 21 18 40 18 100
evandier 21 21 20 36 20 29 29 11 11 18 40 18 18 11 11 12 36 12 5 5 18 40 18 18 11 11 18 40 18 18 11 11 18 36 18 12 12 5 5 25 25 18 40 18 18 11 11 100
eclapp 18 40 18 100
awaldsch 18 18 100
adevito1 18 18 18 18 18 18 18 18 18 11 11 18 40 18 18 18 18 18 100
tsilva1 18 40 18 18 18 18 18 18 11 11 22 37 22 12 12 18 36 18 29 36 29 8 37 8 20 40 20 25 38 25 21 21 28 28 9 9 100
oivan 18 40 18 18 18 11 11 18 40 18 11 11 18 40 18 18 18 18 18 18 18 18 100
mmarti45 18 18 14 14 18 40 18 11 11 18 40 18 18 18 11 11 18 40 18 18 18 18 11 11 18 18 18 11 11 100
mjorden 18 40 18 18 11 11 18 40 18 18 11 11 100
ldorenko 18 11 11 18 40 18 18 1 1 18 40 18 18 11 11 13 40 13 12 12 18 38 18 100
ktracey 18 40 18 11 11 18 40 18 18 18 11 11 18 40 18 25 25 29 29 18 18 21 21 18 40 18 18 18 11 11 100
krothmey 18 40 18 18 18 18 18 11 11 18 40 18 18 18 18 18 18 18 11 11 18 40 18 11 11 18 37 18 8 8 12 12 21 21 9 9 25 25 18 40 18 11 11 22 22 18 40 18 11 11 11 36 11 22 22 14 37 14 18 39 18 8 8 12 12 29 29 25 25 100
kbiladea 18 18 13 13 18 40 18 18 11 11 100
jweas 18 40 18 18 18 18 18 11 11 18 40 18 14 14 18 40 18 100
jgoldsch 18 40 18 18 18 18 11 11 18 40 18 18 18 100
jdraves 18 40 18 18 12 37 12 18 40 18 11 37 11 18 38 18 100
gotte1 29 39 29 20 20 21 21 18 40 18 18 18 11 11 18 40 18 22 22 18 40 18 18 11 11 1 1 28 38 28 22 39 22 18 40 18 100
etruesda 18 40 18 18 28 28 9 9 18 40 18 11 11 100
emeara 18 40 18 18 11 11 8 8 25 25 28 28 18 40 18 11 11 21 21 15 36 15 18 36 18 100
cnilsen 18 40 18 18 11 11 18 39 18 18 18 18 18 18 12 12 5 5 100
bmurph24 18 40 18 18 11 11 18 40 18 18 18 18 11 11 18 18 1 1 22 22 100
azammit 18 18 18 18 11 11 100
arabbitt 18 36 18 29 29 18 40 18 18 18 11 11 18 40 18 1 37 1 22 22 8 8 12 12 18 39 18 18 18 18 18 18 18 12 12 18 39 18 18 18 21 36 21 18 18 100
wcheong 18 36 18 18 18 18 11 11 18 40 18 18 18 18 28 28 0 0 18 18 18 21 21 14 14 18 37 18 8 8 100
kmoran11 18 13 13 15 15 18 40 18 14 14 100
kgalla21 18 40 18 18 18 11 11 14 36 14 15 15 13 13 18 40 18 11 11 18 40 18 18 18 18 100
kgalla20 18 36 18 18 29 29 20 20 18 40 18 18 11 11 18 40 18 11 11 18 37 18 18 18 11 11 100
kfranz1 18 40 18 18 18 18 13 13 18 40 18 15 15 11 39 11 18 40 18 18 18 12 12 18 36 18 28 28 18 40 18 28 28 18 39 18 11 11 18 37 18 100
jsutton3 18 21 21 18 36 18 20 20 29 29 18 40 18 18 11 11 18 40 18 18 18 11 11 18 40 18 18 18 18 18 100
jhegart2 18 18 21 36 21 29 36 29 20 20 18 40 18 11 11 18 18 18 18 18 18 18 100
japplew1 18 18 18 21 21 18 38 18 18 18 18 18 18 100
imurrer 18 40 18 11 11 18 39 18 12 12 20 37 20 18 40 18 18 18 18 18 100
fschemel 18 40 18 18 18 18 18 11 11 22 39 22 100
fprimozi 18 18 18 100
elinares 18 18 18 20 20 18 18 18 18 11 11 18 40 18 18 18 18 18 28 28 18 18 18 100
cmulshin 18 40 18 18 18 18 11 11 18 40 18 18 11 11 18 40 18 18 18 100
cmagnuss 18 40 18 18 18 18 11 11 18 18 1 37 1 18 40 18 18 18 20 36 20 29 29 1 40 1 27 27 18 40 18 18 100
abohling 18 18 11 11 18 40 18 18 18 18 14 14 13 13 15 15 18 40 18 18 18 18 100
mscanish 18 21 21 29 36 29 20 20 18 40 18 18 11 11 18 40 18 12 12 1 1 20 20 18 40 18 18 18 11 11 18 40 18 100
mkirven 18 21 21 18 40 18 18 100
lkim3 18 40 18 18 18 18 18 11 11 9 39 9 21 21 100
lgrabows 18 40 18 18 18 18 18 18 11 11 29 37 29 12 12 18 40 18 18 27 27 18 40 18 100
lcaffar1 18 40 18 18 18 18 18 11 11 100
kliang2 18 11 11 21 21 20 20 29 29 18 40 18 18 11 11 18 40 18 18 18 18 18 100
jnowak4 18 22 22 28 40 28 18 18 21 21 29 29 100
hcheng1 18 40 18 18 11 11 18 40 18 18 18 11 11 8 37 8 22 22 18 18 18 18 1 36 1 27 27 18 40 18 21 21 29 29 5 40 5 28 40 28 100
bmerrick 18 40 18 18 11 11 18 18 18 18 11 11 18 39 18 18 18 18 100
bgagnon 18 18 18 11 11 12 36 12 18 18 18 1 1 18 40 18 18 18 18 18 18 18 18 100
tmansell 18 21 21 20 20 29 29 18 40 18 11 11 18 40 18 18 1 1 18 40 18 21 21 100
rrocco 18 100
rpuno 18 40 18 100
lyan4 18 18 18 18 18 11 11 18 40 18 11 11 18 36 18 9 39 9 28 28 29 29 18 38 18 18 18 100
kpresteg 18 36 18 29 29 18 18 20 20 18 36 18 18 11 11 18 18 18 18 18 18 11 11 1 39 1 18 40 18 100
jbaines 18 20 20 18 40 18 18 21 21 29 37 29 18 40 18 18 18 14 14 11 11 18 40 18 18 11 11 18 18 100
blemay 18 36 18 18 11 11 5 36 5 22 22 27 27 1 1 8 8 25 25 18 18 18 100
aromano2 18 18 18 18 100
alongsta 18 40 18 18 18 18 18 18 11 11 18 40 18 22 22 8 8 1 1 18 38 18 18 25 25 28 28 21 21 20 20 20 39 20 18 37 18 8 38 8 18 40 18 11 11 100
szachari 18 40 18 11 11 18 40 18 11 11 21 21 18 40 18 18 21 38 21 8 8 18 18 18 20 36 20 12 38 12 18 18 28 28 18 36 18 18 11 11 100
spalumb1 18 40 18 11 11 18 40 18 21 38 21 18 40 18 13 13 15 15 14 14 14 40 14 100
pcamara 18 18 18 18 11 11 18 18 0 0 18 37 18 18 18 18 18 18 18 18 18 100
operez2 18 18 18 18 18 11 11 20 38 20 18 40 18 18 100
nvincent 18 40 18 11 11 18 40 18 18 18 18 11 11 18 40 18 20 20 18 39 18 18 18 11 11 18 18 100
lgelin 18 100
ldomenel 18 21 21 20 20 29 29 18 40 18 11 11 18 40 18 11 11 1 36 1 22 22 18 36 18 5 5 18 18 18 18 12 12 18 18 18 28 28 100
lcho 18 40 18 11 11 18 36 18 100
jpaul2 18 20 20 21 21 18 40 18 18 20 20 21 21 18 40 18 18 20 20 18 40 18 18 11 11 18 40 18 100
ischmitz 18 18 20 20 18 40 18 18 11 11 28 28 18 18 12 12 18 36 18 18 18 18 18 18 18 18 20 20 18 40 18 100
egorman5 18 11 11 18 40 18 18 18 11 11 18 40 18 11 11 18 18 29 29 1 1 14 14 18 40 18 100
eeagle 18 40 18 18 18 18 18 18 18 18 18 21 21 20 20 29 29 18 40 18 18 18 18 11 11 28 28 29 29 18 40 18 18 18 18 21 21 100
dallen13 18 100
cdenzel 18 40 18 18 18 18 11 11 18 40 18 11 11 18 40 18 9 9 18 40 18 100
asowell 18 40 18 18 18 11 11 18 40 18 11 11 15 39 15 18 39 18 28 28 18 39 18 11 11 100
yzou2 18 18 12 12 28 36 28 9 9 18 40 18 18 18 18 18 18 18 18 11 11 18 40 18 18 11 11 18 40 18 18 18 100
speter14 18 40 18 18 18 11 11 14 14 13 13 18 40 18 11 11 18 40 18 18 18 11 11 8 36 8 18 40 18 18 18 18 100
pmcmonag 18 40 18 18 11 11 18 40 18 18 18 11 11 18 40 18 18 18 12 12 100
kpaulsen 18 40 18 11 11 12 37 12 28 36 28 18 18 28 28 18 18 18 25 25 18 39 18 11 11 20 40 20 18 40 18 18 100
kjacoby1 18 40 18 11 11 18 40 18 18 18 22 22 1 1 18 40 18 18 100
jruane 18 18 18 18 18 11 11 18 18 18 21 21 28 28 18 40 18 18 18 18 100
jdodig 18 29 29 20 20 18 40 18 18 21 36 21 20 20 29 29 18 40 18 18 11 11 18 40 18 18 18 11 11 18 36 18 18 18 11 11 18 40 18 18 5 5 12 12 20 20 18 40 18 18 100
gcramer1 18 21 21 20 20 29 29 18 40 18 18 18 18 18 11 11 18 40 18 18 18 18 18 18 28 28 18 40 18 18 11 11 18 40 18 18 100
everhey 18 40 18 11 11 18 38 18 100
esoller 18 40 18 11 11 18 18 1 1 22 22 18 40 18 18 100
egorman6 21 21 20 36 20 29 29 18 40 18 11 11 18 40 18 18 18 18 8 36 8 12 12 25 25 21 39 21 18 40 18 100
ckotseos 18 18 14 14 18 18 18 18 18 11 11 12 12 21 21 28 36 28 100
cganley 18 39 18 18 18 11 11 18 39 18 18 18 18 18 100
bfraser 18 39 18 18 18 18 18 18 18 18 11 11 100
asweet 18 14 14 20 20 29 29 21 21 18 18 18 11 11 18 40 18 18 18 11 11 18 40 18 1 36 1 18 40 18 8 8 18 18 18 18 18 1 1 27 27 100
apaik 18 40 18 18 18 18 18 11 11 18 18 18 18 20 40 20 18 40 18 100
thuber1 18 21 21 14 14 29 29 20 20 18 40 18 18 11 11 18 40 18 11 11 18 18 18 18 18 14 14 18 38 18 9 9 25 25 18 36 18 18 18 9 9 25 25 100
sincera 18 40 18 18 18 21 21 29 36 29 20 20 18 40 18 18 18 11 11 18 40 18 18 18 5 36 5 100
phennes2 18 20 20 18 40 18 21 21 18 40 18 18 18 11 11 18 40 18 18 18 18 1 1 22 22 100
msahd 18 40 18 1 1 18 40 18 18 11 11 18 40 18 18 11 11 22 22 1 1 27 40 27 8 8 28 38 28 18 40 18 100
mcabrer1 18 40 18 18 11 11 18 40 18 11 11 18 38 18 18 18 18 28 28 22 22 8 8 21 37 21 25 25 27 27 18 37 18 18 18 100
kkolleck 18 40 18 18 18 18 11 11 18 39 18 11 11 18 18 18 1 1 18 37 18 18 18 20 36 20 18 40 18 100
jreeg 18 18 21 21 29 29 20 20 18 18 18 18 18 18 11 11 18 40 18 22 36 22 1 1 12 36 12 18 37 18 18 18 18 18 18 11 11 18 18 18 11 11 18 40 18 11 11 18 37 18 100
jgonnard 18 21 21 18 37 18 29 29 18 18 20 20 18 18 18 18 11 11 18 40 18 18 18 18 11 11 18 38 18 25 37 25 18 40 18 100
hsarkey 18 18 20 20 29 29 21 21 18 40 18 11 11 18 40 18 11 11 18 40 18 11 11 18 40 18 1 1 20 20 21 21 29 29 18 18 14 14 18 39 18 18 18 100
hholden 18 20 20 29 29 18 18 18 21 21 18 36 18 18 18 18 11 11 18 40 18 18 100
epil 18 40 18 18 2 2 18 18 11 11 18 40 18 18 18 18 18 100
awitte 18 40 18 18 11 11 18 36 18 1 1 22 22 18 18 18 18 11 11 18 40 18 100
trogers6 18 40 18 18 18 18 18 11 11 14 14 18 40 18 18 11 11 14 36 14 18 40 18 18 28 28 18 40 18 18 100
tfross 18 40 18 11 11 14 14 18 40 18 11 11 18 39 18 1 1 8 36 8 27 27 18 40 18 100
taguirre 18 18 18 18 11 11 100
sbindel 18 29 29 20 20 21 21 18 40 18 11 11 18 40 18 18 18 18 1 1 18 40 18 18 11 11 15 15 21 36 21 24 37 24 14 14 100
rmaqbool 18 21 21 20 20 29 29 18 40 18 11 11 18 18 18 18 18 18 20 36 20 18 40 18 28 28 18 40 18 18 11 11 0 0 18 18 18 18 18 11 11 18 40 18 100
kcockrel 18 40 18 18 11 11 18 40 18 11 11 100
jmarino6 18 18 18 11 11 22 39 22 1 39 1 18 36 18 18 28 38 28 18 40 18 18 100
eguenthe 18 100
ecaradon 18 21 21 18 18 20 20 29 29 18 40 18 18 11 11 18 40 18 18 18 22 22 11 38 11 100
creid4 18 18 11 11 18 40 18 11 11 18 40 18 11 11 12 36 12 18 40 18 100
carizama 18 38 18 11 11 18 40 18 18 18 18 11 11 18 40 18 18 18 18 18 100
anataraj 18 40 18 11 11 22 37 22 18 40 18 18 18 18 28 40 28 18 40 18 100
svukovit 18 18 18 18 18 18 18 11 11 18 38 18 18 18 11 11 18 40 18 18 18 18 18 12 12 18 40 18 18 18 100
msteph11 18 40 18 18 18 18 11 11 1 1 12 12 18 37 18 22 22 18 38 18 5 39 5 20 20 18 39 18 11 11 100
mraster 18 40 18 11 11 18 18 18 21 21 18 40 18 100
lbognar1 18 40 18 21 37 21 9 9 28 28 25 25 14 14 29 29 18 37 18 100
lbakke 18 40 18 18 11 11 8 36 8 20 20 12 12 18 40 18 18 11 11 18 40 18 28 28 5 5 33 33 18 39 18 12 12 18 18 11 11 100
jzacher 18 39 18 18 18 11 37 11 18 36 18 24 24 29 37 29 18 39 18 100
jheath3 18 40 18 18 11 11 18 40 18 8 39 8 12 36 12 18 36 18 21 21 18 40 18 18 100
hduan 18 29 29 18 36 18 20 20 18 36 18 21 21 18 40 18 18 11 11 18 18 11 11 22 37 22 18 40 18 100
gvargas 18 40 18 11 11 18 40 18 18 18 12 12 18 40 18 18 18 11 11 100
erogan 18 40 18 11 11 22 37 22 12 12 14 38 14 18 40 18 18 24 24 18 36 18 18 18 18 18 12 39 12 21 21 20 36 20 14 14 18 36 18 100
epuntill 18 18 18 11 11 18 40 18 11 11 18 40 18 11 11 18 18 100
ebarthel 18 40 18 18 28 28 18 18 18 100
eallgaie 18 18 20 20 29 29 21 36 21 18 40 18 18 18 100
dlipa 18 40 18 18 11 11 12 12 5 5 18 36 18 18 18 18 100
csmith71 18 18 20 20 29 29 18 40 18 18 18 18 11 11 18 40 18 18 12 12 100
clucas4 18 40 18 18 11 11 0 36 0 18 40 18 21 21 18 40 18 11 11 100
clowney1 18 11 11 29 40 29 20 20 1 1 1 1 18 37 18 18 12 12 18 37 18 100
bsailer1 18 18 18 18 18 18 18 11 11 18 18 22 39 22 18 40 18 18 18 18 18 18 1 1 27 27 25 25 5 5 29 29 28 28 21 21 18 37 18 100
bburger 18 11 11 18 40 18 18 18 18 18 11 11 18 37 18 18 18 11 11 18 39 18 100
bbishop2 18 40 18 18 18 11 11 18 18 18 1 1 18 36 18 18 9 9 28 28 21 21 29 29 0 37 0 100
alifka 18 40 18 100
alee25 18 40 18 11 11 18 40 18 18 18 18 1 1 22 22 18 18 18 18 18 100
ttarkles 18 40 18 18 18 11 11 18 40 18 18 5 5 25 25 21 38 21 18 37 18 100
tkhong 18 18 18 1 1 11 11 18 18 18 18 100
sschmit1 18 40 18 18 18 11 11 18 18 18 18 8 8 18 18 18 18 22 22 18 18 18 18 20 20 18 36 18 28 28 18 18 18 21 21 18 40 18 28 28 18 18 12 12 18 40 18 1 1 18 40 18 1 1 18 40 18 11 11 100
rsulli13 18 20 20 29 29 21 39 21 18 40 18 18 11 11 18 38 18 22 22 12 12 29 37 29 20 20 18 40 18 21 21 100
plally 18 40 18 11 11 18 40 18 18 18 100
mwhelan3 18 18 21 21 29 36 29 18 40 18 18 18 14 14 0 0 18 40 18 18 11 11 20 39 20 18 40 18 18 11 11 100
mmccabe6 20 20 29 29 18 40 18 18 11 11 100
mkeller6 20 20 29 29 21 36 21 11 37 11 18 40 18 18 18 18 11 11 100
mhare1 18 40 18 18 11 11 18 40 18 11 11 18 40 18 11 11 18 40 18 100
mdadamio 18 40 18 11 11 18 40 18 18 18 18 18 11 11 22 22 1 1 21 39 21 100
khinish 18 11 11 18 40 18 18 18 18 18 18 100
hschwart 18 18 11 11 18 40 18 11 11 12 12 5 5 18 40 18 18 18 11 11 100
hparkhil 18 18 18 11 11 18 40 18 18 20 20 18 40 18 28 36 28 18 38 18 100
emcdowel 21 21 20 20 29 29 18 40 18 18 18 18 11 11 18 18 18 18 20 20 29 29 18 18 12 12 18 37 18 100
dnaquin 18 40 18 18 18 11 11 12 39 12 18 40 18 29 29 18 40 18 18 11 11 12 38 12 100
abenedic 18 40 18 11 11 18 40 18 18 18 12 12 20 20 100
wdefaria 20 20 29 29 21 39 21 18 40 18 18 18 11 11 9 9 8 37 8 11 11 9 37 9 8 8 18 36 18 29 29 20 20 18 18 100
tcomer 18 40 18 18 18 18 18 11 11 18 39 18 21 21 22 22 100
tcarnes 18 40 18 18 18 11 11 18 40 18 18 18 11 11 28 36 28 13 40 13 15 15 14 14 12 39 12 100
rduffy3 18 40 18 18 11 11 21 39 21 8 39 8 100
narmbrus 18 40 18 18 18 18 11 11 18 40 18 18 18 14 14 100
mritten 18 11 11 12 40 12 1 36 1 27 37 27 18 39 18 18 28 28 100
mdonne10 18 12 12 18 40 18 100
kperez4 18 40 18 11 11 18 40 18 18 18 18 18 100
jsuttman 18 40 18 18 18 18 18 11 11 18 40 18 18 18 11 11 18 40 18 9 9 21 21 5 5 28 36 28 12 37 12 18 37 18 100
jgriff12 18 40 18 18 18 18 18 18 11 11 1 1 22 22 18 40 18 12 36 12 5 39 5 20 40 20 18 18 18 18 100
jables 18 40 18 11 11 18 40 18 18 18 8 37 8 21 21 25 25 18 40 18 18 18 18 18 9 36 9 21 21 100
eforbes1 11 11 14 14 1 38 1 12 39 12 21 21 100
ccorse 18 29 29 20 20 18 36 18 21 21 18 40 18 11 11 18 40 18 18 100
asmith56 18 100
acook8 18 18 18 18 18 11 11 18 40 18 100
abojczuk 29 29 20 20 21 21 18 36 18 18 18 18 18 18 11 11 22 22 1 1 12 12 18 40 18 11 11 18 40 18 18 100
zliang3 18 36 18 18 18 18 20 20 11 11 18 18 18 18 11 11 18 40 18 28 28 18 40 18 11 11 18 40 18 18 18 18 18 100
ychen30 18 20 20 29 29 21 37 21 18 40 18 18 18 18 11 11 18 40 18 100
tkacius 18 40 18 11 11 18 40 18 18 18 11 11 12 36 12 28 28 100
szabala 18 40 18 11 11 9 40 9 5 36 5 25 25 18 18 18 18 18 100
swallac3 18 40 18 11 11 18 36 18 22 22 18 18 18 18 100
sbattali 18 40 18 18 18 18 28 28 18 18 12 12 15 36 15 18 40 18 18 9 9 20 20 5 5 27 27 100
ojacobse 18 21 21 18 18 20 20 18 39 18 18 29 29 18 38 18 18 18 18 18 18 11 11 18 40 18 18 18 21 21 100
npatidar 18 36 18 18 18 20 20 29 29 18 40 18 18 18 18 11 11 22 22 1 39 1 18 39 18 29 39 29 21 21 18 39 18 18 28 28 18 18 100
ngiannot 18 40 18 18 18 18 12 12 20 20 14 14 100
mstebbi1 20 36 20 29 29 18 18 21 21 18 40 18 18 18 18 11 11 18 40 18 18 28 28 21 21 29 29 18 40 18 18 18 18 18 18 18 18 100
mkelley9 18 18 18 18 11 11 18 40 18 1 1 18 40 18 11 11 1 40 1 22 22 8 8 18 18 12 12 18 18 100
kwhite14 18 18 21 21 20 36 20 29 29 18 40 18 18 18 18 18 11 11 18 40 18 11 11 18 40 18 18 1 1 9 38 9 29 29 18 40 18 11 11 18 36 18 28 28 100
kmchugh6 18 40 18 18 11 11 24 24 18 40 18 18 18 22 22 1 1 18 40 18 11 11 18 40 18 18 11 11 100
kconese 18 40 18 18 18 11 11 18 40 18 18 100
jstacho1 18 28 28 12 12 9 9 18 40 18 21 21 20 20 29 29 18 40 18 18 11 11 13 40 13 15 15 14 14 18 36 18 18 18 28 28 21 21 27 27 27 27 1 1 18 40 18 8 8 18 40 18 100
jslaugh2 18 40 18 18 18 18 11 11 18 40 18 11 11 100
gwilson6 18 15 15 13 13 18 40 18 18 11 11 18 18 100
gpernico 18 21 21 20 20 29 29 18 40 18 18 21 36 21 18 40 18 11 11 18 40 18 12 12 100
drea 18 40 18 18 18 18 100
dkelly13 18 18 18 18 11 11 18 36 18 18 100
cschust4 18 11 11 18 36 18 8 8 18 40 18 18 18 100
cprince 18 40 18 18 11 11 18 40 18 18 18 18 18 29 29 100
bdzubara 18 20 20 29 29 21 21 18 40 18 11 11 18 18 18 18 18 11 11 100
akurz 18 37 18 100
acrowle1 18 40 18 1 1 18 40 18 18 14 14 2 2 6 6 30 30 18 18 18 18 100
zzovko 18 100
ztulausk 18 11 11 18 40 18 12 12 1 1 18 39 18 18 18 18 11 11 12 12 1 1 18 18 100
tfolwell 18 40 18 11 11 18 39 18 11 11 18 37 18 11 39 11 21 21 18 39 18 100
sharri11 18 40 18 11 11 18 18 18 11 11 18 40 18 20 20 18 18 18 18 18 18 100
mphelan5 18 40 18 11 11 20 20 18 38 18 18 25 25 18 40 18 11 37 11 100
mkocher2 29 36 29 18 40 18 18 18 18 11 11 5 39 5 18 40 18 18 28 28 18 39 18 21 21 18 40 18 100
ksteenvo 18 40 18 18 11 11 18 18 18 20 20 18 40 18 18 18 100
kmehta2 20 20 29 29 21 21 18 40 18 18 18 18 100
kaiello1 18 40 18 18 18 11 11 18 40 18 11 11 1 37 1 22 22 18 40 18 100
jrhiling 18 36 18 18 18 18 18 8 39 8 1 36 1 18 36 18 29 40 29 18 40 18 8 8 1 1 29 29 100
jmcclin1 18 18 100
eolsen2 18 40 18 18 11 11 18 18 18 18 18 22 22 1 1 18 40 18 18 18 18 11 11 100
egrammer 18 18 18 11 11 18 40 18 18 11 11 18 39 18 18 24 24 18 37 18 18 18 22 22 100
dngo2 18 40 18 18 18 18 12 38 12 100
czhou4 18 40 18 18 18 11 11 18 40 18 18 0 0 14 14 100
csedore 18 18 11 11 18 40 18 11 11 18 40 18 12 12 18 40 18 100
awood8 18 40 18 11 11 18 40 18 1 1 12 36 12 18 40 18 18 18 11 11 18 18 21 21 18 18 1 1 18 18 12 12 18 36 18 18 18 11 11 100
astaresi 18 40 18 18 18 9 40 9 28 28 18 18 21 21 29 29 11 40 11 100
areymer 18 18 11 11 18 40 18 18 100
ahays1 18 18 20 20 18 40 18 11 11 22 22 1 1 18 39 18 18 18 18 8 8 22 22 18 40 18 100
abatkoff 18 21 21 20 36 20 29 36 29 18 40 18 18 18 11 11 18 40 18 21 21 18 38 18 18 18 18 100
xzhang24 18 100
skoo1 18 36 18 18 18 18 18 18 18 11 11 8 36 8 18 40 18 18 28 28 18 18 20 20 18 37 18 18 100
rsong 18 40 18 11 11 18 36 18 18 18 18 18 11 11 18 39 18 18 18 18 11 11 18 18 21 21 18 18 100
rbanuelo 18 11 11 18 40 18 18 18 11 11 29 37 29 18 37 18 18 18 29 29 27 27 21 21 12 12 5 5 100
psansone 18 18 21 21 18 36 18 20 20 18 18 18 29 29 18 18 18 18 18 18 11 39 11 18 38 18 20 36 20 1 1 12 12 22 36 22 8 8 5 36 5 100
npassina 18 40 18 18 11 11 18 40 18 22 36 22 12 12 18 36 18 18 18 11 11 18 40 18 100
mlarson3 18 40 18 11 11 18 40 18 11 11 22 22 18 40 18 11 11 100
mhagan2 18 37 18 18 18 18 18 18 18 18 18 18 11 11 100
mcrawf10 18 18 11 11 18 40 18 18 18 18 28 39 28 1 40 1 12 12 100
jbelluc2 18 40 18 18 18 11 11 18 40 18 18 1 1 12 12 18 38 18 18 18 21 38 21 100
jander21 18 40 18 18 11 11 18 40 18 8 39 8 29 39 29 100
ioteroto 18 40 18 18 18 18 18 11 11 22 22 1 1 12 12 20 20 9 39 9 29 29 100
ejones15 18 40 18 18 100
ecummin2 18 18 18 18 18 14 14 11 11 18 40 18 18 14 36 14 18 40 18 100
dventer 18 36 18 8 8 18 36 18 100
ccastil4 18 37 18 20 20 18 40 18 18 18 18 18 11 11 18 40 18 100
cbarahon 21 21 20 36 20 29 29 18 40 18 18 18 18 11 11 18 18 24 24 18 40 18 18 18 11 11 22 40 22 18 38 18 1 1 100
zeggers 18 40 18 21 21 18 40 18 18 11 11 18 40 18 18 100
skeller5 18 18 18 11 11 18 18 18 100
nholmes2 18 40 18 18 18 5 5 11 11 18 40 18 14 14 12 12 18 40 18 100
mtagovai 18 28 28 14 14 18 18 11 11 18 18 12 12 21 21 18 18 18 20 20 29 29 18 40 18 100
mryan32 18 21 21 29 29 20 20 100
mmatusk1 21 21 29 29 20 20 18 40 18 11 11 18 18 12 12 21 21 28 28 9 9 18 40 18 18 11 11 18 40 18 18 11 37 11 18 40 18 100
mflanag8 18 18 18 18 29 29 21 21 20 20 18 18 18 18 18 18 18 100
mdoyle19 18 36 18 21 21 18 38 18 18 18 18 18 11 11 18 37 18 11 11 12 12 13 36 13 22 22 18 36 18 18 18 5 5 18 39 18 100
lfalquez 18 18 18 13 13 11 11 18 40 18 11 11 22 37 22 1 1 29 38 29 18 40 18 100
jmarvin2 18 40 18 18 11 11 18 40 18 18 11 11 18 40 18 1 39 1 22 22 29 29 100
hchoudhu 18 21 21 20 20 29 29 18 40 18 18 11 11 18 37 18 12 37 12 1 1 18 18 18 11 11 18 40 18 20 20 14 14 18 40 18 18 29 36 29 21 21 25 25 28 28 18 40 18 12 12 18 40 18 100
edell 18 18 18 11 11 18 40 18 11 11 1 1 25 40 25 18 18 18 18 18 11 11 20 20 100
delwell 18 18 21 21 20 20 29 29 18 40 18 18 18 18 18 12 12 100
cpawelek 18 21 21 18 40 18 11 11 22 39 22 18 40 18 12 12 18 40 18 20 20 100
cgotuaco 18 40 18 18 18 18 11 11 18 40 18 11 11 18 40 18 18 18 18 11 37 11 18 40 18 100
ccasper 18 18 18 18 18 11 11 18 18 18 18 20 20 1 36 1 18 40 18 100
bbrown14 18 37 18 18 11 11 13 13 15 15 18 40 18 11 11 8 8 22 22 1 1 12 39 12 25 38 25 5 5 28 28 9 9 21 21 20 20 29 29 18 40 18 18 18 18 21 21 18 37 18 11 11 100
ychen31 18 21 21 20 20 29 29 18 40 18 18 18 18 100
vkareh 18 18 18 18 18 100
rwilso18 18 40 18 29 29 8 8 12 12 20 20 21 21 11 39 11 100
rmelotik 18 13 13 15 15 18 18 18 1 1 22 22 12 12 28 39 28 18 18 18 18 21 21 100
pkollma1 18 40 18 18 11 11 18 40 18 18 18 18 18 18 18 18 100
phaley1 18 40 18 11 11 18 40 18 22 22 18 18 1 1 8 8 12 12 18 18 28 28 20 20 18 37 18 20 37 20 11 37 11 100
oeaddy 18 100
mzakowsk 18 100
mmoufawa 18 36 18 21 21 18 40 18 18 18 18 18 18 11 11 18 38 18 18 18 11 11 18 36 18 28 28 25 25 21 21 18 40 18 100
mmaldona 18 40 18 18 11 11 18 40 18 18 1 36 1 22 22 12 12 100
mlake2 18 11 11 21 21 20 20 29 29 14 14 18 40 18 100
mhoffm12 18 28 28 12 12 9 9 18 40 18 18 18 18 18 18 18 18 11 11 18 40 18 21 21 20 20 29 29 18 40 18 18 18 11 11 18 39 18 18 1 1 18 40 18 18 100
mcurlis2 18 40 18 18 11 11 18 40 18 18 8 36 8 18 40 18 18 21 21 18 40 18 18 18 18 100
kwardlow 18 18 21 21 20 36 20 29 29 18 40 18 18 11 11 18 40 18 11 11 18 40 18 18 18 100
kround 18 18 18 21 21 18 18 29 29 20 20 18 40 18 100
kmoeinva 18 21 21 20 20 29 29 18 40 18 18 18 18 18 11 11 18 40 18 18 18 28 28 18 40 18 100
jsong3 18 40 18 11 11 18 18 22 22 14 14 1 39 1 18 39 18 12 12 5 5 18 40 18 18 18 11 11 100
jsimone 29 29 20 20 21 21 18 40 18 11 11 18 40 18 18 18 18 18 18 18 18 18 18 18 18 18 18 18 100
jnagle7 21 21 20 20 29 36 29 18 40 18 18 11 11 18 37 18 18 18 18 18 1 36 1 11 39 11 100
jmullen6 18 40 18 11 11 18 40 18 21 40 21 100
jhuber4 18 40 18 18 18 18 18 11 11 12 12 8 8 5 5 20 20 18 36 18 18 18 12 12 5 5 20 20 100
gvonuhle 18 40 18 11 11 18 40 18 11 11 18 40 18 18 8 8 1 1 18 40 18 18 14 14 25 38 25 12 40 12 28 39 28 100
esienko 18 40 18 11 11 18 40 18 11 11 22 22 25 25 20 20 18 39 18 9 9 21 21 18 37 18 100
ekiszla 18 40 18 11 11 1 1 18 36 18 14 14 18 18 18 12 12 18 40 18 11 11 18 39 18 18 18 28 28 100
ekenney1 18 18 11 11 18 40 18 18 18 11 11 18 40 18 11 11 12 38 12 18 40 18 100
edoyal 18 11 11 18 40 18 11 11 18 40 18 22 22 1 1 18 40 18 24 24 18 39 18 18 100
dmikovit 18 37 18 18 12 12 11 37 11 18 39 18 18 100
dkim28 18 40 18 100
clink4 18 40 18 18 18 11 11 18 40 18 18 25 36 25 5 5 12 12 21 21 100
bferris1 18 40 18 11 11 18 40 18 22 22 18 40 18 18 100
asiguler 18 40 18 18 18 11 39 11 100
syi3 18 20 20 21 21 29 29 18 18 18 18 18 11 11 18 18 18 18 12 12 18 40 18 18 18 18 28 28 11 11 100
swolfe1 21 21 18 40 18 11 11 18 40 18 12 37 12 18 40 18 22 40 22 1 1 18 40 18 18 18 18 100
shatfie1 18 40 18 18 11 11 18 36 18 18 28 39 28 100
rtaraboc 18 40 18 11 11 1 1 18 37 18 29 36 29 18 18 18 100
rmazzini 18 40 18 18 18 11 11 18 40 18 22 36 22 12 39 12 100
nllauro 18 40 18 11 11 18 40 18 18 11 11 1 1 22 36 22 18 40 18 100
mvander4 18 11 11 14 36 14 5 40 5 1 39 1 18 40 18 18 11 11 100
mtapp 18 40 18 11 11 18 40 18 24 24 18 40 18 18 18 11 11 18 40 18 18 100
mmirer 18 20 20 21 21 18 40 18 18 11 11 18 39 18 18 11 11 100
mesteve 18 11 11 18 40 18 18 12 37 12 21 21 18 39 18 11 11 25 25 100
mbutle14 18 11 11 20 20 21 21 29 29 18 37 18 18 12 12 18 39 18 18 18 18 18 18 18 18 18 18 100
mbutle13 18 36 18 18 11 11 18 40 18 11 11 18 40 18 18 18 100
lrodrig6 18 40 18 11 11 18 40 18 11 11 18 40 18 12 12 18 40 18 100
kkubik 18 40 18 18 11 11 22 40 22 18 38 18 8 8 21 36 21 18 39 18 100
kflanag4 18 11 11 1 40 1 12 12 18 40 18 20 20 29 36 29 18 40 18 11 11 29 29 100
jcorbin2 18 38 18 18 18 11 11 18 40 18 11 11 18 36 18 18 18 28 40 28 12 12 18 40 18 18 18 11 11 100
ihornung 18 18 18 11 11 18 40 18 18 18 18 18 18 20 20 11 11 18 40 18 18 100
gpetrosi 18 15 15 13 13 18 40 18 18 18 100
edownin1 18 11 11 18 40 18 18 20 20 100
coleary2 18 18 18 11 11 18 40 18 18 18 14 14 18 18 18 12 12 21 38 21 28 28 18 18 9 9 25 25 18 36 18 100
cmeyers3 18 40 18 18 18 14 14 11 11 100
cfitzgib 18 40 18 18 11 11 18 40 18 11 11 18 40 18 100
ccocco 18 29 29 20 20 21 21 18 40 18 11 11 22 37 22 18 40 18 1 1 12 12 18 40 18 18 18 18 29 37 29 18 37 18 18 18 18 18 100
apeter14 18 18 20 20 29 29 21 21 18 40 18 18 11 11 18 40 18 18 18 22 22 18 18 1 1 12 12 18 40 18 18 11 11 100
aander27 18 18 14 14 18 40 18 11 11 18 40 18 100
yfeng3 18 40 18 18 18 18 18 11 11 100
risrael1 18 40 18 11 11 18 38 18 22 22 1 1 12 12 18 18 18 18 18 18 18 11 11 100
piannell 18 40 18 18 11 11 1 1 22 22 18 39 18 100
nmattei1 18 40 18 11 11 18 40 18 22 22 14 14 18 18 11 11 2 2 18 40 18 100
mvondras 18 40 18 18 18 18 11 11 18 40 18 11 11 18 36 18 28 28 21 21 12 12 18 40 18 11 11 100
mretoske 18 40 18 11 11 18 37 18 18 18 100
mplante 18 39 18 18 11 11 18 40 18 12 12 28 28 21 21 27 27 18 40 18 11 11 18 40 18 100
mlegersk 18 40 18 18 11 11 18 40 18 11 11 18 18 18 18 11 11 18 37 18 100
mjohns57 18 40 18 18 18 18 18 18 18 11 11 18 40 18 100
mheli 18 18 18 11 11 18 18 18 18 18 18 100
mbianco 18 11 11 18 18 22 22 1 1 18 40 18 100
lstephe3 18 40 18 18 18 18 18 20 20 18 40 18 11 11 18 40 18 100
kmccahan 18 18 100
jriver11 18 40 18 21 21 29 29 14 14 18 40 18 21 21 20 20 29 29 18 40 18 18 20 20 29 39 29 18 18 18 11 11 18 18 11 11 18 40 18 18 18 100
jmrozek 18 18 18 13 13 15 15 8 40 8 21 36 21 18 38 18 18 100
jhirshor 18 18 24 24 100
jgarci22 18 40 18 18 11 11 18 40 18 18 18 18 100
gnguyen 18 40 18 11 11 1 36 1 5 5 28 28 18 40 18 11 11 18 40 18 18 11 11 18 18 18 18 18 18 100
eriojas 18 37 18 20 20 18 40 18 18 11 11 18 40 18 21 21 18 36 18 1 37 1 29 37 29 9 9 18 39 18 100
ebrown20 18 40 18 11 11 18 40 18 18 18 18 18 22 22 18 39 18 18 100
dadams13 18 18 15 15 13 13 18 40 18 18 11 11 18 18 18 100
cdito 18 40 18 18 11 11 18 18 22 22 1 1 27 27 28 28 12 12 18 40 18 100
apasin 18 40 18 18 11 11 18 40 18 11 11 18 38 18 18 11 11 18 40 18 11 11 18 18 100
alaboe 18 40 18 21 21 100
ablanch2 18 40 18 18 18 18 11 11 18 40 18 18 11 11 1 39 1 18 39 18 18 11 11 18 40 18 100
yhe9 18 40 18 100
wzhu2 18 14 14 20 20 29 29 18 40 18 21 21 18 40 18 18 18 18 11 11 22 36 22 18 39 18 18 18 18 11 11 18 18 100
wschemel 18 36 18 11 11 18 40 18 11 11 12 12 18 37 18 22 36 22 5 38 5 100
tkoewler 29 29 18 18 18 18 11 11 100
scannova 18 40 18 11 11 18 40 18 11 11 18 18 18 21 37 21 100
samezqui 18 11 11 21 21 20 36 20 29 29 18 40 18 33 33 18 40 18 20 20 18 40 18 11 11 18 36 18 18 18 18 100
rchan3 18 40 18 18 11 11 18 40 18 18 11 11 11 40 11 100
poconno6 18 40 18 18 18 18 18 18 18 18 18 11 11 28 37 28 9 9 18 18 21 21 25 36 25 18 40 18 100
ohatch 18 40 18 21 21 29 29 20 20 18 40 18 18 18 11 11 18 40 18 18 11 11 28 38 28 12 12 25 25 18 18 100
nho1 18 18 18 18 18 11 11 18 38 18 11 11 18 40 18 18 100
mwinche1 18 40 18 18 18 18 18 11 11 18 40 18 18 18 100
msteeves 18 36 18 11 11 18 40 18 18 11 11 18 39 18 18 18 18 11 11 100
mmccans 18 40 18 11 11 20 39 20 27 27 100
mhanley1 18 21 21 14 14 20 20 29 37 29 18 36 18 18 11 37 11 18 39 18 14 14 18 40 18 18 11 11 18 38 18 18 18 18 18 18 11 38 11 100
mguggenb 18 40 18 18 18 18 11 11 18 18 12 12 24 36 24 18 40 18 11 11 18 40 18 100
mfarleka 18 18 29 29 18 40 18 11 11 18 18 24 24 18 18 28 39 28 18 40 18 18 11 11 18 40 18 100
mcasasga 18 11 11 14 14 18 18 18 18 18 22 22 12 37 12 18 40 18 11 11 18 40 18 12 12 1 1 18 40 18 100
kthomp21 18 40 18 18 11 11 18 40 18 11 11 18 40 18 8 8 1 39 1 27 27 18 40 18 28 28 21 21 18 40 18 100
kmccabe4 18 18 18 100
khuffert 18 40 18 11 11 18 40 18 11 11 20 36 20 12 36 12 18 40 18 18 11 11 18 39 18 12 12 100
jxu9 18 40 18 18 11 11 18 38 18 12 12 25 36 25 21 39 21 29 29 20 36 20 9 36 9 18 40 18 100
jstellon 18 20 20 29 29 21 21 18 40 18 18 18 11 11 18 40 18 8 8 11 36 11 12 36 12 100
jboateng 13 13 18 18 15 15 100
iedgar 18 40 18 18 11 11 100
ekeefe2 18 21 21 29 29 20 20 18 40 18 18 18 11 11 18 40 18 100
eheidenr 18 100
dfeldman 18 40 18 11 11 18 40 18 18 18 18 100
cpalor 18 18 18 11 11 18 40 18 11 11 18 40 18 11 11 18 40 18 11 11 29 40 29 100
ccahill6 18 40 18 18 11 11 18 18 11 40 11 18 40 18 11 11 100
bgrier 18 40 18 12 12 5 5 18 40 18 18 11 11 18 40 18 11 11 18 40 18 18 11 11 18 39 18 11 11 18 36 18 11 11 18 40 18 11 11 18 39 18 11 11 18 18 18 18 100
bdrummo1 18 36 18 18 18 11 11 18 40 18 18 18 18 18 100
bcarmody 20 20 29 29 18 40 18 11 11 18 40 18 18 18 11 11 18 36 18 100
amurph14 20 20 29 29 21 40 21 18 40 18 18 11 11 22 39 22 28 37 28 1 1 18 40 18 21 21 100
amarti55 18 40 18 11 11 22 22 1 1 18 40 18 18 9 36 9 100
agerman 18 40 18 13 13 15 15 14 14 18 40 18 100
afemrite 18 40 18 11 11 18 40 18 18 18 100
tpagessa 18 11 37 11 18 40 18 11 11 5 5 18 18 22 22 1 1 18 40 18 18 5 5 12 12 18 40 18 100
tjohns29 18 40 18 18 11 11 28 39 28 18 18 18 29 29 18 40 18 22 37 22 18 40 18 11 11 8 8 18 18 28 28 21 21 29 29 18 40 18 100
pbald 18 36 18 29 29 20 20 18 40 18 18 18 12 12 18 40 18 18 18 18 18 100
mnieves1 18 21 21 29 29 20 20 18 40 18 18 18 11 11 18 38 18 20 20 18 18 8 8 18 37 18 18 25 25 28 28 32 32 18 39 18 18 25 25 12 12 21 36 21 20 20 28 28 18 40 18 100
mbrombac 18 37 18 8 8 18 18 18 18 18 18 18 18 11 11 100
mbeinlic 18 40 18 11 11 22 39 22 12 40 12 18 38 18 20 20 100
lmedinab 18 18 18 18 12 12 18 36 18 18 18 8 8 28 36 28 100
lmcphill 18 18 20 20 18 40 18 20 20 29 29 21 21 18 40 18 18 11 11 18 39 18 18 18 18 100
kwoodwa3 18 100
kperry7 18 18 100
kmoran10 20 20 29 29 21 39 21 18 36 18 18 11 11 18 40 18 11 40 11 18 40 18 22 22 18 18 12 12 18 40 18 11 11 100
kmessier 18 18 28 28 18 18 12 12 18 18 18 9 9 18 40 18 0 0 18 40 18 0 0 18 40 18 18 11 11 18 40 18 18 18 11 11 18 40 18 100
kabe1 18 40 18 11 11 18 40 18 1 36 1 22 22 12 12 18 40 18 100
jusher 18 14 14 18 40 18 18 18 100
jmusema 18 18 18 18 1 1 18 40 18 20 20 18 40 18 1 1 18 18 28 36 28 100
jkirkham 18 21 21 20 20 29 29 18 40 18 18 18 11 11 1 36 1 12 37 12 18 40 18 18 18 18 18 21 21 18 40 18 100
jhall15 18 40 18 18 18 18 11 11 100
jcharbon 18 18 18 18 11 11 22 38 22 18 40 18 12 12 20 20 100
gverfurt 18 18 18 11 11 18 40 18 18 100
gmcdermo 18 20 20 29 39 29 21 21 14 14 18 39 18 18 18 18 18 11 11 18 40 18 11 11 18 40 18 29 29 18 40 18 18 18 18 24 24 2 2 18 40 18 100
eyeager 18 18 29 29 20 20 18 40 18 18 18 18 11 11 12 12 18 36 18 27 36 27 18 40 18 21 21 8 8 100
esulli14 21 40 21 29 29 18 40 18 18 18 18 11 11 18 40 18 11 11 18 40 18 11 11 18 36 18 12 12 100
edewane 18 40 18 18 11 11 12 36 12 20 37 20 100
dmoran5 18 40 18 11 11 20 40 20 18 38 18 29 29 18 40 18 18 18 8 8 11 37 11 18 40 18 15 15 13 13 14 14 100
dbodewig 18 40 18 18 18 11 11 18 40 18 18 18 18 12 12 100
bni 18 36 18 18 18 18 11 11 18 40 18 11 11 18 40 18 18 11 11 100
aseketa 18 18 18 100
amitch13 18 18 18 18 100
amarti54 18 40 18 18 18 11 11 18 37 18 1 1 8 8 18 40 18 100
zwang17 18 40 18 18 18 18 11 11 18 40 18 18 18 18 100
rmcclain 18 20 20 29 29 18 40 18 18 18 18 18 18 11 11 27 27 12 12 18 40 18 18 12 12 18 40 18 12 12 18 40 18 21 21 100
pmcgee 18 21 21 20 20 29 29 18 40 18 18 11 11 1 36 1 22 22 18 18 12 12 18 40 18 5 5 100
oramire1 18 18 18 18 11 11 18 38 18 18 18 15 15 18 39 18 1 39 1 22 22 18 37 18 31 31 18 40 18 100
olombard 29 29 20 20 21 21 29 36 29 18 40 18 11 11 18 40 18 11 11 18 40 18 18 11 11 18 40 18 1 1 12 36 12 100
myoung12 18 40 18 11 11 18 39 18 28 28 18 39 18 18 18 18 18 100
mmoreno3 18 20 20 18 40 18 21 21 29 29 18 36 18 18 18 100
mmcelro2 18 18 100
mgroark 18 18 18 18 11 11 18 40 18 18 18 22 39 22 1 1 18 18 12 12 18 18 18 100
mcurrie2 18 40 18 11 11 18 40 18 18 11 11 18 36 18 18 18 18 100
mcarro10 20 20 29 29 21 21 18 40 18 11 11 12 40 12 18 18 14 14 21 39 21 29 29 18 40 18 11 11 18 36 18 100
labreha 18 40 18 21 21 29 29 18 18 18 18 100
kmullan4 18 40 18 11 11 18 40 18 18 12 12 18 38 18 100
jstuppy 18 40 18 18 18 11 11 18 40 18 18 18 18 18 1 1 8 8 18 37 18 22 22 21 39 21 100
jluk 18 11 11 18 40 18 18 11 11 18 40 18 100
jigiede 18 36 18 18 18 11 11 18 18 11 11 18 18 18 18 1 1 22 22 12 36 12 28 28 25 36 25 18 40 18 21 21 18 36 18 100
jhlavin 29 29 20 20 18 40 18 18 18 11 11 18 36 18 18 18 18 18 100
jgripens 18 18 18 11 11 29 29 20 20 25 36 25 21 21 18 40 18 11 11 18 40 18 100
jfabreg2 18 18 18 18 11 11 18 40 18 11 36 11 100
jedward4 18 40 18 11 11 18 40 18 18 11 11 18 18 12 12 18 40 18 11 11 12 40 12 21 36 21 100
jburhann 21 21 20 20 29 29 18 40 18 15 15 18 40 18 11 11 18 40 18 100
hfertitt 18 40 18 18 18 18 18 18 11 11 18 40 18 18 11 11 100
garboled 18 40 18 11 11 18 40 18 18 11 11 100
edidonat 18 40 18 100
ealbi 18 40 18 100
dmacatan 18 40 18 18 11 11 18 40 18 18 100
dharvey1 18 40 18 11 11 18 40 18 18 18 11 11 18 40 18 18 100
crichte2 21 21 29 29 20 20 18 40 18 1 1 18 40 18 18 11 11 18 39 18 5 5 12 12 18 38 18 21 21 100
cdunlea1 18 40 18 18 18 20 20 18 40 18 18 18 29 29 21 21 20 20 18 40 18 11 11 18 36 18 11 11 18 40 18 18 18 18 18 11 11 0 0 18 18 18 13 13 15 15 100
awolfe4 29 29 20 20 21 21 18 40 18 18 11 11 18 40 18 18 22 22 18 40 18 1 1 18 37 18 100
aturzai 18 14 14 20 20 18 40 18 18 18 11 11 100
aosorio 18 40 18 100
aherna13 18 20 20 29 29 18 36 18 21 21 18 38 18 11 11 18 40 18 11 11 18 40 18 29 36 29 20 20 12 36 12 18 36 18 8 36 8 1 1 18 40 18 100
zhan1 21 21 20 36 20 29 36 29 18 40 18 11 11 18 40 18 18 18 18 18 18 18 18 18 18 11 11 12 39 12 100
tsong2 18 40 18 11 11 18 18 18 1 38 1 12 12 18 37 18 8 8 18 39 18 28 28 18 38 18 100
smurph19 18 21 21 14 14 20 36 20 29 37 29 18 40 18 18 18 11 11 18 40 18 18 12 12 100
sjo 18 100
sbsales 18 40 18 11 11 8 39 8 1 1 27 27 12 12 18 40 18 100
rpozasg1 18 40 18 18 18 11 11 18 40 18 100
rhughes7 18 13 13 15 36 15 18 36 18 24 24 18 40 18 100
rbarnes2 18 100
msimon6 18 40 18 18 11 11 18 36 18 18 100
mgorman5 18 39 18 1 1 12 37 12 100
jwoods8 18 18 18 18 18 18 18 18 11 11 18 37 18 18 100
jplocher 18 39 18 18 11 11 18 40 18 11 11 18 40 18 18 1 1 12 12 28 39 28 9 9 100
jlugg 18 18 18 18 18 18 18 11 11 18 40 18 18 11 11 12 36 12 5 5 20 36 20 100
jlehn 18 40 18 18 18 18 18 18 18 1 1 8 8 18 40 18 18 21 21 100
jdemarc1 18 40 18 18 11 11 1 36 1 22 22 18 36 18 18 18 12 12 18 39 18 100
hstone3 18 13 13 100
ezahoric 18 40 18 11 11 18 40 18 11 11 18 40 18 11 11 24 36 24 18 39 18 18 11 11 18 40 18 18 11 11 100
elopez7 20 20 29 29 21 21 18 40 18 18 18 11 11 14 14 18 18 18 18 20 20 100
ddelliso 20 20 29 29 18 40 18 18 11 11 18 18 18 18 11 11 18 40 18 18 18 18 100
cwhalen2 18 40 18 18 11 11 12 12 21 21 18 39 18 18 8 8 18 18 18 18 18 18 100
cjacobs3 18 40 18 18 11 11 12 36 12 18 40 18 18 28 28 100
chowell2 18 40 18 11 11 18 40 18 18 11 11 18 40 18 18 18 12 12 29 29 21 36 21 13 40 13 14 14 15 36 15 18 40 18 100
blyons1 18 18 29 29 18 40 18 11 11 18 40 18 11 11 18 37 18 18 11 11 18 36 18 18 100
bklaus 18 40 18 18 18 8 8 18 38 18 20 20 18 18 21 21 100
zsurma 18 36 18 18 18 18 11 11 18 40 18 18 18 100
tissa 18 40 18 11 11 18 36 18 18 11 11 18 40 18 18 11 11 18 38 18 18 18 14 14 18 40 18 100
svorne 18 40 18 18 11 11 18 36 18 8 8 18 39 18 21 21 21 21 18 40 18 11 11 18 40 18 11 11 100
sryan9 18 40 18 18 11 11 18 37 18 18 12 36 12 29 39 29 21 39 21 24 36 24 18 40 18 11 11 100
pgorman2 18 40 18 11 11 18 40 18 11 11 18 39 18 11 11 100
olanchon 18 40 18 100
nmunozol 18 18 18 11 11 18 40 18 18 32 32 18 40 18 20 20 100
nkelly3 18 21 21 20 38 20 29 29 18 40 18 18 11 11 18 40 18 100
nferguso 20 36 20 29 29 18 40 18 1 1 22 22 18 40 18 11 11 18 40 18 31 31 33 33 24 24 18 18 11 11 13 13 18 40 18 18 22 22 18 18 18 1 36 1 18 18 11 11 100
mhawit 11 11 18 36 18 18 25 36 25 28 28 18 40 18 18 100
kwhite13 18 40 18 18 18 18 11 11 12 12 18 40 18 8 8 18 40 18 28 28 100
jzepf 18 40 18 11 11 12 39 12 18 40 18 18 11 11 100
jgirardo 18 40 18 11 11 18 40 18 18 22 22 1 1 24 36 24 18 40 18 11 11 1 37 1 22 22 21 21 28 28 100
jfrane 18 18 21 21 18 40 18 18 28 36 28 21 21 20 20 18 36 18 18 100
iroberts 18 29 29 18 40 18 11 11 18 40 18 11 11 18 40 18 11 11 18 40 18 11 11 100
hferrero 18 11 11 18 37 18 18 11 11 18 40 18 18 18 11 11 100
ginglis 18 11 11 18 40 18 18 100
esherloc 18 20 20 21 36 21 18 40 18 11 11 100
ellano1 18 20 20 29 29 18 40 18 18 18 11 11 18 40 18 100
dreynoso 18 40 18 100
dphill14 18 40 18 18 18 18 11 11 18 18 100
ctsevis 29 36 29 20 20 18 40 18 29 29 21 36 21 18 40 18 11 11 18 40 18 5 5 1 36 1 18 39 18 18 28 28 18 40 18 12 12 18 40 18 11 11 5 5 1 1 18 40 18 21 21 12 12 100
clangle1 20 20 18 40 18 29 29 20 20 21 21 100
apines1 18 40 18 18 11 11 18 40 18 18 18 11 11 18 40 18 18 100
aorsinel 18 18 11 11 22 38 22 12 36 12 22 22 18 40 18 100
amcfadd1 18 29 29 20 20 18 40 18 11 11 22 22 8 8 18 36 18 18 18 18 18 18 11 11 100
abiondo 18 18 29 29 18 40 18 18 18 18 18 18 11 11 18 40 18 18 18 28 28 100
tmcginn1 18 20 20 29 29 18 36 18 21 21 18 40 18 11 11 18 38 18 18 18 21 21 100
thartle 18 40 18 18 11 11 18 40 18 15 15 13 13 18 40 18 8 8 1 36 1 18 36 18 28 38 28 18 18 21 21 100
tbendeck 18 37 18 18 18 18 18 11 11 18 18 18 18 11 11 18 37 18 100
ssitarsk 18 40 18 18 11 11 18 18 18 18 18 18 1 38 1 8 36 8 18 40 18 27 27 18 40 18 21 21 18 37 18 100
sdutta2 18 40 18 11 11 18 40 18 11 11 18 40 18 18 11 11 100
pjohns21 18 40 18 11 11 18 40 18 18 18 18 18 18 18 22 22 1 1 12 12 20 20 18 18 100
pjachim 21 21 29 29 20 39 20 18 40 18 11 11 8 8 18 40 18 18 18 18 5 5 8 40 8 25 25 5 5 18 40 18 8 38 8 29 29 11 11 100
mperez19 18 40 18 11 11 18 36 18 18 12 40 12 18 39 18 18 100
mpenn1 18 40 18 11 11 22 22 1 1 18 40 18 8 8 18 40 18 18 18 18 12 12 18 40 18 18 8 8 12 12 100
mgabouer 18 37 18 100
lwukie 18 38 18 18 18 13 13 15 15 18 36 18 18 18 18 18 100
lsimon2 18 14 14 18 40 18 18 11 11 18 40 18 18 18 22 22 18 38 18 100
llontoc 18 100
ldevito 18 18 29 29 20 20 21 21 18 40 18 18 18 11 11 18 40 18 11 11 100
lbode 18 40 18 18 11 11 18 40 18 1 1 22 22 12 12 18 36 18 18 1 1 18 40 18 18 1 1 25 25 29 29 100
layuyao 18 36 18 18 11 11 18 40 18 18 12 12 1 1 11 11 18 18 18 11 11 21 21 18 40 18 100
ktran1 18 11 11 18 40 18 18 18 14 14 28 28 100
kdiggin1 18 40 18 11 11 18 40 18 1 1 12 12 20 20 18 18 18 11 11 100
kbockhol 29 36 29 20 20 18 40 18 18 11 11 18 40 18 22 22 18 40 18 1 1 18 40 18 11 11 18 18 100
jybanez1 18 40 18 11 11 18 18 18 18 18 12 12 18 40 18 18 18 21 40 21 1 37 1 11 36 11 18 39 18 100
jswift2 18 18 18 22 22 24 24 18 18 8 8 1 36 1 27 27 18 40 18 13 13 15 15 18 39 18 18 11 11 12 36 12 100
jmoawad 29 29 20 20 21 21 18 40 18 11 11 20 37 20 18 38 18 28 28 18 40 18 100
jduffy8 18 20 20 29 36 29 21 38 21 18 40 18 18 18 11 11 18 40 18 18 100
jchandle 18 40 18 11 11 18 40 18 11 11 100
jbrunne1 18 20 40 20 29 29 21 21 18 40 18 18 18 18 11 40 11 18 40 18 18 18 8 39 8 18 18 29 29 100
jbordall 18 40 18 18 11 11 18 40 18 18 18 100
ielizond 18 18 21 21 29 36 29 18 40 18 11 11 18 36 18 18 11 11 18 40 18 18 18 18 11 11 18 40 18 100
hwakelin 18 18 21 21 18 40 18 11 11 18 40 18 100
gcampoli 18 40 18 100
eutley 18 34 34 18 40 18 7 7 18 40 18 18 100
esagun 18 40 18 100
eobrie14 21 21 20 36 20 29 29 18 40 18 18 18 11 11 18 18 22 22 1 1 28 36 28 18 39 18 100
ehoran3 18 40 18 11 11 14 40 14 18 40 18 18 100
dkrivda 18 40 18 11 11 18 40 18 11 11 1 39 1 22 37 22 18 18 29 36 29 100
dgarci18 18 21 21 29 29 20 36 20 18 38 18 18 18 11 11 18 40 18 18 11 11 18 40 18 18 18 100
csmith72 18 18 12 12 14 14 18 40 18 18 18 100
cholmes6 18 18 18 100
cgrunha2 20 36 20 29 29 18 40 18 11 11 18 40 18 11 11 18 37 18 18 1 1 8 8 18 40 18 18 18 100
cdelane2 18 18 11 11 18 37 18 12 12 18 40 18 100
ccahill5 18 40 18 18 18 25 25 9 9 28 28 29 29 18 18 12 12 1 37 1 18 40 18 18 29 29 11 39 11 100
btournat 18 40 18 18 11 11 18 40 18 1 1 22 36 22 18 40 18 100
akeller5 18 40 18 18 18 18 18 100
adaniele 18 40 18 100
aclark13 18 40 18 18 11 11 18 40 18 11 11 13 13 1 40 1 18 38 18 24 40 24 24 24 14 14 18 40 18 28 28 100
aboyd2 18 18 18 18 20 20 18 18 29 29 18 36 18 21 21 18 40 18 11 11 18 40 18 11 11 18 40 18 1 38 1 8 8 28 40 28 21 21 100
wmckee 20 20 21 21 18 40 18 18 1 1 18 40 18 18 18 18 28 28 18 40 18 18 22 22 1 1 11 11 28 28 100
wfine 18 18 18 11 11 28 36 28 1 1 18 39 18 29 29 18 18 18 11 11 18 40 18 18 18 100
srodawig 18 40 18 18 11 11 18 40 18 11 11 100
slee51 18 20 20 18 36 18 21 21 18 40 18 18 11 11 100
rmcgove1 14 14 11 11 18 40 18 20 20 18 40 18 29 29 18 40 18 21 21 18 36 18 18 11 11 18 40 18 18 18 100
pwasuwan 18 40 18 18 18 22 22 1 1 12 12 100
ojazbuti 29 29 20 20 21 21 18 40 18 18 11 11 18 40 18 18 18 18 100
nskora 18 40 18 18 11 11 18 40 18 11 11 20 20 18 40 18 28 28 18 38 18 11 11 29 39 29 100
nmarti12 18 21 21 29 29 20 20 18 40 18 11 11 18 40 18 18 1 39 1 18 40 18 22 22 100
nhelm 18 40 18 12 12 18 40 18 18 18 18 29 29 8 40 8 5 36 5 12 12 100
nbest1 21 21 20 20 29 29 18 40 18 18 18 18 11 11 18 18 18 18 100
mpaulran 18 21 21 29 29 20 20 18 40 18 100
mmurph50 18 40 18 11 11 18 40 18 18 18 18 11 11 18 36 18 22 37 22 12 12 100
kheldt 18 18 11 11 22 22 1 36 1 20 20 29 29 18 18 12 12 18 18 21 40 21 0 39 0 100
jspence6 18 36 18 18 100
jminor1 18 40 18 11 11 14 37 14 18 18 28 28 100
jlabadie 18 40 18 18 18 11 11 18 40 18 18 18 5 5 12 36 12 18 40 18 12 12 100
jguerra3 18 18 18 20 20 18 40 18 29 29 18 40 18 18 11 11 18 40 18 18 18 14 14 100
jesposi2 18 18 20 20 100
igese 18 18 18 18 1 36 1 12 12 100
hsun2 11 11 18 18 18 18 18 20 38 20 18 36 18 18 29 29 8 36 8 1 1 22 22 18 39 18 100
emangels 18 18 18 11 11 20 36 20 18 18 18 18 9 9 14 14 18 36 18 12 12 18 40 18 18 21 21 18 18 11 11 18 40 18 18 100
eleahy1 18 40 18 11 11 21 21 9 36 9 25 25 18 40 18 28 28 18 40 18 5 37 5 11 40 11 18 18 25 25 100
ehiestan 18 11 11 18 40 18 11 11 100
ebrady7 18 40 18 18 11 11 22 22 1 1 18 40 18 18 18 18 18 12 12 29 29 18 18 21 21 100
dkolkebe 18 11 11 29 29 18 40 18 18 100
clewis13 18 40 18 100
chanzel 18 40 18 11 11 18 40 18 100
cbowden 18 18 18 18 18 11 11 18 40 18 18 18 18 9 9 18 18 18 100
cbartlet 18 40 18 18 11 11 18 40 18 18 8 8 5 40 5 12 12 9 9 100
bsoaresd 29 29 20 20 18 37 18 18 18 11 11 18 18 18 1 36 1 100
bknarr 18 40 18 20 20 14 14 18 18 29 29 18 40 18 18 11 11 18 40 18 18 100
bdages 18 40 18 18 18 11 11 18 37 18 100
atreacy 18 100
asood1 18 29 29 20 20 21 21 18 40 18 18 18 18 18 18 11 11 100
alehanka 18 40 18 11 11 18 38 18 18 18 18 100
vzona 18 36 18 18 11 11 18 18 14 14 28 28 12 12 8 36 8 18 39 18 21 21 100
vdavis1 18 40 18 18 11 11 18 40 18 18 18 11 11 8 8 27 38 27 21 21 18 40 18 100
tmcguir2 18 40 18 1 1 18 40 18 11 11 18 40 18 18 11 11 18 40 18 11 11 18 18 0 0 18 18 100
tlynch3 18 40 18 11 11 18 40 18 22 22 1 1 18 38 18 18 100
sfore 18 20 20 21 21 29 29 18 40 18 100
rsabnani 18 100
rkenyon 18 40 18 18 11 11 18 40 18 18 18 100
rhughes8 18 40 18 11 11 18 40 18 11 11 18 40 18 11 11 32 36 32 18 40 18 18 11 11 18 40 18 100
mzachlin 18 18 11 11 18 18 8 8 18 37 18 18 18 11 11 12 40 12 18 18 18 100
mriss 18 40 18 11 11 18 36 18 1 1 18 40 18 100
moconn20 18 29 29 20 20 21 21 18 40 18 11 11 18 40 18 11 11 18 40 18 21 21 18 36 18 24 24 11 11 18 40 18 18 18 100
mmaron 18 40 18 11 40 11 18 40 18 18 11 11 18 36 18 18 1 1 12 12 12 40 12 18 40 18 18 11 11 18 40 18 100
mhepbur1 18 18 20 20 18 40 18 11 11 18 40 18 100
mgreene3 18 37 18 20 20 29 29 18 36 18 18 18 11 11 18 40 18 18 18 18 18 18 20 20 100
kmcfarl1 18 20 20 29 29 21 36 21 18 40 18 18 18 11 11 18 18 22 36 22 28 28 18 18 29 29 18 40 18 18 1 1 20 20 100
jyu7 18 18 18 100
jrombals 18 40 18 18 11 11 18 40 18 18 18 11 11 100
icorreia 18 40 18 11 11 18 40 18 18 11 11 18 40 18 11 11 12 12 22 22 18 40 18 100
gklaus 18 40 18 18 18 11 11 29 29 20 20 18 40 18 18 28 28 100
eromero3 18 40 18 11 11 18 40 18 22 22 1 36 1 18 40 18 28 28 18 40 18 18 22 22 1 1 18 40 18 28 28 18 18 100
eeschwei 18 40 18 18 11 11 22 36 22 1 1 18 40 18 18 18 28 28 100
ebabcoc1 18 20 20 18 36 18 21 21 18 40 18 18 18 11 36 11 20 39 20 21 39 21 18 40 18 11 11 18 40 18 11 11 18 40 18 100
dyefreme 18 21 21 29 29 20 20 18 18 18 22 36 22 11 36 11 21 40 21 18 40 18 100
dpark5 18 40 18 11 11 18 40 18 18 18 18 18 18 18 100
dobrie13 18 40 18 11 11 18 40 18 100
dkenned7 18 9 9 18 18 18 12 12 18 40 18 18 18 14 14 18 39 18 18 21 21 29 29 20 20 18 40 18 18 18 18 11 11 18 38 18 18 18 18 18 100
crodri12 18 40 18 18 18 100
coakley2 18 20 20 29 29 21 21 18 36 18 18 11 11 11 11 18 40 18 29 29 20 20 12 12 18 18 18 18 28 28 18 40 18 18 18 100
cgreeley 18 40 18 11 11 18 40 18 100
cgehan 18 18 21 21 18 40 18 18 18 11 11 18 36 18 20 20 18 40 18 18 100
cdulal 18 40 18 18 18 11 39 11 18 38 18 18 11 11 28 36 28 12 12 18 39 18 27 27 18 18 100
