dtorgers 0 0 0 0 0 0 0 0 0 0 0 0 0 0 0 0 0 0 0 0 0 0 0 0 0 0 0 0 0 0 0 0 0 0 0 30 0 0 0 0 0 0 0 0 0 0 100
cdavin1 0 0 0 0 0 0 0 15 0 0 0 0 0 0 0 0 0 0 0 15 0 0 0 0 0 0 0 0 15 0 0 0 0 0 0 0 0 0 0 0 0 0 0 15 8 3 18 0 100
alebron1 0 0 0 0 0 0 0 0 0 0 0 0 0 0 0 0 0 0 0 0 0 0 0 3 8 18 15 0 100
ccooper8 0 0 0 0 0 0 0 15 0 0 0 29 0 0 0 0 18 8 3 100
nweindel 0 0 0 0 0 0 0 0 0 15 0 0 0 8 0 15 0 0 0 15 3 8 18 0 100
ntownsen 0 0 0 0 0 0 0 0 0 0 15 0 0 0 0 8 3 18 100
jberg2 0 32 8 0 22 0 0 0 0 0 0 0 0 0 0 3 0 0 100
fhita 0 32 22 0 0 0 0 0 0 0 0 0 0 0 100
mmcfarli 0 0 0 0 0 0 0 0 15 8 0 3 18 100
mlengwin 0 0 0 0 0 100
kwurl 0 30 0 20 14 9 15 0 0 0 0 0 15 0 0 0 8 0 0 0 0 0 0 15 3 8 18 100
ccampb20 0 0 22 32 0 32 15 22 0 0 0 0 0 0 0 8 15 3 0 0 0 0 0 100
pbrown10 0 32 0 0 0 0 0 0 0 15 3 18 100
rdiejoma 0 0 0 0 0 0 0 0 0 0 3 8 18 100
drogers1 0 0 0 0 0 15 18 0 0 15 3 3 8 18 100
cdelpila 0 0 0 0 15 8 3 18 100
cbolivar 0 0 15 0 0 0 0 0 0 0 0 3 18 8 100
muhlenbr 0 0 0 0 0 0 0 15 0 3 18 8 0 0 100
msmith75 0 0 0 15 8 3 18 0 0 0 100
pmcguir2 0 0 0 0 3 8 0 0 0 0 100
jstaten 0 0 15 3 32 8 18 100
mgirod 32 0 22 0 0 0 0 0 0 0 0 0 0 0 0 0 3 8 18 100
zgartenh 0 0 0 0 0 0 0 3 8 18 15 0 100
alabella 0 0 0 0 0 0 8 15 3 18 100
bferrer1 0 0 0 0 0 8 100
pcataldi 0 0 0 0 3 8 18 100
aohri 0 0 0 0 0 0 100
pklekamp 0 0 0 3 18 8 100
amccar10 0 0 0 0 0 0 15 100
nwamble 0 0 0 0 0 0 0 0 0 100
wwu5 0 0 0 0 0 0 0 0 0 15 8 3 18 100
wsuter2 0 0 0 0 0 0 3 8 18 0 100
thowe1 0 32 22 0 0 0 0 0 29 0 0 0 0 100
mmian 0 0 100
jhouge 0 0 0 0 0 0 0 0 0 0 0 0 3 0 0 0 0 0 0 0 0 0 8 100
slemaign 0 0 3 8 0 18 0 15 100
ldamoose 0 0 0 0 0 0 0 0 3 8 15 18 100
sburnbau 0 32 0 22 100
nwarren 0 0 0 0 0 0 0 0 0 0 0 15 0 8 3 18 100
bconnol3 0 0 0 0 0 0 3 18 8 15 100
rheitkam 0 0 0 0 0 15 3 8 18 100
jmullike 22 0 0 0 15 0 0 0 3 8 18 100
chickey3 32 22 0 0 0 0 0 0 0 0 0 0 0 0 0 0 100
athoma24 0 0 0 0 0 0 8 3 18 100
rgensler 0 0 0 0 15 0 15 8 3 18 100
kthornt4 0 0 0 0 0 0 0 0 0 3 100
pvlandis 0 0 0 0 8 0 0 3 18 0 0 100
mmizraji 0 0 0 0 15 8 0 15 8 3 18 100
zpavlin 0 0 0 15 8 18 3 100
ydeng3 0 17 0 21 26 13 0 0 0 100
kfox8 0 0 0 0 0 0 0 0 0 3 8 18 100
lsulli11 0 8 0 0 0 100
jgorman6 0 32 0 22 0 0 0 0 0 0 0 0 0 0 0 100
enunez 22 15 32 0 0 0 0 0 0 0 0 0 3 18 8 100
jdirksen 0 22 0 0 15 0 0 8 3 18 0 15 0 100
whornby 0 0 0 15 3 8 100
jwade5 15 0 0 3 8 18 8 0 0 0 0 0 0 100
mblatt1 0 0 0 3 8 18 15 0 100
jowusuko 0 0 0 3 8 22 100
mmang 0 0 0 15 32 22 0 0 0 0 0 0 0 0 0 15 8 100
waberger 0 0 0 15 0 29 3 18 8 100
llombar2 0 0 0 0 3 8 18 15 100
gkaiser 0 0 0 0 3 18 8 4 15 0 100
koconn27 0 0 22 32 0 0 0 0 0 100
aweishan 0 0 0 0 15 8 18 3 100
mcaskey 0 0 0 0 0 0 15 8 0 0 0 0 0 8 100
jguarino 0 22 32 0 0 0 0 0 100
cseymou2 0 0 0 0 0 0 15 3 8 18 100
dplagenz 0 0 0 0 15 3 8 0 18 100
csasso 0 0 0 15 8 100
amccar11 0 0 0 15 0 3 15 8 18 100
yshi6 0 0 0 0 100
minoue2 0 0 0 0 0 0 0 0 0 0 0 0 0 15 0 0 3 8 18 100
jwinebre 0 0 0 0 15 0 0 15 3 18 100
sgalbens 22 32 0 0 29 0 0 0 0 0 100
jlazzara 0 0 0 0 0 0 0 0 15 8 3 18 100
vruesch 0 0 0 0 0 0 0 0 3 18 8 100
nniere 0 0 100
ghong 0 0 0 0 3 8 18 0 100
bhogan1 0 0 0 100
wdu 0 0 0 0 0 0 0 0 0 100
tmercier 0 0 15 0 0 3 18 8 100
esunshi1 0 0 0 0 0 0 0 0 3 0 8 0 18 100
eevans9 0 22 0 32 0 0 100
bkenney1 0 0 0 0 3 8 18 15 100
cdieckma 0 8 0 3 8 18 15 100
mcoggins 0 0 0 15 0 3 8 18 100
lblitzer 0 0 0 0 18 8 100
jdelledo 0 0 0 0 0 8 15 3 8 22 18 100
mfreedlu 0 0 0 0 0 8 3 18 100
tprice4 0 0 0 0 0 0 0 100
lbarret2 0 0 0 0 0 0 0 0 0 0 8 3 18 15 100
eralph 0 0 3 8 18 100
bhalliga 0 0 0 0 0 0 8 0 0 3 0 18 100
sroennec 0 0 0 0 15 0 0 0 0 3 8 18 15 100
jmurph32 0 0 0 0 3 8 18 100
cfrentze 0 0 0 0 15 0 3 8 0 18 100
mnewcome 3 8 15 18 100
jsitarsk 0 0 0 8 3 18 32 100
tpreko 0 0 15 0 0 0 0 15 3 18 8 100
mtreacy 0 0 0 0 0 0 0 0 0 8 18 3 100
ccampb21 0 32 22 0 0 0 100
rrivera8 0 0 0 0 15 8 0 20 0 2 3 18 100
rblack4 0 0 0 0 0 0 0 100
jwelsch 0 0 0 0 0 0 100
jgately1 0 32 0 0 0 0 0 0 0 0 0 0 3 8 18 100
gdean 0 0 0 0 0 0 0 0 0 0 0 0 100
ewigutow 32 22 0 0 0 0 0 0 0 0 3 8 18 0 100
dgibbon2 0 32 0 0 22 0 100
cmorton2 0 0 32 22 0 0 100
mrooney6 0 0 0 0 15 0 3 8 18 0 0 100
mmoran12 0 15 8 0 100
jwalte10 0 0 0 0 8 18 3 0 15 100
jcarney6 0 15 3 18 8 100
pmeyer3 0 15 8 0 18 0 0 100
icallaha 0 0 0 15 8 3 18 15 100
dtoth1 0 0 0 0 0 0 0 0 0 0 3 8 18 100
kkostola 0 0 0 0 0 3 18 8 100
dlee26 0 0 15 8 3 18 100
yying 0 0 0 100
swagy 0 22 0 0 0 0 0 0 3 8 18 15 100
rroque1 0 0 32 22 0 0 3 100
kdantoni 0 0 0 0 0 0 15 8 3 18 100
wmohler 0 3 0 3 8 18 15 0 100
lklein1 0 0 0 29 0 0 0 8 3 18 15 100
jbecker9 0 0 0 0 3 18 100
hrague 0 0 0 3 8 18 15 100
cott 0 0 0 0 3 0 18 15 8 100
mholzbau 0 3 8 18 0 34 31 6 17 4 30 0 0 0 0 0 0 100
mhawkin3 0 34 31 6 0 100
lharmon 0 0 15 0 0 100
elazzaro 0 0 100
tburley 0 0 0 0 15 0 0 0 3 8 100
shenn 0 15 0 0 0 3 8 100
jgomez5 0 0 0 0 0 15 0 0 0 0 15 0 3 18 8 100
jfries3 0 0 0 8 18 3 100
bniemoel 0 32 0 22 0 0 0 0 3 8 18 100
kriordan 0 0 32 22 15 0 0 0 0 3 8 100
jmurph33 0 0 15 0 8 3 18 100
dcorr1 0 0 0 100
cemenalo 0 0 0 0 8 3 18 15 0 0 15 100
yjung2 0 22 32 0 0 0 0 0 0 100
rpappas 0 0 0 0 0 0 3 0 8 18 100
mmerric1 0 0 0 0 0 100
mdosch 0 0 0 0 0 3 8 18 15 0 0 8 0 0 100
jbettag 0 0 100
jbernin1 0 0 0 100
gbruenin 0 0 0 0 3 8 18 0 0 8 0 0 0 100
ddallava 0 15 8 3 8 18 0 8 18 0 100
cgamboa 0 100
nquartir 0 0 3 8 18 100
lfaubion 0 32 22 0 0 0 0 8 18 3 100
cwilso24 0 0 15 8 3 18 100
aursino1 0 22 32 0 0 0 15 0 30 0 0 8 3 18 100
msummer2 0 3 18 100
kramm 0 0 12 0 0 0 3 8 0 18 100
jchapple 32 22 0 0 8 100
jbonds 0 0 0 0 0 0 0 15 18 0 0 8 15 3 0 100
dbirzer 0 32 22 0 0 0 0 0 100
cfish 0 0 3 18 8 0 15 0 100
nholmes1 0 15 3 8 18 0 3 100
ngiovino 0 0 0 3 15 8 18 100
eherber1 0 0 15 0 15 3 8 18 100
cgallag3 0 0 0 0 15 0 0 0 0 0 0 0 8 0 18 100
tzheng2 0 0 32 0 22 0 0 15 3 0 0 3 8 18 0 0 0 100
mgerber 8 18 0 34 31 6 0 0 100
jcolli23 0 0 15 0 15 22 8 0 100
awalton3 15 32 22 100
vwhitmor 0 15 0 0 3 8 18 100
rpellica 0 0 100
rmyers9 0 3 8 0 0 0 18 15 100
mdillon7 8 18 100
jdoerer 22 32 0 0 100
gbiltz 0 100
aheck1 0 0 15 0 3 8 18 100
ucooper 0 0 15 0 0 0 0 0 100
rschill1 0 22 32 22 0 0 0 0 0 0 0 0 0 0 0 0 0 100
mschlic1 0 0 0 0 0 0 0 100
