dtorgers 12 12 12 37 12 12 37 12 12 12 37 12 37 12 12 37 12 12 12 37 12 12 12 37 12 12 12 12 37 12 37 12 12 12 
mdawson3 12 12 8 37 12 37 12 12 37 12 12 12 12 12 12 12 12 12 12 12 12 12 12 12 12 12 12 12 12 12 12 12 12 37 12 12 36 12 37 12 37 12 12 36 36 36 12 12 36 12 
cdavin1 12 37 12 37 12 37 12 32 12 15 37 12 37 12 12 12 12 
alebron1 12 36 36 36 36 36 36 12 12 36 36 12 37 12 37 12 12 37 12 37 12 37 12 36 36 36 36 36 12 12 37 12 37 12 37 12 37 12 
ccooper8 12 36 36 36 36 36 36 12 37 12 37 12 37 12 8 12 37 12 37 12 37 12 37 12 37 12 37 12 37 12 
nweindel 12 37 12 37 12 37 12 12 8 12 37 12 37 12 37 12 37 12 
ntownsen 12 12 37 12 12 37 12 12 12 8 36 36 36 12 12 12 28 12 7 32 16 0 23 12 19 36 36 12 37 12 12 37 12 37 12 37 12 37 12 
jberg2 12 37 12 37 12 37 12 37 12 37 12 37 12 37 12 37 12 37 12 37 12 37 12 37 12 
fhita 12 37 12 37 12 12 32 17 37 12 37 12 37 12 37 12 
mmcfarli 12 37 12 37 12 26 32 28 10 12 37 12 37 12 12 37 12 12 37 12 37 12 12 
mlengwin 12 37 12 37 12 37 12 37 12 37 12 
kwurl 12 12 37 12 37 12 37 12 
ccampb20 12 37 12 8 37 12 37 12 8 37 12 37 12 37 12 37 12 37 12 37 12 37 12 
pbrown10 12 12 12 12 37 12 36 36 36 36 36 12 8 12 28 12 37 12 29 37 12 37 12 12 37 12 37 12 12 37 12 12 
rdiejoma 12 36 36 36 36 12 8 37 12 12 37 12 37 12 12 36 32 17 30 36 36 19 12 36 36 36 36 11 12 36 36 36 36 12 37 12 12 12 12 12 37 12 12 37 12 37 12 37 12 
kkalisik 12 12 37 12 8 37 12 37 12 
drogers1 12 36 36 36 36 36 12 37 12 37 12 8 36 36 36 36 36 36 12 12 37 12 8 12 12 37 12 37 12 37 12 
cdelpila 12 37 12 37 12 
cbolivar 12 37 12 8 37 12 37 12 12 37 12 37 12 37 12 12 36 36 36 36 36 36 12 12 
msmith75 12 12 20 37 12 36 36 36 12 37 12 37 12 12 36 36 12 37 12 12 36 12 18 37 12 37 12 37 12 37 12 
pmcguir2 12 36 36 12 12 8 37 12 36 36 36 36 36 12 37 12 
jstaten 12 37 12 12 37 12 37 12 37 12 37 12 37 12 37 12 37 12 37 12 
mgirod 4 37 12 12 37 12 13 37 12 12 37 12 37 12 37 12 37 12 37 12 
mdonnel6 12 37 12 8 36 36 36 12 37 12 12 8 37 12 
zgartenh 12 12 36 36 36 12 37 12 37 12 37 12 37 12 37 12 
alabella 12 37 12 37 12 12 37 12 37 12 37 12 
mcomunie 12 12 12 37 12 12 12 8 37 12 8 36 36 36 36 36 36 12 36 36 29 1 12 8 12 37 12 12 12 12 37 12 37 12 8 
bferrer1 12 37 12 37 12 12 8 37 12 12 8 37 12 12 37 12 37 12 12 37 12 37 12 36 36 36 12 37 12 12 
pcataldi 12 36 36 12 8 12 37 12 37 12 37 12 12 8 17 32 37 12 12 36 36 11 0 37 12 37 12 37 12 37 12 12 
aohri 12 12 8 12 37 12 36 36 36 36 36 12 12 37 12 33 12 12 37 12 37 12 37 12 
pklekamp 12 37 12 37 12 37 12 37 12 36 36 36 36 36 12 37 12 37 12 37 12 37 12 37 12 
amccar10 12 36 36 12 37 12 37 12 37 12 37 12 37 12 
nwamble 12 12 36 36 36 36 12 8 12 37 12 37 12 37 12 
wwu5 12 37 12 37 12 12 
wsuter2 12 37 12 37 12 37 12 37 12 37 12 37 12 
thowe1 12 37 12 37 12 37 12 12 37 12 
madeniyi 12 12 36 36 12 37 12 37 12 37 12 37 12 
mmian 12 12 12 12 37 12 37 12 37 12 36 36 36 36 36 12 12 36 36 36 36 36 12 37 12 36 36 36 12 37 12 37 12 37 12 37 12 
jsoares 12 12 12 37 12 12 37 12 37 12 12 36 36 12 36 36 36 36 12 36 36 36 36 36 36 12 
jhouge 12 8 37 12 12 36 12 18 7 32 27 5 19 2 12 
slemaign 12 12 8 37 12 36 36 36 36 12 37 12 37 12 
ldamoose 12 12 37 12 37 12 37 12 37 12 12 
sburnbau 12 37 12 12 12 12 12 8 37 12 12 8 37 12 12 12 37 12 12 12 12 12 12 17 10 12 37 12 37 12 
nwarren 12 12 8 36 36 36 36 12 8 36 12 12 9 37 12 37 12 37 12 12 
bconnol3 12 8 36 12 23 5 37 12 37 12 37 12 37 12 12 37 12 37 12 36 36 36 12 12 36 36 36 36 36 12 37 12 
rheitkam 12 37 12 8 12 37 12 12 36 36 36 12 8 37 12 37 12 37 12 37 12 37 12 37 12 37 12 
jmullike 12 37 12 37 12 37 12 37 12 
chickey3 12 37 12 
athoma24 12 37 12 
rgensler 12 37 12 
kthornt4 12 12 8 37 12 37 12 
pvlandis 12 12 8 37 12 37 12 12 8 37 12 12 12 36 12 37 12 12 8 37 12 
mmizraji 12 37 12 12 37 12 37 12 8 37 12 12 8 32 19 37 12 36 36 36 12 36 36 36 12 37 12 12 18 17 7 36 36 36 36 36 36 12 12 37 12 37 12 37 12 
zpavlin 12 37 12 8 18 0 32 12 37 12 37 12 12 12 8 37 12 12 37 12 37 12 37 12 37 12 37 12 37 12 
ydeng3 12 26 37 12 12 37 12 32 36 36 36 12 31 36 16 12 12 37 12 12 
kfox8 12 12 8 37 23 6 10 19 18 12 12 37 12 37 12 37 12 37 12 37 12 36 36 36 12 37 12 
lsulli11 12 12 12 8 36 36 36 36 12 37 12 37 12 12 37 12 37 12 12 37 12 12 37 12 
jgorman6 12 37 12 37 12 37 12 17 8 37 12 37 12 
enunez 12 12 3 37 12 
mtardy 12 12 36 12 12 8 12 12 36 36 12 12 36 36 36 12 8 37 12 36 36 12 32 37 12 36 36 36 12 37 12 37 12 37 12 37 12 37 12 36 36 36 36 36 12 36 32 28 18 37 12 
jdirksen 12 37 12 8 36 12 37 12 11 18 36 36 36 36 32 10 24 27 3 5 1 36 0 26 18 12 8 37 12 
whornby 12 37 12 12 37 12 8 37 12 32 27 1 26 36 36 12 8 12 36 12 37 12 37 12 
jowusuko 12 36 36 36 36 12 12 8 36 36 36 36 12 12 23 37 12 37 12 37 12 12 36 36 36 36 36 36 12 25 12 37 12 12 37 12 
jcorpora 12 37 12 37 12 37 12 37 12 37 12 37 12 37 12 
mmang 12 22 28 36 36 12 12 10 12 12 36 36 12 37 12 37 12 12 37 12 37 12 12 
aakatu 12 12 8 37 12 12 37 12 37 12 12 8 
waberger 12 37 12 36 36 36 12 37 12 8 37 12 
llombar2 12 37 12 37 12 37 12 36 12 37 12 37 12 36 36 36 36 36 12 12 37 12 37 12 37 12 37 12 37 12 37 12 
gkaiser 12 12 12 8 37 12 36 36 12 12 12 37 12 12 37 12 37 12 37 12 37 12 
koconn27 12 37 12 12 12 11 18 32 34 12 12 12 12 36 12 12 12 12 12 12 22 29 28 37 12 12 37 12 36 36 36 36 12 37 12 37 12 12 37 12 
aweishan 12 37 12 37 12 8 12 8 36 36 32 36 36 9 23 36 36 12 13 3 37 12 37 12 37 12 
mcaskey 12 
jguarino 12 12 17 32 37 12 37 12 12 37 12 12 23 12 37 12 12 37 12 37 12 37 12 37 12 37 12 
cseymou2 12 37 12 37 12 12 8 12 37 12 37 12 37 12 
dplagenz 12 12 37 12 36 36 36 36 12 37 12 37 12 37 12 37 12 37 12 
csasso 12 37 12 12 37 12 37 12 12 37 12 
amccar11 12 37 12 36 36 36 36 12 12 3 37 12 12 8 37 12 12 12 18 37 12 37 12 37 12 37 12 
yshi6 12 37 12 37 12 37 12 
tpillai 12 36 36 12 37 12 37 12 36 36 36 12 37 12 37 12 
minoue2 12 37 12 37 12 37 12 
jwinebre 12 37 12 37 12 12 8 37 12 37 12 37 12 37 12 37 12 36 36 36 36 36 12 
tanggara 12 37 12 37 12 37 12 37 12 37 12 
sgalbens 12 12 8 37 12 36 36 12 36 10 12 12 5 36 36 36 36 11 20 24 6 12 13 18 29 21 6 20 28 26 24 10 23 12 37 12 37 12 37 12 
jlazzara 12 37 12 
vruesch 12 
nniere 12 37 12 37 12 37 12 37 12 37 12 37 12 
ghong 12 12 37 12 36 12 37 12 
bhogan1 12 36 36 10 30 1 5 37 12 37 12 12 37 12 37 12 37 12 
wdu 12 37 12 37 12 4 37 12 37 12 37 12 37 12 37 12 37 12 37 12 
mball 12 37 12 37 12 
eevans9 12 8 37 12 36 36 36 36 12 12 12 18 36 36 36 36 12 36 36 36 36 12 36 17 36 36 7 37 12 
bkenney1 12 37 12 37 12 37 12 12 37 12 12 37 12 12 12 12 18 22 1 32 12 12 12 12 37 12 37 12 12 37 12 12 
asimonet 12 12 12 12 37 12 12 
cdieckma 12 
mcoggins 12 37 12 12 12 12 12 12 12 12 37 12 37 12 
lblitzer 12 37 12 37 12 12 
jdelledo 12 8 36 36 17 36 12 37 12 3 37 12 37 12 37 12 37 12 
mmoore18 12 37 12 
mfreedlu 12 12 12 37 12 12 37 12 37 12 12 12 
ymikulja 12 8 37 12 37 12 37 12 37 12 37 12 37 12 37 12 
lbarret2 12 8 37 12 8 37 12 7 22 26 2 29 36 12 37 12 12 37 12 
eralph 12 12 36 36 36 36 36 12 37 12 37 12 37 12 12 12 37 12 37 12 37 12 
sroennec 12 8 36 36 36 36 36 12 12 24 37 12 
jmurph32 12 37 12 
cfrentze 12 8 37 12 37 12 37 12 37 12 37 12 37 12 37 12 
mnewcome 12 12 37 3 
jsitarsk 12 12 37 12 8 12 12 10 37 12 37 12 37 12 37 12 
tpreko 12 37 12 12 8 37 12 36 36 12 9 36 36 36 36 12 12 37 12 12 
mtreacy 12 37 12 37 12 
ccampb21 12 12 37 12 26 3 23 32 19 18 37 12 37 12 12 8 36 12 37 12 
rrivera8 12 37 12 37 12 37 12 37 12 
rblack4 12 37 12 36 36 12 8 36 36 12 37 12 12 12 37 12 12 37 12 
jwelsch 12 12 37 12 
jgately1 12 8 37 12 12 8 37 12 
gdean 12 12 17 37 12 37 12 
ewigutow 12 37 12 36 36 12 8 12 12 11 18 12 12 12 2 24 1 37 12 12 12 13 23 36 12 9 37 12 37 12 37 12 
dgibbon2 12 37 12 37 12 36 36 36 36 36 36 12 12 37 12 37 12 37 12 37 12 
mmoran12 12 37 12 37 12 37 12 37 12 37 12 37 12 
jwalte10 12 37 12 12 8 37 12 36 36 12 12 8 37 12 32 17 37 12 
jcarney6 12 37 12 19 11 0 10 30 24 28 37 12 12 5 37 12 36 36 36 36 32 17 37 12 36 36 18 36 36 36 12 12 12 36 36 36 36 36 12 36 36 12 12 12 
pmeyer3 12 8 36 36 17 32 9 25 36 20 37 32 26 2 3 22 37 12 37 12 36 36 36 36 12 12 12 8 37 12 37 12 
icallaha 12 8 37 12 37 12 37 30 10 28 36 12 12 9 36 36 22 36 36 12 
dtoth1 12 12 37 12 37 12 37 12 37 12 
kkostola 12 37 12 36 36 36 36 12 36 36 24 36 12 12 8 12 37 12 37 12 37 12 37 12 12 37 12 
dlee26 12 36 36 36 36 12 36 36 36 12 37 12 37 12 37 12 37 12 12 37 12 37 12 37 12 36 12 37 12 37 12 37 12 36 36 12 
yying 12 37 12 
swagy 12 37 12 12 8 36 36 36 12 37 12 37 12 
rroque1 12 37 12 8 22 4 10 30 37 12 37 12 37 12 37 12 
kdantoni 12 12 8 37 12 37 12 12 37 12 12 37 12 12 37 12 
wmohler 12 37 12 8 37 12 36 36 36 10 27 22 32 12 37 12 
lklein1 12 37 12 8 37 12 
jbecker9 12 18 17 33 30 32 11 1 37 12 37 13 36 12 37 12 37 12 37 12 12 37 12 
hrague 12 37 12 9 12 36 36 36 36 12 37 12 
cott 12 37 12 37 12 
mholzbau 12 37 12 37 12 37 12 37 12 37 12 
mhawkin3 12 30 10 22 12 8 
lharmon 12 37 12 12 8 36 36 12 32 16 37 12 12 12 18 37 12 9 12 12 37 12 
elazzaro 12 37 12 8 37 12 37 12 37 12 37 12 
tburley 12 37 12 36 36 36 36 36 12 8 37 12 37 12 37 12 37 12 
shenn 12 8 12 36 36 36 36 12 8 
jgomez5 12 12 12 37 12 
jfries3 12 8 12 17 36 11 37 12 12 37 12 37 12 36 36 36 12 37 12 37 12 
bniemoel 12 37 12 36 36 36 10 30 12 32 3 18 36 36 36 12 37 12 37 12 37 12 
mcontrer 12 37 12 
kriordan 12 37 12 37 12 37 12 37 12 37 12 
jmurph33 12 37 12 
dcorr1 12 37 12 12 36 36 36 36 12 12 36 36 36 36 36 36 12 37 12 12 37 12 8 36 36 36 12 37 12 37 12 
cemenalo 12 12 20 36 32 36 36 5 36 36 12 37 12 12 37 12 
yjung2 12 12 37 12 12 12 8 37 12 36 36 36 36 36 1 29 37 12 12 37 12 12 
rpappas 12 36 36 36 36 9 37 12 37 12 37 12 37 12 37 12 
mmerric1 12 12 37 12 36 36 36 36 12 37 12 37 12 37 12 36 36 36 36 36 36 12 37 12 36 36 36 12 37 12 37 12 
jbettag 12 37 12 
jbernin1 12 37 12 9 37 12 36 12 26 10 30 36 12 
hrivers 12 37 12 37 12 37 12 37 12 8 12 8 
gbruenin 12 37 12 12 37 12 28 36 12 37 12 37 12 
ddallava 12 8 37 12 12 37 12 
cgamboa 12 37 12 8 37 12 12 11 37 12 12 
nquartir 12 36 12 37 12 37 12 37 12 37 12 36 36 36 36 36 36 32 3 34 13 37 12 37 12 37 12 37 12 
lfaubion 12 12 5 12 12 8 12 37 12 37 12 37 12 37 12 
cwilso24 12 37 12 
aursino1 12 12 36 12 12 37 12 36 36 36 36 36 36 12 36 36 36 36 36 12 36 36 36 36 12 12 37 12 37 12 37 12 
msummer2 12 11 18 7 36 36 36 23 37 12 37 12 37 12 37 12 37 12 
kramm 12 36 36 12 15 12 12 12 32 12 12 12 36 36 15 22 29 37 12 36 36 36 12 37 12 
jchapple 12 37 12 12 12 12 37 12 8 37 12 37 12 37 12 
jbonds 12 8 37 12 8 37 12 37 12 37 12 37 12 
dbirzer 12 36 36 36 12 36 36 36 36 12 32 37 12 18 37 12 37 12 12 11 29 1 15 21 37 12 12 28 36 36 36 36 12 37 12 37 12 37 12 37 12 12 37 12 37 12 12 
cfish 12 8 36 36 36 36 12 37 12 8 37 12 
nholmes1 12 8 37 12 8 12 
ngiovino 12 12 8 9 36 36 12 37 12 8 36 12 12 36 36 36 12 12 37 12 37 12 
eherber1 12 37 12 18 12 22 29 36 12 26 28 36 36 12 37 12 12 9 37 12 37 12 
cgallag3 12 37 12 12 37 12 37 12 37 12 
mgerber 12 37 12 
jcolli23 12 8 12 37 12 8 37 12 
awalton3 12 12 12 12 8 12 37 12 12 36 36 12 8 36 36 36 33 36 36 36 36 12 26 33 36 8 37 12 12 37 12 37 12 37 12 
rpellica 12 37 12 37 12 
rmyers9 12 37 12 12 16 32 28 37 12 
mdillon7 12 8 37 12 36 36 32 37 18 11 25 0 37 12 8 36 36 36 36 12 8 12 31 18 25 0 36 36 36 36 36 3 
jdoerer 12 37 12 37 12 36 36 36 12 37 12 37 12 37 12 
gbiltz 12 37 12 37 12 
areaves 12 8 37 12 37 12 8 37 12 12 8 12 37 12 12 12 37 12 12 12 12 37 12 12 
aheck1 12 36 36 36 36 36 12 37 12 12 12 36 36 36 36 36 29 37 12 
ucooper 12 37 12 8 37 12 37 12 37 12 37 12 37 12 37 12 
tguinan 12 
rschill1 12 8 37 12 36 36 36 36 36 36 12 37 12 37 12 37 12 36 36 36 12 36 36 12 37 12 37 12 36 36 36 12 37 12 37 12 37 12 37 12 
mschlic1 12 8 8 12 12 36 36 36 36 36 36 12 12 12 37 12 
mperry6 12 37 12 12 36 15 13 37 12 37 12 
jfenton1 12 8 12 11 12 18 36 36 10 36 36 36 20 12 7 36 36 12 12 37 12 37 12 12 37 12 
csauder 12 37 12 37 12 12 
zkagalw1 12 8 36 36 12 12 8 1 18 23 11 37 12 12 
swilkin4 12 12 37 12 37 12 12 8 37 12 37 12 12 36 12 9 37 12 37 12 37 12 37 12 
imarx 12 37 12 36 36 12 12 12 8 36 36 36 12 19 6 37 8 21 12 37 12 12 17 37 12 37 12 37 12 
cschmid7 12 37 12 12 12 12 8 12 37 12 0 37 12 37 15 0 32 34 17 22 24 12 16 13 12 11 13 12 0 32 22 16 24 36 36 36 36 12 37 12 
awang4 12 12 8 37 12 36 36 36 12 23 37 12 37 12 37 12 12 12 36 36 36 32 12 12 12 12 29 30 12 12 22 
abenavi3 12 37 12 
sweyhmil 12 12 9 36 36 12 12 8 37 12 37 12 37 12 37 12 36 36 36 36 36 12 37 12 37 12 37 12 
sgenz 12 12 36 36 36 36 12 37 12 37 12 37 12 37 12 
mwu4 12 37 12 12 37 12 
jleporte 12 37 12 8 18 12 12 36 36 36 36 36 36 12 0 12 
adichris 12 12 4 10 32 0 15 37 17 12 
scrotty1 12 37 12 37 12 36 36 36 12 37 12 37 12 8 12 9 37 12 37 12 37 12 37 12 37 12 
pfarring 12 8 37 12 28 5 12 12 12 12 36 36 36 36 36 12 12 36 36 36 36 12 12 32 36 19 12 37 12 
pdesousa 12 37 12 37 12 12 37 12 8 37 12 12 12 37 12 37 12 37 12 37 12 
mkuehl 12 12 37 12 36 36 36 12 32 8 37 12 37 12 37 12 
lfitter 12 37 12 
kenriett 12 12 
hzahour 12 8 37 12 37 12 37 12 37 12 
emostyn 12 8 12 16 18 36 12 37 12 
athigpen 12 8 12 
amellert 12 37 12 36 36 36 36 12 8 37 12 37 12 37 12 37 12 
aandrade 12 37 12 37 12 37 12 
tdann 12 12 8 36 12 12 37 12 12 12 37 12 37 12 37 12 37 12 37 12 37 12 37 12 
sielusic 12 37 12 37 12 
mlicursi 12 12 37 12 32 37 12 9 36 36 36 36 36 36 12 36 36 20 36 36 36 12 37 12 37 12 
mdrake2 12 37 12 12 37 12 9 36 36 12 37 12 36 36 12 37 12 36 12 37 12 37 12 12 
lhe3 12 8 18 12 36 36 36 36 12 36 36 8 36 12 
inegroro 12 37 12 37 12 37 12 37 12 36 36 36 36 36 12 37 12 37 12 36 36 36 12 
afonash 12 12 8 12 37 12 12 12 12 28 24 5 36 36 12 8 23 12 12 37 12 12 
obarnard 12 
nbenz 12 12 8 37 12 12 37 12 8 36 36 12 36 36 18 37 12 37 12 
lhuang3 12 37 12 12 36 36 36 36 12 37 12 12 12 12 37 12 18 13 2 17 32 22 24 16 29 12 18 37 12 28 24 10 22 12 37 12 37 12 37 12 37 12 
jwessele 12 37 12 37 12 12 8 
jmastron 12 37 12 37 12 37 12 37 12 12 12 37 12 37 12 37 12 37 12 37 12 37 12 12 
dmarino 12 12 8 37 12 12 25 23 5 16 12 36 36 36 10 17 5 36 36 12 37 12 37 12 
cpickfor 12 12 37 12 18 12 11 12 12 26 12 32 17 36 22 37 12 36 36 26 12 37 12 37 12 37 12 
bmoasser 12 8 12 
apurcel1 12 8 36 12 12 37 12 37 12 
obaitlot 12 12 36 36 36 36 36 36 12 12 37 12 12 37 12 12 8 37 12 12 12 8 37 12 36 36 36 36 36 36 12 12 37 12 12 36 36 36 36 12 37 12 36 36 36 36 12 
kmollenk 12 8 37 12 37 12 
ccarlso2 12 37 12 12 8 37 12 36 36 32 36 36 3 34 
bmoreno1 12 36 36 36 36 12 8 37 12 12 12 36 10 4 30 25 12 37 12 37 12 36 1 36 36 36 12 8 37 12 37 12 
smanriqu 12 8 37 12 2 36 36 36 36 30 36 36 36 12 9 12 36 12 29 1 26 2 12 9 12 8 37 12 
mmillado 12 37 12 12 8 37 12 12 12 12 36 12 12 37 12 37 12 
mferrel2 12 37 12 12 8 36 24 30 37 12 
ldougla3 12 36 36 36 12 36 12 37 12 37 12 
jmcconn1 12 37 12 36 36 12 37 12 37 12 37 12 37 12 12 37 8 36 36 23 9 8 36 26 2 36 36 12 37 12 
ecahill 12 18 24 37 12 12 
dshaw4 12 37 12 37 12 
alucche1 12 8 37 12 8 37 12 12 
odonnel1 12 37 12 37 12 8 37 12 12 13 37 12 37 12 37 12 
mpirko 12 37 12 37 12 37 12 12 
mlyden1 7 11 37 12 12 12 37 12 37 12 
esalina1 27 37 12 8 37 12 
adiederi 12 8 37 12 12 37 12 32 28 0 37 12 36 36 36 12 18 17 24 23 5 11 12 37 12 
sholtz1 12 37 12 37 12 12 37 12 
sdann 12 
nhaymond 12 12 8 12 36 36 12 9 12 12 36 36 12 12 36 36 36 12 8 37 12 37 12 
kmuha 12 12 37 12 12 
kfeehan 12 12 37 12 36 36 36 36 36 36 12 36 36 36 36 36 10 30 36 36 36 36 36 29 20 37 12 36 36 36 12 37 12 37 12 12 
kalme 12 12 37 12 
ivaldess 12 36 36 36 12 37 12 36 36 36 36 36 12 8 9 12 37 12 
rboylan 12 8 37 12 3 37 12 29 37 12 37 12 37 12 
ncheng 12 37 12 9 36 12 8 37 12 
mgelchio 12 37 12 37 12 
jzelinsk 12 37 12 
jcuji 12 37 12 8 12 
dfabrega 8 36 36 12 12 37 12 37 12 37 12 36 36 12 36 12 37 12 37 12 37 12 12 36 36 36 36 36 36 12 
angov 12 8 37 12 37 12 36 36 36 36 36 12 37 12 37 12 37 12 
adunniga 12 37 12 37 12 37 12 37 12 37 12 37 12 
skolda 12 12 37 12 12 
scrippes 12 37 12 12 8 36 36 36 36 12 12 8 5 12 36 36 36 12 37 12 37 12 37 12 
mschutze 12 12 8 12 16 
mpavloff 12 8 37 12 29 20 2 37 12 37 12 37 12 
kmurray7 12 12 23 37 12 37 12 37 12 
jshard 12 8 37 12 36 36 36 36 36 36 12 9 
hthomps4 12 12 8 36 32 37 12 37 12 37 12 37 12 37 12 
ewood1 12 12 36 36 36 36 36 12 36 36 36 12 11 18 32 4 1 12 37 12 
estrouse 12 12 8 37 12 37 12 32 3 36 36 30 36 18 0 6 16 12 37 12 37 12 
sekanay1 12 8 36 12 12 36 36 36 36 36 12 37 12 37 12 12 25 12 8 36 36 36 12 36 36 36 12 12 37 12 32 37 12 12 33 36 36 12 37 12 37 12 12 8 
odegnim 12 37 12 37 12 37 12 
kcox5 12 12 37 12 12 8 36 36 36 18 22 6 3 12 37 12 12 
kborotho 12 37 12 37 12 37 12 
jbertram 12 37 12 12 36 36 36 12 
hbyrne 12 8 37 12 37 12 37 12 37 12 37 12 
ggulyas 12 25 16 37 5 23 
ekeuler 12 
egeyer1 12 8 37 12 12 8 36 36 36 36 36 12 37 12 37 12 8 37 12 
dlong2 12 37 12 37 12 8 37 12 12 8 36 36 36 36 12 12 36 36 36 12 36 36 36 36 36 12 37 12 12 37 12 37 12 
bpierpoi 12 12 11 36 36 1 37 12 36 36 36 36 12 37 12 37 12 
apavelka 12 37 12 37 12 37 12 
rbartle1 12 
nyusko1 12 36 36 36 36 12 8 12 12 37 12 12 37 12 37 12 37 12 
motten1 12 
mdambros 12 12 12 12 37 12 12 12 12 12 36 36 12 8 37 12 37 12 12 8 
kmountf1 12 12 8 37 12 36 36 36 36 36 12 1 37 13 36 12 37 12 
jeversol 12 8 37 12 37 12 37 12 
etorrent 12 36 36 10 36 30 28 22 32 8 
ereynol5 12 32 36 36 36 12 12 12 3 36 36 36 12 37 12 8 37 12 
epark5 12 37 12 37 12 
dpatel2 12 37 12 8 37 12 8 37 12 
cmoreno5 12 8 36 36 12 32 17 10 1 29 37 12 12 8 37 12 36 36 12 8 37 12 
bgawel 12 8 12 12 
bconlon 12 12 8 37 12 17 32 27 36 6 36 36 36 36 32 
apanousi 12 37 12 12 37 12 
tdasso 12 37 12 12 37 12 37 12 37 12 0 12 37 12 36 36 12 12 8 
smcmull1 12 8 37 12 12 36 12 12 12 8 37 12 12 37 12 36 36 36 36 36 12 36 36 36 36 12 37 12 
rwittmer 12 37 12 37 12 
rvazza 12 37 12 37 12 8 37 12 5 12 37 12 36 36 36 12 12 8 36 36 36 20 32 24 18 37 12 36 36 36 36 36 36 12 
nhong 12 32 28 17 36 36 36 32 13 12 37 12 37 12 
mrohling 12 8 36 12 12 37 12 
edebassi 12 37 12 12 12 36 36 36 12 12 36 36 36 36 36 36 12 8 12 
dsmith53 12 37 12 12 37 12 37 12 37 12 
cdowicz 12 8 12 16 12 36 36 36 36 12 8 
bnakfoor 12 12 12 8 12 25 37 12 32 28 17 32 16 36 29 37 12 15 22 9 12 37 12 
akhemani 12 12 8 37 12 12 8 9 37 12 
ahughes8 12 37 12 37 12 37 12 12 
tperey 12 8 37 12 19 36 36 36 12 37 12 12 12 12 37 12 37 12 
mmccor15 12 12 8 37 12 37 12 37 12 37 12 37 12 37 12 37 12 37 12 
mgray10 12 12 8 37 12 37 12 37 12 
mfraizer 12 37 12 37 12 37 12 37 12 37 12 
lherna11 12 0 2 33 10 23 26 33 3 12 32 37 12 37 12 37 12 
jmolumph 12 37 12 8 37 12 12 37 12 
hzweberl 12 15 19 20 17 28 36 36 22 37 12 28 20 22 19 37 12 8 
dserafin 12 12 37 12 12 37 12 8 36 36 36 12 26 
bpowell4 12 37 12 12 8 37 12 8 31 37 12 12 37 12 8 12 31 
mdownin1 12 8 36 12 32 36 36 36 36 12 37 12 8 36 26 37 12 37 12 
lduggan 12 37 12 37 12 20 1 15 36 36 36 10 37 12 37 12 37 12 12 37 12 37 12 36 36 36 36 36 12 36 36 36 36 36 12 37 12 37 12 37 12 36 36 36 36 36 36 12 
kmclaug3 12 8 37 12 32 36 32 36 23 36 36 8 12 9 3 18 23 5 36 36 12 8 12 37 12 
jplas 12 36 36 36 36 36 36 8 
dkim30 12 7 29 36 36 36 12 8 37 12 12 37 12 37 12 37 12 37 12 
cpantin 12 8 37 12 12 12 37 33 36 36 36 12 8 
cmyers11 12 11 36 36 12 37 12 18 7 36 0 3 37 12 12 36 36 36 36 17 36 4 16 10 37 8 37 12 36 36 12 12 12 
amora2 12 37 12 8 37 12 37 12 37 12 37 12 
xtsai 12 8 37 12 37 12 37 12 37 12 8 37 12 12 
wbaer 12 
nisakson 12 37 12 37 8 
lmcfadde 12 37 12 12 12 37 12 
kmurph44 12 12 8 37 12 37 12 
ibushue 12 8 37 12 36 36 36 12 
enichol4 12 8 36 36 36 36 12 12 12 8 15 13 
egroth 12 8 36 36 36 36 12 11 18 37 12 37 3 12 37 12 
aheinzma 12 12 12 8 37 12 
ahall2 12 37 12 37 12 37 12 
adecker1 12 8 37 12 36 36 36 36 36 12 12 8 36 36 36 12 36 36 36 12 37 12 17 32 36 36 36 36 36 22 36 36 36 36 12 12 
zwall 12 22 32 12 12 12 12 12 8 37 12 37 12 36 36 36 36 36 12 
smonaha1 12 12 8 
sdeschne 12 36 36 36 12 19 37 12 12 
mowen 12 37 12 
krochefo 12 12 8 37 12 12 8 36 36 12 12 37 12 37 12 
jholguin 12 12 37 12 12 37 12 
evandier 12 37 12 37 12 
eclapp 12 37 12 12 12 37 12 12 37 12 
awaldsch 12 37 12 37 12 37 12 
adevito1 12 37 12 36 36 12 37 12 
oivan 12 12 8 37 12 37 12 18 17 1 37 12 12 37 12 
mjorden 12 37 12 8 37 12 37 12 37 12 
ldorenko 12 37 12 8 37 12 36 36 36 12 37 12 3 37 12 37 12 
ktracey 12 37 12 37 12 36 36 29 37 12 22 16 
kbiladea 12 37 12 
jdraves 12 36 36 12 36 12 1 17 37 12 12 37 12 36 36 36 36 36 36 0 8 37 12 37 12 
etruesda 12 37 12 8 
emeara 12 37 12 12 29 32 8 22 37 12 37 12 
cnilsen 12 8 37 12 37 12 37 12 
bmurph24 12 37 12 8 36 12 12 12 12 8 12 18 17 17 34 37 12 
arabbitt 12 8 36 20 22 15 12 12 12 0 12 37 12 
wcheong 12 8 37 12 36 36 36 36 12 37 12 
kmoran11 12 12 37 12 0 37 12 12 8 31 37 12 12 12 18 11 36 36 36 36 36 36 12 
kgalla20 12 8 36 36 36 36 12 8 36 36 36 12 12 36 12 28 22 8 36 36 36 36 36 36 12 12 37 12 37 12 37 12 37 12 37 12 
kfranz1 12 12 8 36 36 12 37 12 
jsutton3 12 8 36 36 36 36 12 37 12 37 12 
japplew1 12 37 12 12 8 
imurrer 12 8 37 12 
fschemel 12 8 36 36 36 18 37 12 37 12 37 12 
fprimozi 12 37 12 12 37 12 
elinares 12 37 12 
cmulshin 12 37 12 37 12 37 12 36 36 36 36 36 36 12 37 12 
ccleary1 12 8 12 5 37 12 
abohling 12 37 12 37 12 37 12 37 12 37 12 
mscanish 12 12 8 36 30 37 12 37 12 
mkirven 12 36 36 12 37 12 8 37 12 12 37 12 37 12 
lkim3 12 37 12 8 37 12 
lgrabows 12 37 12 
lcaffar1 12 36 36 12 8 37 12 37 12 37 12 
jnowak4 12 37 12 37 12 36 36 0 36 36 36 12 37 12 37 12 
hcheng1 12 9 37 12 8 36 36 36 12 22 3 37 12 36 36 36 32 28 8 12 2 17 12 37 12 
bmerrick 12 12 12 25 29 37 12 3 1 37 12 12 37 12 37 12 
bgagnon 12 12 12 12 37 12 17 36 12 12 12 37 12 12 37 12 37 12 
rrocco 12 37 12 37 12 
rpuno 12 37 12 36 18 26 2 27 29 32 36 36 36 36 36 17 
lyan4 12 12 37 12 8 37 12 12 8 12 12 12 36 36 12 12 
kpresteg 12 12 37 12 
jbaines 12 12 8 37 12 12 8 37 12 37 12 
aromano2 12 8 37 12 37 12 36 36 36 36 12 
alongsta 12 37 12 8 36 36 11 18 32 28 30 27 4 1 0 37 12 15 
szachari 12 8 7 0 37 12 37 12 8 22 37 12 8 9 37 12 
spalumb1 12 37 12 37 12 
pcamara 12 12 37 12 37 12 37 12 12 37 12 37 12 
operez2 12 
ldomenel 12 12 
lcho 12 8 37 33 2 24 37 12 1 29 8 37 12 
jpaul2 12 37 12 37 12 37 12 
ischmitz 12 12 18 29 36 36 36 36 2 23 37 12 37 12 
eeagle 12 
dallen13 12 37 12 8 37 12 5 16 37 12 8 4 12 12 37 12 37 12 12 37 12 
cdenzel 12 8 37 12 
asowell 12 37 12 37 12 37 12 
yzou2 12 12 23 12 16 37 12 8 36 36 12 
speter14 12 37 12 
pmcmonag 17 34 32 24 7 37 12 37 12 20 37 12 37 12 
kpaulsen 12 8 36 36 36 36 12 37 12 8 37 12 37 12 2 0 
kjacoby1 12 8 37 12 37 12 36 36 36 12 37 12 36 36 36 36 36 12 12 32 18 36 36 12 37 12 
jruane 12 36 18 37 12 12 9 37 12 37 12 1 36 36 12 8 12 
jdodig 12 37 12 12 12 37 12 12 37 12 12 37 12 37 12 37 12 37 12 
gcramer1 12 8 36 36 12 0 17 32 36 36 36 36 36 12 12 1 37 12 12 8 37 12 12 12 12 37 12 
everhey 12 12 37 12 37 12 12 
esoller 12 8 36 36 36 36 36 36 12 12 31 9 33 36 36 36 36 36 12 36 36 12 37 12 36 36 36 36 36 36 12 12 8 36 36 12 37 12 37 12 
ckotseos 12 37 12 8 37 12 8 11 5 12 12 28 33 12 4 37 12 0 37 12 
asweet 12 8 36 12 8 37 12 37 12 37 12 12 37 12 
apaik 12 37 12 8 37 12 37 12 12 12 37 12 12 12 12 
amonroe1 12 12 37 12 37 12 37 12 12 
abulaoro 12 12 36 36 36 12 37 12 37 12 37 12 
thuber1 12 37 12 8 37 12 37 12 37 12 37 12 37 12 
phennes2 12 12 12 37 12 36 36 12 8 17 12 
msahd 12 37 12 37 12 
mcabrer1 12 36 36 12 36 36 36 28 27 37 12 
kkolleck 12 8 36 36 36 12 37 12 37 12 36 36 36 36 36 36 12 12 
kconrad2 12 37 12 37 12 37 12 
jgonnard 12 12 8 37 12 37 12 8 36 36 36 36 9 36 12 12 12 37 12 37 12 12 37 12 37 12 
hsarkey 12 8 37 12 37 12 37 12 12 
hholden 12 12 36 36 36 36 36 12 32 12 37 12 15 37 12 37 12 37 12 37 12 
epil 12 8 37 12 8 12 37 12 37 12 37 12 
awitte 12 37 12 8 37 12 37 12 12 17 5 37 12 12 12 
trogers6 12 37 12 8 37 8 36 36 36 36 36 11 37 12 32 36 36 29 36 36 36 36 12 12 12 12 8 
tfross 12 36 12 37 12 8 37 12 1 36 36 36 36 29 1 37 12 37 12 
taguirre 12 12 37 12 12 8 36 36 36 36 36 12 12 
kcockrel 12 37 12 12 37 12 
jphilli8 12 37 12 12 8 37 12 12 
eguenthe 12 37 12 12 37 12 12 12 37 12 12 
creid4 12 8 37 12 36 36 36 36 36 18 17 24 0 1 6 
carizama 12 37 12 37 12 37 12 37 12 
bbrunin1 12 37 12 37 12 8 
svukovit 12 37 12 37 12 
pyoung3 12 37 12 37 12 37 12 
msteph11 12 8 12 17 18 37 12 8 37 12 12 18 26 1 15 6 2 8 
mraster 12 37 12 36 12 18 32 36 24 12 36 12 2 
lbakke 12 12 8 37 12 12 8 32 
jzacher 12 5 
