dtorgers 12 37 12 12 37 12 12 12 37 12 12 37 12 37 12 12 12 12 12 36 36 12 12 12 12 37 12 12 12 37 12 12 9 12 12 12 37 12 12 12 37 12 12 36 12 12 12 12 
mdawson3 12 37 12 31 12 37 12 12 12 12 36 12 31 8 12 12 12 12 12 12 12 12 12 12 9 12 9 37 12 12 36 36 12 12 12 37 12 36 36 36 36 12 37 12 12 36 36 12 37 12 12 
cdavin1 12 36 36 12 36 36 36 36 12 12 12 12 12 25 12 37 12 25 37 12 12 12 12 12 36 36 36 12 36 36 36 12 37 12 12 36 36 36 36 12 12 37 12 25 12 37 12 12 12 37 12 37 12 37 12 37 12 
alebron1 12 12 25 18 37 12 12 12 36 36 12 37 12 37 12 31 37 12 37 12 37 12 37 12 12 31 12 37 12 37 12 31 36 12 36 36 36 36 36 12 36 36 36 36 25 18 31 12 12 36 36 12 12 12 37 12 37 12 36 36 36 12 36 36 36 36 12 37 12 31 29 1 25 36 36 12 37 12 37 12 37 12 36 36 36 36 36 12 36 36 36 36 36 36 12 29 25 1 
ccooper8 12 36 36 12 37 12 37 12 12 37 12 37 12 37 12 25 31 12 12 7 37 12 12 12 18 37 12 37 12 18 36 36 36 36 12 37 12 12 36 36 12 12 
nweindel 12 37 12 12 31 12 25 36 36 12 25 7 18 37 12 37 12 12 37 12 12 37 12 37 12 37 12 37 12 12 37 12 36 36 12 12 36 36 36 36 36 36 12 36 36 36 36 12 37 12 12 12 12 12 25 12 37 12 
ntownsen 12 37 12 37 12 12 37 12 37 12 
jberg2 12 37 12 37 12 37 12 37 12 37 12 37 12 12 12 31 12 12 29 0 12 1 37 12 37 12 37 12 
fhita 12 37 12 37 12 36 36 36 36 12 7 37 12 37 12 37 12 37 12 37 12 37 12 37 12 12 12 12 12 12 25 36 36 12 37 12 37 12 37 12 12 12 11 
mmcfarli 12 12 12 37 12 12 37 12 37 12 12 37 12 12 37 12 12 12 31 12 18 37 12 12 7 25 36 36 36 36 36 12 12 37 12 12 
mlengwin 12 37 12 36 36 36 36 12 37 12 37 12 37 12 36 36 36 36 36 12 31 12 12 36 36 36 36 12 37 12 37 12 12 
kwurl 12 37 12 37 12 37 12 37 12 12 31 12 7 18 25 36 12 
ccampb20 12 12 12 12 37 12 37 12 12 11 36 36 12 25 37 12 37 12 
pbrown10 12 12 37 12 12 37 12 37 12 
rdiejoma 12 36 36 12 37 12 37 12 31 12 18 7 25 
kkalisik 12 37 12 12 37 12 36 36 36 36 36 12 37 12 36 36 12 12 8 37 12 37 12 36 12 37 12 37 12 37 12 12 
drogers1 12 12 11 37 12 37 12 12 12 37 12 18 37 12 37 12 37 12 
cdelpila 12 37 12 12 12 13 37 12 37 12 
cbolivar 12 37 12 37 12 36 12 12 37 12 12 37 12 37 12 12 37 12 12 12 
muhlenbr 12 25 18 36 36 36 36 36 36 12 31 12 12 12 7 12 12 37 12 12 12 37 12 12 36 36 36 36 12 12 12 12 12 12 12 12 12 12 37 12 12 12 12 12 12 12 
msmith75 12 36 36 36 12 37 12 36 36 12 37 12 12 25 18 
pmcguir2 12 37 12 12 13 37 12 37 12 12 37 12 36 36 36 36 36 12 37 12 12 31 36 12 18 12 12 12 12 12 7 37 12 37 12 37 12 
jstaten 12 12 18 25 37 12 36 36 12 37 12 
mgirod 12 37 12 37 12 37 12 37 12 37 12 37 12 37 12 37 12 12 37 12 12 37 12 
mdonnel6 12 12 36 36 12 12 11 37 12 37 12 37 12 36 36 36 36 12 12 12 37 12 12 
zgartenh 12 37 12 37 12 37 12 37 12 37 12 37 12 12 18 7 36 25 37 12 37 12 37 12 37 12 
mfitzg14 12 12 25 37 12 37 12 12 37 12 12 12 
alabella 12 36 36 12 18 7 36 25 37 12 37 12 37 12 37 12 37 12 12 37 12 37 12 37 12 37 12 12 31 
mcomunie 12 37 12 37 12 37 12 37 12 12 37 12 12 37 12 12 25 12 
bferrer1 12 31 12 18 12 7 36 36 36 36 12 12 25 37 12 37 12 37 12 36 36 36 36 12 12 
pcataldi 12 37 12 37 12 37 12 12 11 13 37 12 12 13 11 18 12 25 36 12 12 36 36 12 37 12 12 37 12 36 12 
aohri 12 37 12 37 12 37 12 37 12 37 12 31 31 12 12 1 36 36 12 12 29 
pklekamp 12 37 12 37 12 37 12 
amccar10 12 12 31 12 7 25 37 12 12 36 36 36 12 12 12 18 37 12 12 37 12 12 37 12 12 7 12 18 25 12 12 
nwamble 12 12 12 12 37 12 12 37 12 37 12 37 12 37 12 37 12 37 12 
wwu5 12 37 12 37 12 37 12 12 37 12 12 
wsuter2 12 13 11 25 37 12 37 12 37 12 37 12 12 37 12 37 12 37 12 37 12 12 31 12 18 7 12 25 37 12 12 
thowe1 12 37 12 37 12 12 37 12 31 37 12 7 18 37 12 37 12 
madeniyi 12 25 37 12 36 36 12 36 36 36 36 36 12 37 12 37 12 
mmian 12 37 12 11 18 7 25 37 12 
jsoares 12 36 36 36 12 37 12 12 11 13 37 12 37 12 12 25 37 12 12 
jhouge 12 12 37 12 12 36 36 36 36 12 12 37 12 18 7 12 
slemaign 12 12 12 13 37 12 37 12 37 12 31 25 37 12 37 12 12 37 12 18 7 
ldamoose 12 12 12 37 12 37 12 18 25 36 36 12 37 12 12 37 12 37 12 12 31 12 25 29 37 12 1 36 36 36 12 
sburnbau 12 37 12 37 12 37 12 37 12 37 12 
nwarren 12 37 12 37 12 37 12 37 12 12 25 31 12 36 36 12 37 12 
bconnol3 12 37 12 12 37 12 25 12 12 31 37 12 12 37 12 37 12 31 12 12 18 7 25 37 12 
rheitkam 12 37 12 37 12 37 12 12 37 12 37 12 37 12 37 12 12 18 36 7 25 12 36 36 36 12 31 37 12 
jmullike 12 25 37 12 12 25 29 12 1 36 12 
chickey3 12 37 12 37 12 37 12 37 12 37 12 36 36 36 36 36 36 12 37 12 36 36 36 36 12 37 12 36 36 36 12 37 12 36 36 12 37 12 31 12 7 18 12 37 12 
athoma24 12 37 12 12 37 12 12 31 12 18 7 36 12 12 36 12 12 12 36 36 12 36 12 12 25 12 37 12 37 12 37 12 
rgensler 12 37 12 37 12 37 12 12 12 37 12 36 36 36 12 12 12 36 36 36 12 37 12 
kthornt4 12 36 36 36 36 12 37 12 12 37 12 18 7 12 25 
pvlandis 12 37 12 25 12 37 12 37 12 25 36 36 36 36 12 7 
mmizraji 12 37 12 25 37 12 37 12 7 12 25 
zpavlin 12 12 36 36 36 36 12 37 12 31 12 31 12 25 
ydeng3 12 12 36 15 21 20 19 6 37 12 37 32 37 12 36 12 17 37 12 37 12 37 12 12 31 37 12 37 12 32 12 34 22 28 
kfox8 12 37 12 12 25 37 12 12 37 12 37 12 12 37 12 37 12 12 31 12 18 7 36 36 12 
lsulli11 12 12 12 13 11 37 12 37 12 
jgorman6 12 37 12 37 12 37 12 37 12 37 12 37 12 
enunez 12 12 12 31 12 18 7 12 12 12 37 12 12 37 12 37 12 
mtardy 12 13 36 36 12 11 12 12 7 37 12 37 12 37 12 25 37 12 37 12 36 12 13 37 12 12 13 
jdirksen 12 37 12 12 13 11 25 36 36 12 25 
whornby 12 37 12 12 7 18 37 12 25 36 36 12 7 37 12 
jwade5 12 37 12 37 12 31 12 25 
mblatt1 12 36 36 36 36 12 18 7 12 36 36 36 12 37 12 37 12 37 12 12 37 12 36 36 36 29 1 12 
jowusuko 12 37 12 37 12 37 12 12 11 37 12 12 36 36 36 36 12 11 37 12 37 12 31 
jcorpora 12 37 12 37 12 31 7 37 12 37 12 37 12 37 12 37 12 25 37 12 
mmang 12 13 36 36 36 36 36 12 36 12 36 12 37 12 12 37 12 12 37 12 7 
aakatu 12 12 12 12 12 25 37 12 11 37 12 12 37 12 13 12 
waberger 12 12 12 37 12 37 12 25 37 12 
llombar2 12 12 37 12 7 25 
gkaiser 12 12 31 12 18 25 37 12 36 36 36 36 12 12 12 12 37 12 
koconn27 12 37 12 36 31 37 12 37 12 12 36 36 36 36 36 12 12 7 18 25 12 12 12 
aweishan 12 12 37 12 25 36 12 37 12 36 36 36 36 36 36 12 37 12 37 12 
mcaskey 12 12 18 36 36 12 37 12 37 12 37 12 12 37 12 12 29 12 1 37 12 12 29 12 25 
jguarino 12 12 37 12 37 12 
cseymou2 12 37 12 37 12 12 
dplagenz 12 13 25 11 
csasso 12 12 31 37 12 25 37 12 37 12 12 18 7 25 36 36 36 12 37 12 36 36 36 36 36 12 31 12 25 29 1 
amccar11 12 31 36 36 36 12 37 12 31 12 18 7 25 37 12 12 37 12 12 8 37 12 
yshi6 12 32 17 25 12 37 12 12 12 34 22 28 12 12 37 12 36 36 36 36 12 2 26 33 37 12 
tpillai 12 12 8 37 12 12 37 12 37 12 25 37 12 12 37 12 37 12 31 12 18 36 36 36 12 12 
minoue2 12 12 12 37 12 37 12 31 12 18 25 36 36 36 12 37 12 
jwinebre 12 31 7 25 
tanggara 12 37 12 12 11 12 18 12 25 37 12 37 12 
sgalbens 12 12 13 11 37 12 37 12 
jlazzara 12 37 12 31 7 25 12 37 12 36 36 12 12 25 37 12 37 12 12 12 12 
vruesch 12 12 11 25 12 18 12 18 37 12 31 7 12 
nniere 12 12 8 37 12 12 12 12 9 37 12 12 
ghong 12 13 11 25 37 12 37 12 37 12 37 12 18 31 7 36 12 12 25 
bhogan1 12 36 36 36 36 36 36 12 37 12 37 12 37 12 12 37 12 31 7 25 
wdu 12 12 37 12 12 25 19 36 36 20 6 37 12 32 17 37 12 37 12 37 12 25 22 28 34 37 12 37 12 12 2 26 33 
tmercier 12 37 12 25 12 13 11 12 37 12 
mball 12 36 12 12 12 12 37 12 12 12 12 37 12 12 12 37 12 12 12 13 36 11 12 12 25 12 
esunshi1 12 37 12 37 12 12 37 12 12 12 25 37 12 31 12 18 7 12 37 12 36 36 12 12 29 1 37 12 
eevans9 12 12 7 18 37 12 12 31 12 25 37 12 
bkenney1 12 12 7 12 18 31 
asimonet 12 12 13 37 12 37 12 37 12 36 36 12 37 12 12 31 18 25 37 12 25 7 
cdieckma 12 7 18 25 17 37 12 37 12 12 7 18 25 
mcoggins 12 11 25 18 12 12 37 12 7 37 12 37 12 
lblitzer 12 37 12 37 12 12 37 12 36 36 36 36 36 12 1 29 36 36 36 12 15 37 12 12 12 37 12 37 12 12 12 37 12 12 31 37 12 
jdelledo 12 25 13 37 12 25 
mmoore18 12 11 13 12 25 36 36 36 12 36 36 36 36 12 12 37 12 12 37 12 12 12 37 12 37 12 36 36 36 12 37 12 
mfreedlu 12 12 37 12 12 37 12 7 25 37 12 31 12 12 12 12 18 37 12 12 12 
ymikulja 12 12 11 25 18 37 12 12 12 36 36 12 12 36 12 
lbarret2 12 37 12 18 7 25 36 12 37 12 12 
eralph 12 12 12 18 7 37 12 12 37 12 37 12 36 36 12 12 
bhalliga 12 37 12 12 1 
sroennec 12 37 12 37 12 12 13 25 12 11 
jmurph32 12 13 12 12 12 12 25 37 12 36 36 36 12 11 37 12 12 12 31 36 36 36 36 12 18 36 12 7 25 36 36 12 
cfrentze 12 37 12 37 12 37 12 12 36 36 12 37 12 12 12 18 25 
mnewcome 12 25 12 12 37 12 12 37 12 29 36 36 36 1 36 36 36 12 
jsitarsk 12 36 36 12 37 12 12 36 36 36 36 12 7 18 25 37 12 
tpreko 12 37 12 12 11 37 12 37 12 31 
mtreacy 12 37 12 37 12 31 12 12 18 7 37 12 37 12 12 12 31 12 12 25 37 12 
ccampb21 12 37 12 12 12 37 12 12 12 37 12 31 12 12 7 12 37 12 36 36 36 36 36 12 
rrivera8 12 37 12 37 12 37 12 31 12 18 7 25 36 36 36 36 12 36 36 36 12 
rblack4 12 37 12 37 12 12 37 12 12 12 37 12 31 18 7 12 36 36 36 12 12 37 12 
jwelsch 12 18 7 31 12 37 12 37 12 
jgately1 12 37 12 36 36 7 
gdean 12 37 12 37 12 37 12 37 12 
ewigutow 12 37 12 12 7 37 12 13 37 12 37 12 
dgibbon2 12 12 37 12 37 12 37 12 
cmorton2 12 37 12 7 12 18 
mrooney6 12 12 31 25 
mmoran12 12 37 12 18 37 12 7 37 12 37 12 12 37 12 
jwalte10 12 37 12 37 12 37 12 37 12 31 12 12 37 12 12 31 12 18 7 25 
jcarney6 12 12 13 11 37 12 25 13 12 12 25 37 12 37 12 37 12 12 
pmeyer3 12 25 11 36 36 36 13 37 12 37 12 
icallaha 12 12 37 12 37 12 12 37 12 31 18 25 37 12 31 12 18 7 25 36 36 36 36 36 12 12 37 12 
dtoth1 12 37 12 37 12 37 12 36 36 36 12 37 12 36 36 36 36 36 36 12 12 31 12 12 7 25 37 12 37 12 12 18 25 37 12 
kkostola 12 25 
dlee26 12 12 12 31 36 36 12 12 25 12 36 36 12 12 
yying 12 13 11 12 12 37 12 37 12 37 12 
swagy 12 37 12 12 12 18 7 25 37 12 36 36 36 12 12 37 12 
rroque1 12 11 12 13 12 37 12 12 12 12 12 37 12 37 12 37 12 18 36 12 18 37 12 37 12 
kdantoni 12 25 13 37 12 37 12 12 7 31 12 25 
wmohler 12 13 11 12 25 37 12 37 12 31 12 12 7 37 12 12 
lklein1 12 37 12 12 37 12 37 12 37 12 12 37 12 
jbecker9 12 13 11 37 12 12 12 37 12 12 12 12 37 12 
hrague 12 37 12 37 12 12 25 31 12 18 37 12 
cott 12 13 11 12 25 36 36 12 37 12 12 
mholzbau 12 9 8 31 12 25 18 7 36 36 36 36 12 1 29 36 25 12 15 0 21 36 36 12 19 20 6 36 32 17 9 37 12 12 
mhawkin3 12 37 12 11 13 25 36 36 36 12 11 36 36 36 36 36 12 31 36 36 36 12 
lharmon 12 12 37 12 37 12 37 12 12 37 12 12 
elazzaro 12 37 12 37 12 37 12 12 31 36 36 12 18 7 25 37 12 
tburley 12 37 12 37 12 37 12 37 12 25 12 36 36 36 29 12 12 1 1 
shenn 12 7 37 12 37 12 12 12 37 12 12 12 12 12 18 25 7 37 12 
jgomez5 12 12 31 12 37 12 12 37 12 12 12 29 1 36 36 12 
jfries3 12 12 12 31 18 7 37 12 25 36 36 12 
bniemoel 12 37 12 7 25 37 12 37 12 12 31 12 18 25 37 12 25 18 37 12 
mcontrer 12 36 36 12 11 25 37 12 36 36 12 13 36 36 36 36 12 11 18 
kriordan 12 12 37 12 37 12 12 7 18 31 36 12 12 12 12 37 12 37 12 12 12 31 12 
jmurph33 12 25 11 13 12 
dcorr1 12 37 12 11 13 36 36 12 12 37 12 37 12 37 12 
cemenalo 12 12 37 12 37 12 37 12 13 11 25 36 36 36 36 12 37 12 37 12 
yjung2 12 25 12 37 12 11 13 12 12 37 12 12 12 37 12 12 12 
rpappas 12 37 12 12 37 12 31 12 18 37 12 
mmerric1 12 37 12 36 36 12 7 12 18 36 36 12 
mdosch 12 13 11 25 37 12 12 36 36 12 37 12 31 18 7 25 12 12 37 12 
jbettag 12 12 18 7 36 36 12 12 12 17 25 37 12 37 12 12 37 12 12 29 1 36 15 0 21 12 9 17 32 37 12 12 20 6 19 37 12 9 8 37 12 
jbernin1 12 37 12 7 18 12 31 12 37 12 37 12 37 12 12 
hrivers 12 25 37 12 37 12 9 37 12 18 12 37 12 37 12 
gbruenin 12 18 7 31 37 12 37 12 31 12 1 29 
ddallava 12 12 25 36 36 36 36 36 12 37 12 12 12 12 12 37 12 25 1 
cgamboa 12 12 31 37 12 25 12 18 
nquartir 12 12 7 37 12 36 25 12 31 
lfaubion 12 13 25 11 
cwilso24 12 25 13 12 
aursino1 12 37 12 12 37 12 37 12 37 12 18 37 12 37 12 37 12 
msummer2 12 31 12 12 12 18 7 36 36 36 12 12 37 12 37 12 37 12 31 12 37 12 
kramm 12 25 37 12 37 12 11 25 12 36 36 36 36 13 
jchapple 12 25 11 37 12 12 12 37 12 13 36 36 36 36 11 25 37 12 
jbonds 12 37 12 25 18 31 12 37 12 7 18 36 36 25 
dbirzer 12 
cfish 12 37 12 11 12 11 12 11 37 12 37 12 13 18 11 25 36 36 36 36 12 37 12 12 31 1 29 0 20 
nholmes1 12 25 18 36 12 25 37 12 
ngiovino 12 12 12 18 25 7 36 36 12 
eherber1 12 36 36 12 12 18 7 36 36 12 
cgallag3 12 37 12 31 18 7 12 25 37 12 
tzheng2 12 12 12 31 12 36 12 7 18 
mgerber 12 37 12 37 12 0 21 
jcolli23 12 37 12 37 12 25 37 12 
awalton3 12 25 13 37 12 37 12 37 12 25 13 
vwhitmor 12 37 12 37 12 36 36 36 36 31 12 12 18 7 25 36 36 36 12 
rpellica 12 25 36 36 36 36 36 13 37 12 
rmyers9 12 37 12 11 25 37 12 
mdillon7 12 37 12 12 12 37 12 31 36 36 12 12 12 12 18 25 37 12 37 12 12 
jdoerer 12 37 12 36 36 36 36 36 12 12 13 37 12 
gbiltz 12 37 12 37 12 37 12 37 12 
areaves 12 36 36 12 12 11 13 37 12 37 12 12 36 36 36 12 
aheck1 12 37 12 31 37 12 12 18 7 25 36 36 36 12 37 12 37 12 37 12 12 37 12 
ucooper 12 25 36 36 36 12 13 37 12 
tguinan 12 37 12 13 11 37 12 36 36 36 36 36 36 12 37 12 37 12 36 36 36 36 36 12 
rschill1 12 37 12 13 37 12 12 16 12 12 37 12 37 12 37 12 7 
mschlic1 12 36 12 37 12 36 36 36 12 12 12 11 37 12 13 37 11 37 12 37 12 
jfenton1 12 
csauder 12 12 25 37 12 37 12 
alowney 12 36 36 36 36 36 36 12 31 12 18 7 12 25 12 
zkagalw1 12 18 37 12 37 12 
swilkin4 12 12 37 12 12 37 12 12 25 12 12 12 31 12 7 37 12 12 25 
imarx 12 12 37 12 25 37 12 12 37 12 37 12 
cschmid7 12 13 11 
awang4 12 36 12 13 
abenavi3 12 37 12 37 12 12 37 12 13 25 37 12 37 12 37 12 
sweyhmil 12 37 12 
sgenz 12 25 37 12 36 36 36 36 12 13 12 36 12 37 12 
mwu4 12 37 12 37 12 37 12 37 12 
jleporte 12 13 11 25 12 12 37 12 37 12 31 36 36 36 12 7 25 36 36 36 18 36 36 36 12 
adichris 12 12 31 12 7 37 12 37 12 12 18 25 36 12 18 25 7 37 12 12 31 12 
scrotty1 12 13 11 12 
pdesousa 12 37 12 12 11 36 36 13 37 12 
mkuehl 12 37 12 37 12 12 37 12 12 31 12 29 1 12 
lfitter 12 37 12 12 31 12 18 7 37 12 37 12 37 12 
kenriett 12 
jruan 12 7 25 12 37 12 37 12 
hzahour 12 12 12 36 36 12 12 37 12 
emostyn 12 37 12 31 12 18 37 12 7 25 
edohert1 12 31 37 12 37 12 37 12 31 37 12 
athigpen 12 13 11 37 12 36 36 36 12 12 37 12 12 37 12 
amellert 12 25 12 12 11 12 13 37 12 12 37 12 
aandrade 12 31 18 7 
tdann 12 12 12 37 12 37 12 37 12 37 12 7 
sielusic 12 12 37 12 7 31 18 
mlicursi 12 37 12 25 18 
mdrake2 12 25 37 12 
lhe3 12 25 13 37 12 12 37 12 12 
inegroro 12 37 12 37 12 37 12 12 31 12 7 25 
afonash 12 12 12 12 13 37 12 37 12 37 12 7 18 36 36 12 
obarnard 12 37 12 
nbenz 12 25 36 11 13 12 13 
lhuang3 12 31 18 7 37 12 
jwessele 12 12 13 11 12 25 37 12 
jmastron 12 31 12 12 12 12 12 31 12 7 12 12 25 36 36 12 
cpickfor 12 25 36 36 12 13 
bmoasser 12 12 13 37 12 12 12 36 36 36 36 36 36 12 25 37 12 31 25 36 36 12 12 37 12 12 25 
apurcel1 12 37 12 
obaitlot 12 37 12 31 12 37 12 37 12 37 12 12 
kmollenk 12 12 18 7 
ccarlso2 12 31 12 12 37 12 37 12 25 29 1 36 36 12 31 12 
bmoreno1 12 12 12 13 37 12 
smanriqu 12 37 12 12 25 37 12 31 12 12 18 7 
mmillado 12 37 12 36 36 36 12 36 36 36 12 36 36 36 12 37 12 12 36 36 36 12 37 12 37 12 37 12 37 12 37 12 12 37 12 31 12 25 37 12 18 25 36 36 36 12 
mferrel2 12 12 7 18 37 12 12 31 12 37 12 12 31 12 29 1 12 
ldougla3 12 12 37 12 
jmcconn1 12 37 12 37 12 36 36 12 31 12 18 12 36 36 36 7 
ecahill 12 37 12 12 29 37 12 1 37 12 31 12 1 37 12 
dshaw4 12 37 12 12 25 7 31 12 18 25 37 18 37 12 
alucche1 12 12 25 36 36 12 11 12 12 12 12 12 12 36 36 13 12 37 12 37 12 37 12 25 
odonnel1 12 37 12 37 12 12 37 12 37 12 7 31 12 
mpirko 12 12 25 13 12 37 12 12 7 25 12 37 12 
mlyden1 12 37 12 12 36 36 36 36 36 12 31 25 12 36 18 12 12 37 12 
mdekold 12 
eschnaut 12 31 12 12 12 12 18 37 12 12 12 37 12 
esalina1 12 12 31 18 7 25 12 37 12 18 7 25 12 18 
adiederi 12 7 18 25 
sholtz1 12 25 12 11 25 36 12 13 
sdann 12 37 12 37 12 12 12 7 18 25 37 12 25 
pkolek 12 37 12 25 7 12 31 12 18 37 12 36 36 12 
nhaymond 12 37 12 37 12 36 36 12 18 36 36 36 36 12 37 12 18 7 12 36 36 36 36 36 12 25 
kmuha 12 12 31 12 18 7 36 25 
kfeehan 12 37 12 31 18 12 
kalme 12 31 12 37 12 37 12 
ivaldess 12 13 11 12 25 36 36 12 12 12 37 12 18 31 12 25 
esmith30 12 7 12 31 37 12 18 12 12 37 12 37 12 12 37 12 12 15 1 12 
ctoudouz 12 37 12 37 12 31 12 12 7 18 25 36 36 36 12 36 36 36 12 37 12 37 12 37 12 
sreddy4 12 37 12 18 7 25 31 
rboylan 12 13 11 25 37 12 
ncheng 12 36 36 36 36 12 11 25 13 37 12 12 13 11 37 12 12 25 37 12 12 
mgelchio 12 37 12 37 12 37 12 12 37 12 36 12 37 12 12 31 36 36 36 36 12 37 12 
jzelinsk 12 37 12 25 18 37 12 12 31 12 12 12 37 12 
jcuji 12 12 7 37 12 37 12 37 12 
gworthin 12 12 25 11 37 12 7 18 12 25 37 12 
dfabrega 12 11 13 37 12 37 12 37 12 31 12 18 7 12 25 
angov 12 37 12 37 12 12 25 
adunniga 12 37 12 37 12 36 36 36 12 37 12 12 25 37 12 13 37 12 13 12 31 36 12 
skolda 12 37 12 25 18 7 12 12 12 
scrippes 12 36 36 36 12 13 12 12 37 12 37 12 
mschutze 12 12 25 13 11 37 12 25 7 36 12 12 12 
mpavloff 12 12 37 12 12 12 37 12 37 12 37 12 36 12 31 18 12 7 
losecco 12 12 12 12 37 12 18 36 36 36 36 7 12 
lnixon1 12 12 13 11 36 36 12 18 12 25 37 12 
kmurray7 12 7 25 18 37 12 12 31 37 12 
jshard 12 37 12 12 31 12 25 12 18 36 36 36 12 
hthomps4 12 37 12 37 12 37 12 31 37 12 12 31 12 18 37 12 
ewood1 12 37 12 18 7 36 12 37 12 
estrouse 12 12 37 12 31 37 12 12 18 7 25 25 37 12 
sekanay1 12 25 37 12 13 11 25 37 12 31 7 12 25 18 18 
odegnim 12 25 36 36 36 36 36 13 37 12 37 12 37 12 37 12 37 12 
kcox5 12 
kborotho 12 36 36 36 36 13 36 36 36 36 36 36 12 37 12 12 12 37 12 37 12 37 12 
jbertram 12 37 12 18 7 31 12 25 
hbyrne 12 31 37 12 31 12 18 7 25 
ggulyas 12 36 36 36 12 37 12 36 36 36 36 36 12 36 36 36 36 36 36 12 31 12 7 18 36 12 12 37 12 37 12 
ekeuler 12 37 12 36 12 12 
egeyer1 12 37 12 
dlong2 12 25 36 36 36 36 36 36 12 
bpierpoi 12 
apavelka 12 37 12 7 37 12 18 37 12 37 12 
rbartle1 12 37 12 7 18 37 12 
nyusko1 12 13 37 12 37 12 
motten1 12 25 18 37 12 
molsen3 12 12 12 37 12 37 12 12 31 7 18 37 12 12 25 
mdambros 12 36 36 36 12 13 12 11 12 36 36 36 36 36 36 12 12 37 12 7 31 12 37 12 18 12 
kmountf1 12 12 37 12 37 12 18 31 36 12 37 12 
jeversol 12 31 12 7 25 
etorrent 12 12 37 12 37 12 37 12 37 12 31 12 7 37 12 12 
ereynol5 12 11 13 25 37 12 37 12 37 12 12 
epark5 12 18 25 37 12 25 37 12 37 12 
dpatel2 12 12 37 12 37 12 
cmoreno5 12 36 36 36 36 36 12 11 13 25 37 12 25 37 12 12 
bgawel 12 12 25 31 12 12 18 7 37 12 12 31 12 37 12 37 12 
bconlon 12 37 12 7 25 36 36 12 12 25 
apanousi 12 12 12 37 12 37 12 37 12 
tngochi 12 7 18 25 31 37 12 36 36 36 36 36 36 12 
tdasso 12 25 13 
smcmull1 12 37 12 37 12 37 12 37 12 12 25 1 37 12 
rwittmer 12 37 12 37 12 12 12 31 12 12 12 37 12 36 36 36 12 31 18 
rvazza 12 12 37 12 12 36 36 36 36 36 18 7 
nhong 12 37 12 12 
mrohling 12 37 12 37 12 37 12 
edebassi 12 12 12 12 25 37 12 37 12 18 7 
dsmith53 12 37 12 13 11 36 12 
cdowicz 12 36 36 36 12 37 12 25 12 
bnakfoor 12 12 25 11 12 13 37 12 
akhemani 12 12 11 13 25 37 12 37 12 12 12 18 36 36 12 31 12 
ahughes8 12 11 36 36 36 12 13 12 12 37 12 31 12 12 37 12 18 7 36 12 
tperey 12 31 12 7 37 12 18 36 36 12 37 12 12 
pbetz 12 12 25 11 13 12 25 37 12 11 12 12 25 12 37 12 37 12 12 13 12 37 12 37 12 
mmccor15 12 37 12 
mgray10 12 13 11 
mfraizer 12 37 12 37 12 
lherna11 12 31 12 12 18 7 37 12 37 12 31 12 18 25 36 36 36 12 1 
jmolumph 12 37 12 36 12 31 12 12 12 18 7 
hzweberl 12 25 37 12 25 36 36 36 31 36 36 36 36 12 25 36 12 37 12 
dserafin 12 25 13 
bpowell4 12 37 12 12 31 18 7 12 12 
mdownin1 12 37 12 25 13 37 12 37 12 12 25 
lduggan 12 25 37 12 25 12 12 13 
kmclaug3 12 12 31 12 12 18 37 12 37 12 7 12 37 12 12 
kbulleit 12 36 36 36 12 25 37 12 12 13 36 12 37 12 25 31 12 12 18 36 36 7 12 12 
jplas 12 37 12 0 36 36 25 6 20 37 12 19 37 12 12 37 12 37 12 
jbrown36 12 18 
dkim30 12 12 37 12 37 12 12 18 7 12 12 
cpantin 12 12 11 25 12 37 13 12 
amora2 12 37 12 12 12 18 7 37 12 36 36 36 36 12 25 36 36 36 36 12 37 12 
adrisco2 12 12 31 12 1 25 29 
xtsai 12 12 36 36 36 36 12 12 11 12 12 12 37 12 25 13 36 12 12 37 12 
wbaer 12 13 11 37 12 36 36 36 12 37 12 37 12 31 
nisakson 12 12 
lmcfadde 12 36 36 12 37 12 37 12 12 25 36 12 37 12 36 36 36 36 36 12 25 
kmurph44 12 18 7 25 37 12 12 12 25 37 12 12 
ibushue 12 12 12 12 25 36 36 11 13 37 12 12 37 12 11 37 12 12 37 12 7 25 18 
enichol4 12 18 7 31 12 25 36 36 36 36 36 12 37 12 37 12 25 29 1 
egroth 12 12 37 25 31 36 36 12 18 7 36 36 36 12 
aheinzma 12 13 11 25 12 37 12 37 12 12 12 37 12 12 31 
ahall2 12 12 12 12 13 25 12 11 12 18 12 
adecker1 12 25 7 36 36 31 
aameen 12 7 18 25 37 12 31 12 
zwall 12 
smonaha1 12 36 36 1 37 29 36 12 37 12 37 12 25 0 37 12 37 12 12 31 
sdeschne 12 11 13 25 36 12 36 12 37 12 11 
mowen 12 12 37 12 36 36 36 36 12 37 12 31 12 12 18 7 37 12 12 
lwatts1 12 37 12 31 12 7 12 18 
krochefo 12 37 12 37 12 37 12 
jholguin 12 37 12 18 36 36 13 37 12 37 12 
gniforat 12 37 12 36 36 36 36 36 36 12 12 13 11 12 37 12 37 12 
evandier 12 37 12 37 12 37 12 12 15 25 0 21 
eclapp 12 37 12 12 12 37 12 37 12 
awaldsch 12 37 12 25 11 13 
adevito1 12 12 12 37 12 37 12 12 37 12 
tsilva1 12 31 12 18 7 25 
oivan 12 
mmarti45 12 31 12 37 12 18 7 25 37 12 25 
mjorden 12 18 12 12 31 25 37 12 12 
ldorenko 12 37 12 13 25 37 12 11 
ktracey 12 25 36 12 13 11 12 37 12 
krothmey 12 37 12 7 
kbiladea 12 12 31 12 12 18 7 12 12 12 37 12 25 37 12 12 37 12 37 12 12 31 12 37 12 12 1 29 36 36 36 36 36 12 29 1 
jweas 12 12 37 12 12 31 12 7 18 12 12 25 36 12 12 12 37 12 
jgoldsch 12 13 25 12 
jdraves 12 37 12 25 37 12 11 13 36 36 12 37 12 
gotte1 12 37 12 37 12 37 12 37 12 12 29 1 
etruesda 12 31 12 37 12 18 7 25 31 29 1 37 12 12 37 12 15 0 21 
emeara 12 12 37 25 37 12 29 1 
cnilsen 12 13 11 12 25 12 36 36 12 37 12 7 25 18 37 12 12 25 
bmurph24 12 31 12 12 25 
azammit 7 37 12 37 12 12 1 36 36 36 36 29 0 21 15 37 12 19 20 6 36 36 36 36 32 17 36 34 22 28 2 33 26 36 36 36 36 12 12 10 30 
arabbitt 12 25 36 12 13 
wcheong 12 31 37 12 37 12 37 12 
kmoran11 12 37 12 18 7 12 
kgalla21 12 37 12 31 12 12 18 7 12 25 37 12 12 37 12 
kgalla20 12 37 12 
kfranz1 12 12 13 11 25 36 36 36 36 12 36 25 37 12 12 1 36 36 36 36 12 37 12 
jsutton3 12 37 12 31 37 12 12 12 11 37 12 
jhegart2 12 37 12 37 12 
japplew1 12 37 12 37 12 37 12 37 12 
imurrer 12 25 12 12 37 12 
fschemel 12 12 12 25 37 12 37 12 25 36 13 37 12 37 12 37 12 12 18 31 12 7 25 12 12 
fprimozi 12 37 12 
elinares 12 12 36 36 36 36 36 12 12 12 25 12 13 13 11 37 12 12 
cmulshin 12 37 12 37 12 31 12 7 25 37 12 18 12 12 
cmagnuss 12 37 12 7 12 31 12 18 
ccleary1 12 37 12 25 12 18 7 37 12 36 12 
abohling 12 37 12 37 12 18 7 25 37 12 29 1 25 37 12 
mscanish 12 37 12 12 31 12 7 18 
mkirven 12 25 36 12 13 37 12 
lkim3 12 12 36 36 12 37 12 
lgrabows 12 12 37 12 
lcaffar1 12 31 12 12 7 18 25 37 12 37 12 12 37 12 37 12 
kliang2 12 12 31 12 12 12 7 25 18 37 12 25 
jnowak4 12 18 7 37 12 
hcheng1 12 18 7 25 
bmerrick 12 37 12 37 12 12 31 
bgagnon 12 13 11 25 12 13 37 12 
tmansell 12 12 31 12 18 25 37 12 25 12 37 12 37 12 
rrocco 12 13 37 12 37 12 
rpuno 12 37 12 37 12 12 18 31 36 36 36 36 12 7 12 25 12 36 12 
lyan4 12 31 7 18 37 12 37 12 12 25 
kpresteg 12 37 12 31 12 18 37 12 
jbaines 12 13 12 12 37 12 37 12 12 25 36 36 36 36 36 12 12 25 
blemay 12 37 12 37 12 36 36 36 36 36 36 7 25 18 
aromano2 12 12 13 11 25 
alongsta 12 31 18 7 25 37 12 
szachari 12 25 36 36 12 31 
spalumb1 12 37 12 25 37 12 31 12 18 7 25 
pcamara 12 31 36 36 12 12 37 12 
operez2 12 37 12 37 12 37 12 37 12 37 12 25 7 18 36 36 31 12 
nvincent 12 12 12 37 12 13 11 25 13 
lgelin 12 18 36 25 37 12 25 37 12 29 36 12 1 
ldomenel 12 12 12 13 12 
lcho 12 25 18 7 12 36 36 36 36 36 12 37 12 
jpaul2 12 25 36 36 36 17 37 12 37 12 9 12 
ischmitz 12 13 11 36 36 12 37 12 12 37 12 12 
egorman5 12 25 31 12 12 7 
eeagle 12 37 12 36 12 29 1 37 12 
dallen13 12 37 12 37 12 12 7 37 12 37 12 36 36 12 37 12 12 
cdenzel 12 37 13 37 12 31 36 12 25 18 
asowell 12 12 37 12 12 31 12 18 7 12 7 
yzou2 12 37 12 37 12 
speter14 12 12 31 12 12 7 37 12 18 7 36 36 12 37 12 37 12 37 12 
pmcmonag 12 12 
kpaulsen 12 13 12 25 
kjacoby1 12 37 12 18 
jruane 12 12 25 13 36 11 12 
jdodig 12 37 12 37 12 37 12 37 12 37 12 12 
gcramer1 12 
everhey 12 37 12 25 36 36 36 12 31 36 36 12 
esoller 12 13 12 25 11 36 12 37 12 18 
egorman6 12 12 37 12 12 13 37 12 
ckotseos 12 13 11 12 
cganley 12 25 37 12 36 12 11 13 25 36 12 
bfraser 12 12 25 18 37 12 37 12 
asweet 12 
apaik 12 36 12 12 
amonroe1 14 37 12 12 
abulaoro 12 37 12 25 18 37 12 18 25 
thuber1 12 25 36 36 36 13 12 37 12 37 12 
sincera 12 7 31 36 36 36 36 36 36 12 12 18 25 12 37 12 
phennes2 12 25 12 13 37 12 37 12 7 25 12 37 12 
msahd 12 37 12 36 12 37 12 18 37 12 7 31 
mcabrer1 12 36 36 36 12 37 12 12 12 25 13 37 12 11 13 12 
kkolleck 12 31 12 12 12 18 7 
kconrad2 12 36 36 12 37 12 12 12 12 36 12 37 12 36 36 36 12 37 12 17 36 36 12 12 
jreeg 12 13 37 12 
hsarkey 12 37 12 12 18 7 12 
hholden 12 37 12 37 12 25 18 37 12 31 12 7 25 18 
epil 12 31 18 25 12 7 12 37 12 
awitte 12 12 12 37 12 13 12 37 12 36 36 36 36 12 37 12 37 12 37 12 31 12 12 25 25 37 12 
trogers6 12 18 7 36 25 12 
tfross 12 13 11 25 37 12 
taguirre 12 12 36 36 36 36 12 13 11 25 12 37 12 
sbindel 12 25 12 13 37 12 
rmaqbool 12 12 12 12 12 13 37 12 9 37 12 12 18 12 
kcockrel 12 12 37 12 12 37 12 31 12 25 7 18 
jphilli8 12 36 12 37 12 13 11 
jmarino6 12 25 12 11 12 13 
eguenthe 12 12 18 7 37 12 7 25 12 
ecaradon 12 12 31 12 12 18 
creid4 12 37 12 18 7 25 36 36 36 36 36 36 12 25 12 31 12 37 12 
carizama 12 25 37 12 37 12 25 29 37 12 
bbrunin1 12 11 13 25 37 31 18 37 12 
anataraj 12 13 36 36 36 12 11 37 12 37 12 
svukovit 12 18 36 36 12 
pyoung3 12 11 37 12 37 12 
msteph11 12 18 7 31 12 25 37 12 12 18 
mraster 12 13 11 
lbognar1 12 31 7 18 
lbakke 12 37 12 37 12 
jzacher 12 37 12 12 37 12 31 12 7 18 36 25 36 36 36 36 36 12 
