dtorgers 12 12 37 12 12 12 36 36 12 37 12 12 12 36 36 36 12 37 12 12 12 36 36 36 12 12 37 12 12 36 36 36 12 12 37 12 12 12 37 12 12 37 12 12 37 12 12 
mdawson3 12 12 37 12 24 12 36 36 36 12 12 12 12 37 12 37 12 
cdavin1 12 12 25 33 37 12 37 12 2 25 26 36 36 36 36 36 36 12 33 37 12 37 12 12 25 37 12 
alebron1 12 37 12 
ccooper8 12 37 12 37 12 37 12 37 12 37 12 12 25 37 12 36 36 36 36 12 36 36 36 12 12 12 37 12 12 12 3 24 27 
nweindel 12 37 12 37 12 12 8 37 12 12 25 36 36 36 3 24 27 36 36 36 12 12 37 12 
ntownsen 12 37 12 12 37 12 12 37 12 12 12 
jberg2 12 12 37 12 37 12 8 37 12 12 36 36 36 12 37 12 12 37 12 12 36 36 36 36 12 12 12 12 37 12 12 37 12 37 12 37 12 
fhita 12 37 12 37 12 37 12 37 12 37 12 37 12 37 12 36 36 36 36 12 37 12 37 12 12 
mmcfarli 12 12 37 12 12 37 12 12 37 12 12 12 36 36 12 25 12 12 
mlengwin 12 37 12 3 24 27 37 12 27 3 24 36 36 12 12 12 12 10 30 4 
kwurl 12 12 8 37 12 37 12 37 12 12 37 12 37 12 37 12 25 8 37 12 12 
ccampb20 12 12 36 36 36 12 2 26 33 25 37 12 33 
pbrown10 12 12 33 12 2 12 26 37 12 37 12 12 37 12 
rdiejoma 12 36 12 37 12 12 12 37 12 37 12 37 12 37 12 
kkalisik 12 37 12 37 12 12 37 12 12 2 26 37 12 36 36 12 33 37 12 12 12 37 12 12 12 
drogers1 12 2 26 33 12 37 12 37 12 37 12 37 12 
cdelpila 12 37 12 12 25 2 26 12 33 12 12 2 26 26 12 12 26 12 33 12 26 12 12 36 36 36 12 36 36 36 36 36 12 
cbolivar 12 37 12 37 12 37 12 37 12 12 12 25 2 12 26 33 36 12 37 12 
muhlenbr 12 37 12 
msmith75 12 37 12 2 26 36 36 36 2 33 37 12 12 36 36 12 12 25 3 27 24 37 12 37 12 
pmcguir2 12 37 12 12 12 37 12 12 37 12 12 
jstaten 12 12 37 12 12 37 12 36 36 36 12 25 3 24 27 37 12 37 12 37 12 37 12 
mgirod 12 37 12 37 12 37 12 36 36 12 12 37 12 
mdonnel6 12 37 12 12 33 37 12 12 12 3 37 12 27 12 25 3 
zgartenh 12 37 12 37 12 37 12 36 36 36 36 12 
mfitzg14 12 12 37 12 37 12 12 12 12 12 12 25 36 36 36 36 36 3 27 24 25 
alabella 12 37 12 37 12 37 12 
mcomunie 12 12 25 36 36 36 36 12 12 12 
bferrer1 12 37 12 37 12 
pcataldi 12 37 12 36 36 12 37 12 
aohri 12 37 12 36 36 36 36 36 36 12 37 12 37 12 
pklekamp 12 25 37 12 37 12 2 26 33 37 12 12 21 0 
amccar10 12 
nwamble 12 37 12 36 36 36 36 12 37 12 37 12 3 12 24 27 
wwu5 12 37 12 12 25 37 12 37 12 12 12 3 24 27 12 37 12 37 12 12 30 10 12 23 5 16 
wsuter2 12 37 12 37 12 12 3 24 27 36 36 36 12 12 30 10 4 23 5 16 37 12 12 8 37 12 
thowe1 12 36 36 36 36 12 37 12 12 36 36 12 37 12 12 37 12 
madeniyi 12 
mmian 12 37 12 37 12 37 12 37 12 
jsoares 12 12 37 12 37 12 12 37 12 12 33 2 12 26 36 36 12 
jhouge 12 12 37 12 37 12 37 12 
slemaign 12 37 12 37 12 37 12 
ldamoose 12 37 12 24 25 37 12 3 27 36 12 37 12 12 37 12 
sburnbau 12 37 12 12 12 37 12 37 12 37 12 36 12 36 36 36 36 12 
nwarren 12 37 12 37 12 37 12 12 36 36 12 12 25 3 24 27 37 12 12 
bconnol3 12 12 36 36 36 2 26 33 25 12 37 12 37 12 25 3 24 27 37 12 12 
rheitkam 12 12 37 12 
jmullike 12 37 12 37 12 37 12 12 37 12 12 36 36 36 12 37 12 37 12 37 12 37 12 12 25 3 24 27 
chickey3 12 3 24 27 12 
athoma24 12 12 37 12 37 12 37 12 37 12 8 
rgensler 12 37 12 37 12 37 12 12 
kthornt4 12 36 36 36 12 37 12 12 12 36 36 36 12 37 12 37 12 37 12 12 37 12 37 12 
pvlandis 12 12 2 12 26 33 36 36 36 36 12 12 12 37 12 37 12 37 12 24 36 36 36 36 36 36 12 12 37 12 3 12 
mmizraji 12 12 25 12 2 26 33 37 12 37 12 
zpavlin 12 37 12 25 26 12 37 12 
ydeng3 12 37 12 37 12 12 8 37 12 
kfox8 12 37 12 
lsulli11 12 37 12 12 2 26 33 37 12 12 36 36 36 36 12 37 12 
jgorman6 12 36 12 37 12 12 12 34 12 37 12 37 12 3 24 27 37 12 
enunez 12 37 12 37 12 37 12 12 2 26 33 12 12 32 17 12 37 12 12 24 37 12 12 
mtardy 12 
jdirksen 12 25 12 37 12 2 26 33 36 12 25 36 36 12 37 12 12 37 12 
whornby 12 37 12 12 37 12 37 12 37 12 12 
jwade5 12 
mblatt1 12 12 37 12 37 12 37 12 12 12 0 12 36 36 36 36 36 12 6 32 12 29 
jowusuko 12 37 12 37 12 37 12 
jcorpora 12 37 12 37 12 24 27 25 3 
mmang 12 36 36 36 36 36 12 12 12 12 25 2 26 33 12 37 12 
aakatu 12 36 36 12 12 12 12 37 12 12 12 12 33 26 25 2 
waberger 12 37 12 37 12 12 25 33 2 26 36 36 36 36 12 36 12 25 33 37 12 12 37 12 25 3 12 24 
llombar2 12 37 12 12 37 12 37 12 
gkaiser 12 36 12 37 12 
koconn27 12 12 12 37 12 37 12 37 12 12 12 37 12 37 12 12 24 12 
aweishan 12 12 13 36 12 37 12 25 36 33 2 26 37 12 37 12 12 25 
mcaskey 12 36 36 36 12 37 12 12 3 24 27 37 12 12 36 36 36 36 12 10 30 4 25 36 36 36 12 5 23 16 37 12 
jguarino 12 37 12 12 26 12 37 12 12 
cseymou2 12 25 2 26 33 37 12 
dplagenz 12 12 12 12 37 12 12 37 12 12 37 12 36 36 36 36 12 3 25 24 
csasso 12 37 12 12 
amccar11 12 37 12 25 2 36 36 26 33 12 8 37 12 
yshi6 12 
tpillai 12 37 12 37 12 37 12 
minoue2 12 
jwinebre 12 37 12 37 12 
tanggara 12 36 36 12 37 12 36 36 36 12 2 33 26 
sgalbens 12 12 37 12 12 2 26 33 37 12 37 12 12 3 25 12 24 27 
jlazzara 12 12 37 12 12 37 12 
vruesch 12 37 12 
nniere 12 37 12 8 37 12 12 8 37 12 37 12 37 12 
ghong 12 37 12 
bhogan1 12 37 12 37 12 37 12 37 12 24 36 36 36 36 36 3 26 
wdu 12 37 12 12 37 12 
tmercier 12 37 12 36 12 2 33 26 
mball 12 12 36 36 36 34 37 12 22 28 36 12 12 22 28 12 
esunshi1 12 37 12 
eevans9 12 
bkenney1 12 12 34 
asimonet 12 12 
cdieckma 12 37 12 37 12 10 37 12 37 12 
mcoggins 12 37 12 37 3 24 27 37 12 37 12 12 
lblitzer 12 37 12 24 3 37 12 8 4 30 10 37 12 37 12 
jdelledo 12 12 12 25 12 12 34 22 28 37 12 25 37 12 33 2 26 
mmoore18 12 12 37 12 2 25 26 37 12 37 12 37 12 
mfreedlu 12 37 12 37 12 12 3 24 27 
ymikulja 12 33 37 12 36 36 36 25 36 36 36 12 
tprice4 12 37 12 37 12 12 3 12 37 12 12 3 24 27 36 12 8 
lbarret2 12 12 36 36 12 37 12 37 12 
eralph 12 37 12 37 12 37 12 37 12 37 12 37 12 
bhalliga 12 37 12 37 12 12 24 3 27 25 
sroennec 12 12 25 2 26 33 37 12 2 26 33 25 36 36 36 36 36 12 12 25 37 12 37 12 12 37 25 
jmurph32 12 12 12 3 37 12 12 12 37 12 37 12 37 12 12 37 12 3 37 24 27 37 12 
cfrentze 12 37 12 12 37 12 25 3 24 
mnewcome 12 3 24 16 8 10 12 30 4 25 36 30 
jsitarsk 12 
tpreko 12 25 33 2 26 36 12 12 37 12 8 
mtreacy 12 
ccampb21 12 2 12 26 33 37 12 37 12 
rrivera8 12 24 
rblack4 12 12 3 24 27 
jwelsch 12 3 24 27 
jgately1 12 12 37 12 12 2 37 12 26 33 37 12 12 
gdean 12 37 12 36 36 12 37 12 3 24 27 
ewigutow 12 37 12 37 12 
dgibbon2 12 37 12 37 12 12 12 12 12 36 36 12 12 
cmorton2 12 12 
mrooney6 12 8 37 12 3 24 27 25 37 12 
mmoran12 12 37 12 37 12 36 36 36 36 12 
jwalte10 12 33 2 26 25 36 36 36 36 12 36 12 2 33 26 37 12 
jcarney6 12 12 26 12 12 2 26 36 33 
pmeyer3 12 12 25 37 12 25 34 5 22 12 12 28 12 25 37 12 12 37 12 25 2 26 33 26 
icallaha 12 
dtoth1 12 37 12 
kkostola 12 37 12 37 12 37 12 12 37 12 36 36 36 36 36 3 37 12 12 
dlee26 12 37 12 37 12 12 25 37 12 12 10 30 37 12 
yying 12 12 37 12 12 26 33 12 37 12 37 12 37 12 
swagy 12 12 37 12 
rroque1 12 37 12 12 12 12 
kdantoni 12 12 25 2 3 24 
wmohler 12 2 26 33 25 37 12 
lklein1 12 
jbecker9 12 37 12 37 12 12 37 12 
hrague 12 37 12 36 36 12 37 12 37 12 
cott 12 12 37 12 36 36 36 36 12 2 26 33 25 36 12 8 12 
mholzbau 12 12 8 37 12 12 12 24 37 12 37 12 8 36 3 24 27 36 36 12 3 10 4 36 36 36 36 36 30 5 16 23 8 37 12 
mhawkin3 12 12 
lharmon 12 
elazzaro 12 37 12 
tburley 12 37 12 12 2 26 33 
shenn 12 12 37 12 12 12 37 12 12 12 12 24 27 
jgomez5 12 
jfries3 12 37 12 
bniemoel 12 37 12 
mcontrer 12 2 26 33 25 37 12 36 36 12 9 
kriordan 12 37 12 
dcorr1 12 37 12 37 12 12 12 2 26 33 37 12 37 12 
cemenalo 12 12 37 12 15 37 12 2 25 12 26 33 12 37 12 
yjung2 12 37 12 33 12 
rpappas 12 37 12 12 12 37 12 3 24 27 36 36 36 12 
mmerric1 12 12 12 12 12 12 12 2 26 37 12 33 
mdosch 12 37 12 12 3 24 27 25 
jbettag 12 37 12 37 12 12 8 
jbernin1 12 12 37 12 12 
hrivers 12 36 12 33 37 12 8 37 12 12 
gbruenin 12 37 12 
ddallava 12 25 36 3 
cgamboa 12 12 12 12 37 12 12 37 12 12 12 12 12 12 12 
nquartir 12 37 12 37 12 3 24 27 37 12 12 
lfaubion 12 37 12 12 33 36 36 36 36 12 2 26 
cwilso24 12 37 12 25 26 2 37 33 37 12 37 12 
aursino1 12 37 12 2 26 33 37 12 12 12 
msummer2 12 12 12 3 24 27 36 36 36 36 12 
kramm 12 37 12 37 12 2 26 33 37 12 
jchapple 12 25 12 12 37 12 2 26 37 12 37 12 37 12 3 24 27 37 12 
jbonds 12 37 12 37 12 37 12 
dbirzer 12 12 2 26 33 
cfish 12 37 12 37 12 
nholmes1 12 25 2 33 37 26 
ngiovino 12 12 12 25 3 24 27 12 
eherber1 12 12 37 12 3 24 27 37 12 12 37 12 
cgallag3 12 37 12 37 12 12 37 12 25 12 25 24 36 36 36 27 12 12 
wstackma 12 33 
tzheng2 12 37 12 12 2 26 33 
mgerber 12 37 12 37 12 
jcolli23 12 25 37 12 25 33 36 36 25 37 12 33 2 26 
awalton3 12 37 12 2 26 33 12 37 12 37 12 37 12 37 12 24 
vwhitmor 12 
rpellica 12 37 12 36 36 12 37 12 25 2 26 33 37 12 
rmyers9 12 2 26 33 25 37 12 37 12 37 12 37 12 36 36 36 36 12 
mdillon7 12 37 12 12 
jdoerer 12 37 12 12 12 2 26 33 37 12 37 12 37 12 
gbiltz 12 37 12 36 36 36 36 36 12 37 12 36 36 12 
areaves 12 25 37 12 12 36 36 12 
aheck1 12 37 12 
ucooper 12 37 12 2 26 33 
tguinan 12 12 37 12 12 37 12 2 26 33 37 12 37 12 
rschill1 12 
mschlic1 12 37 12 33 2 26 37 12 18 
mperry6 12 12 2 
jfenton1 12 12 37 12 8 37 12 10 4 12 23 5 16 12 12 36 36 12 
csauder 12 12 37 12 12 3 24 27 37 12 
alowney 12 37 12 
zkagalw1 12 2 26 33 37 12 37 12 37 12 8 37 12 12 12 12 
swilkin4 12 37 12 
imarx 12 25 26 37 2 37 12 
cschmid7 12 2 26 33 
awang4 12 2 26 33 12 26 37 12 12 3 24 27 37 12 36 36 36 36 12 12 
abenavi3 12 2 26 33 25 37 12 
sweyhmil 12 12 24 
sgenz 12 25 34 22 28 37 12 12 
mwu4 12 12 25 12 37 12 
jleporte 12 37 12 12 
adichris 12 0 18 32 22 28 26 
scrotty1 12 36 36 2 26 33 
pfarring 12 25 36 36 36 36 12 37 12 37 25 2 26 
pdesousa 12 2 12 26 33 37 12 37 12 
mkuehl 12 10 30 12 5 16 
lfitter 12 12 37 12 37 12 37 12 3 24 36 27 37 12 
kenriett 12 37 12 
jruan 12 
hzahour 12 37 12 37 12 
emostyn 12 37 12 8 37 12 2 26 33 
edohert1 12 37 12 37 12 37 12 
athigpen 12 37 12 2 26 33 37 12 37 12 36 36 36 36 12 
amellert 12 12 12 37 12 12 26 2 
aandrade 12 
tdann 12 37 12 37 12 37 12 
sielusic 12 8 37 12 37 12 
mlicursi 12 2 26 33 25 
mdrake2 12 12 36 36 33 37 12 37 12 
lhe3 12 26 33 36 36 36 36 36 36 12 36 36 36 36 12 37 12 
inegroro 12 12 36 36 36 36 12 37 12 37 12 25 26 2 37 12 12 
afonash 12 34 25 37 22 28 36 12 37 12 12 12 25 2 26 33 12 
obarnard 12 37 12 12 37 12 
nbenz 12 25 36 36 36 12 12 12 25 2 26 33 
lhuang3 12 37 12 3 24 27 
jwessele 12 2 26 33 12 12 37 12 
jmastron 12 24 
dmarino 12 12 8 
cpickfor 12 2 26 33 25 
bmoasser 12 37 12 12 12 12 
obaitlot 12 37 12 12 33 2 26 
kmollenk 12 37 12 37 12 
ccarlso2 12 37 12 25 37 10 30 
bmoreno1 12 12 2 12 26 12 33 36 36 36 36 36 36 12 37 12 
smanriqu 12 12 24 3 27 12 25 37 12 
mmillado 12 37 12 
mferrel2 12 12 2 26 33 37 12 12 12 12 3 24 36 27 
ldougla3 12 2 26 33 25 37 12 26 
jmcconn1 12 
ecahill 12 30 
dshaw4 12 37 12 12 2 25 26 37 33 37 12 12 
alucche1 12 
odonnel1 12 37 12 
mpirko 12 25 2 26 33 12 37 12 37 12 37 12 37 12 12 25 8 36 36 36 3 24 36 36 36 36 36 27 
mlyden1 12 37 12 37 12 
mdekold 12 24 12 12 12 3 27 12 37 12 36 36 8 36 36 12 30 10 
eschnaut 12 37 12 12 8 37 12 
esalina1 12 12 37 12 
adiederi 12 24 3 27 25 37 12 
sholtz1 12 12 2 26 33 12 25 37 12 36 12 
sdann 12 37 12 37 12 24 3 37 12 24 37 12 3 27 
pkolek 12 
nhaymond 12 12 
kmuha 12 25 2 26 33 12 12 
kfeehan 12 37 12 
kalme 12 
ivaldess 12 
esmith30 12 3 12 24 27 37 12 37 12 8 36 36 36 12 12 25 30 10 
ctoudouz 12 37 12 36 12 12 12 37 12 12 36 36 36 12 37 12 25 36 10 30 4 36 36 36 36 36 12 37 12 36 12 37 12 
sreddy4 12 
rboylan 12 22 28 34 37 12 
ncheng 12 2 26 33 25 37 12 12 
mgelchio 12 37 12 12 
jzelinsk 12 12 37 12 37 12 12 12 
jcuji 12 12 37 12 12 2 26 37 12 
gworthin 12 37 12 25 
dfabrega 26 2 37 12 37 12 37 12 36 36 36 36 36 36 12 25 3 24 37 12 37 12 
angov 12 37 12 37 12 37 12 37 12 
adunniga 12 37 12 2 26 33 37 12 37 12 37 12 37 12 3 24 27 12 12 12 10 30 4 
skolda 12 8 12 25 27 24 3 36 36 36 16 12 37 12 12 37 12 37 12 8 5 23 37 12 
scrippes 12 36 36 36 36 36 36 12 12 33 2 26 37 12 
mschutze 12 37 12 
mpavloff 12 36 36 2 26 33 25 37 12 
losecco 12 
lnixon1 12 12 2 26 33 12 
kmurray7 12 12 25 3 24 27 
jshard 12 12 
hthomps4 12 37 12 2 26 33 
ewood1 12 
estrouse 12 25 26 2 33 12 12 37 12 25 3 37 12 24 27 
sekanay1 12 25 37 12 12 25 37 12 
odegnim 12 37 12 2 26 33 37 12 
kcox5 12 25 33 36 36 36 2 26 12 
kborotho 12 12 33 37 12 12 2 26 37 12 
jbertram 12 12 8 
hbyrne 12 12 2 26 33 25 37 12 12 12 
ggulyas 12 37 12 12 12 12 12 3 12 24 27 
ekeuler 12 12 37 12 12 37 12 12 8 37 12 
egeyer1 12 2 26 33 25 
dlong2 12 37 12 12 12 37 12 
bpierpoi 12 12 26 2 37 12 37 12 37 12 12 
apavelka 12 24 36 36 36 36 36 12 37 12 3 27 
rbartle1 12 37 12 12 12 37 12 3 24 27 36 12 
nyusko1 12 12 2 26 33 25 12 37 12 37 12 
motten1 12 25 33 2 26 12 36 36 36 36 12 37 12 
molsen3 12 37 12 12 12 
mdambros 12 37 12 12 12 34 37 12 12 
kmountf1 12 
jeversol 12 37 12 25 3 24 36 36 27 
etorrent 12 12 12 37 12 24 37 12 3 27 37 12 12 10 30 37 12 23 5 16 37 12 
ereynol5 12 12 33 2 26 25 37 12 36 36 12 
epark5 12 37 12 12 10 25 30 4 5 37 12 37 12 
dpatel2 12 25 22 28 34 37 12 37 12 25 2 26 33 
cmoreno5 12 26 22 2 33 25 
bgawel 12 12 37 12 12 3 24 27 37 12 
bconlon 12 
apanousi 12 37 12 
tngochi 12 12 
tdasso 12 2 25 33 26 37 12 2 26 33 37 12 
smcmull1 12 12 12 37 12 2 37 12 12 26 33 37 12 
rwittmer 12 37 12 
rvazza 12 12 3 24 27 37 12 
nhong 12 
mrohling 12 37 12 25 12 3 27 37 12 
edebassi 12 2 26 33 12 12 37 12 37 12 
dsmith53 12 32 17 2 26 33 12 12 12 37 12 
cdowicz 12 37 12 12 12 2 28 26 34 33 12 
bnakfoor 12 25 36 36 36 2 36 26 33 
akhemani 12 36 36 36 12 12 12 2 26 33 37 12 
ahughes8 12 2 12 26 12 33 37 12 37 12 
tperey 12 37 12 12 
pbetz 12 37 12 37 12 
mmccor15 12 12 8 37 12 37 12 
mgray10 12 12 22 28 12 25 2 26 33 
mfraizer 12 12 37 12 36 36 36 12 3 24 27 25 37 12 12 37 12 24 
lherna11 12 37 12 
hzweberl 12 12 2 25 26 33 
dserafin 12 33 25 37 12 
bpowell4 12 37 12 12 
mdownin1 12 37 12 36 36 36 36 36 12 25 2 26 33 37 12 
lduggan 12 12 25 26 33 
kmclaug3 12 2 
kbulleit 12 12 36 36 36 36 36 36 12 12 25 2 26 33 
jplas 12 12 12 12 25 3 12 12 24 27 37 12 12 37 12 
dkim30 12 
cpantin 12 12 2 26 33 12 3 2 26 33 12 8 36 36 12 
cmyers11 12 
amora2 12 37 12 
adrisco2 12 36 36 12 25 3 24 27 8 37 12 12 37 12 36 36 12 
xtsai 12 36 36 12 33 24 37 12 32 36 36 12 2 
wbaer 12 36 36 12 37 12 12 2 26 3 
nisakson 12 12 
kmurph44 12 37 12 37 12 12 
ibushue 12 37 12 33 2 26 25 37 12 
hadams3 12 37 12 37 12 3 24 27 
enichol4 12 
egroth 12 9 37 12 37 12 
aheinzma 12 12 2 26 33 25 12 37 12 
ahall2 12 37 12 12 36 36 12 37 12 2 33 
adecker1 12 12 37 12 36 12 36 36 36 36 36 12 11 
aameen 12 36 36 36 36 9 37 12 12 
zwall 12 37 12 37 12 37 12 3 24 27 
smonaha1 12 37 12 37 12 
sdeschne 12 25 33 26 2 36 36 36 36 36 12 
mowen 12 12 37 12 12 37 12 36 36 36 9 36 36 36 12 
lwatts1 12 37 12 12 2 26 33 37 12 
krochefo 12 
jholguin 12 12 26 2 37 12 
gniforat 12 12 37 12 2 26 33 
evandier 12 3 25 24 27 12 
eclapp 12 37 12 12 
awaldsch 12 12 37 12 37 12 37 12 12 12 37 12 3 27 24 
adevito1 12 2 26 37 12 36 36 36 12 
tsilva1 12 37 12 37 12 
oivan 12 37 12 37 12 12 37 12 
mmarti45 12 37 12 33 2 26 25 
mjorden 12 3 24 27 25 
ldorenko 12 25 26 33 2 37 12 25 3 
ktracey 12 25 33 37 12 2 36 26 
krothmey 12 37 12 37 12 
kbiladea 12 3 24 27 
jweas 12 37 12 25 12 12 2 26 33 37 12 
jgoldsch 12 37 12 37 12 2 25 26 33 12 
jdraves 12 37 12 25 37 2 26 33 
gotte1 12 36 12 8 24 12 37 12 
etruesda 12 2 26 33 37 12 
emeara 12 12 
cnilsen 12 37 12 34 36 12 37 12 
bmurph24 12 25 12 26 37 12 2 33 
azammit 12 12 8 37 12 12 8 37 12 12 8 37 12 8 36 36 36 12 32 17 
arabbitt 12 12 2 37 12 26 
wcheong 12 12 2 26 33 37 12 12 
kmoran11 12 12 12 3 24 27 
kgalla21 12 37 12 25 
kgalla20 12 2 26 33 
kfranz1 26 33 36 25 
jsutton3 12 37 12 36 36 36 12 2 26 33 
jhegart2 12 37 12 12 2 12 3 27 24 37 12 
japplew1 12 37 12 36 12 2 26 33 37 12 
imurrer 12 37 12 
fschemel 12 25 26 33 
fprimozi 12 37 12 37 12 37 12 37 12 
elinares 12 37 12 37 12 12 2 26 33 12 
cmulshin 12 37 12 36 36 36 36 36 36 25 3 24 27 
cmagnuss 12 37 12 37 12 12 36 36 12 25 3 24 27 
ccleary1 12 12 36 36 36 12 3 24 27 37 12 9 
abohling 12 37 12 37 12 37 12 
mscanish 12 33 2 26 36 16 12 37 12 37 12 
mkirven 12 37 12 2 36 26 33 37 12 37 12 
lkim3 12 32 17 25 
lgrabows 12 37 12 
lcaffar1 12 12 37 12 25 3 24 36 36 27 
kliang2 12 3 24 27 37 12 
jnowak4 12 
hcheng1 12 12 10 30 12 25 
bmerrick 12 37 12 25 
bgagnon 12 37 12 33 25 12 26 2 
tmansell 12 37 12 3 12 25 8 36 36 24 27 37 12 
rrocco 12 37 12 37 12 25 3 24 27 
rpuno 12 
lyan4 12 2 33 26 26 
kpresteg 12 
jbaines 12 37 12 12 12 
blemay 12 2 26 33 25 36 36 36 36 12 12 
aromano2 12 37 12 25 24 3 
alongsta 12 37 12 
szachari 12 37 12 25 2 26 33 37 12 8 
spalumb1 12 27 37 12 37 12 37 12 36 36 36 36 12 3 25 
pcamara 12 
operez2 12 25 2 26 37 12 37 12 12 12 
nvincent 12 2 26 33 
lgelin 12 2 26 33 36 36 12 12 
ldomenel 12 12 33 12 2 26 36 36 36 36 12 
lcho 12 12 17 2 26 33 37 12 12 33 
jpaul2 12 12 24 27 12 8 
ischmitz 12 2 26 33 
egorman5 12 25 36 36 36 36 36 36 12 34 36 36 36 36 12 22 12 28 37 12 37 12 25 2 26 34 33 
dallen13 12 8 
cdenzel 12 37 12 12 25 37 12 24 37 12 6 
asowell 12 
yzou2 12 36 36 36 12 12 26 37 12 37 12 12 37 12 
pmcmonag 33 25 
kpaulsen 12 
kjacoby1 12 33 37 12 12 2 26 37 12 12 
jruane 12 37 12 22 28 34 37 12 2 26 33 25 12 
jdodig 12 12 12 12 
gcramer1 12 12 12 26 2 
everhey 12 12 2 25 12 26 33 37 12 
esoller 12 37 12 2 26 36 33 12 12 37 12 
egorman6 12 12 2 26 33 
ckotseos 12 2 26 33 12 
cganley 12 2 26 33 25 
bfraser 12 12 12 37 12 12 
asweet 12 12 12 
apaik 12 37 12 12 25 37 12 26 2 12 37 12 25 37 12 27 23 36 36 36 30 16 12 
amonroe1 12 2 26 33 36 36 36 36 12 37 12 36 12 9 37 12 37 12 2 
abulaoro 12 37 12 12 37 12 
thuber1 12 25 2 26 33 
sincera 12 37 12 37 12 
phennes2 12 37 12 26 2 33 12 37 12 12 
msahd 12 37 12 36 25 26 33 
mcabrer1 12 33 2 37 12 12 26 
kkolleck 12 2 26 33 12 
kconrad2 12 2 33 26 25 37 12 
jreeg 12 33 12 12 
jgonnard 12 25 2 26 36 36 33 
hsarkey 12 25 12 2 26 33 37 12 12 12 12 3 24 27 
hholden 12 12 
epil 12 
awitte 12 2 26 33 37 12 
trogers6 12 36 36 12 37 12 25 12 
tfross 12 2 26 33 25 
taguirre 12 37 12 12 2 26 33 36 36 12 
sbindel 12 12 2 26 
rmaqbool 12 36 12 12 36 36 26 36 36 2 37 12 
kcockrel 12 2 26 33 25 37 12 12 37 12 
jphilli8 12 37 12 33 26 2 
jmarino6 12 25 2 37 12 26 33 36 36 12 37 12 24 8 37 12 3 24 
eguenthe 12 37 12 37 12 12 22 28 2 26 33 12 3 24 27 
ecaradon 12 25 3 24 27 12 
creid4 12 37 3 25 24 27 
carizama 12 12 25 36 36 3 12 25 24 27 8 
bbrunin1 12 2 26 33 25 36 36 36 36 36 12 12 36 36 36 36 36 12 3 
anataraj 12 25 37 2 36 36 36 26 33 
svukovit 12 
msteph11 12 3 27 
mraster 12 37 12 
lbognar1 12 
lbakke 12 33 
jzacher 12 37 12 2 26 33 
