dtorgers 9 9 7 9 100
cdavin1 9 9 9 9 9 7 9 9 9 9 9 9 9 9 7 9 9 9 9 9 9 7 9 9 9 9 9 1 26 14 9 26 9 3 1 31 14 9 100
alebron1 9 9 9 9 9 9 9 9 9 9 9 9 9 9 7 9 9 9 9 7 9 9 9 9 34 9 9 9 7 9 7 9 100
ccooper8 9 9 9 9 9 9 9 9 9 9 9 9 9 7 9 9 9 9 9 9 7 31 100
nweindel 9 9 9 9 9 7 9 9 9 9 7 9 9 9 9 7 9 9 9 7 13 31 16 9 14 9 100
ntownsen 9 14 9 9 9 9 9 9 9 9 9 9 9 9 9 9 9 7 9 26 100
jberg2 9 14 25 27 9 9 9 9 9 9 9 7 9 9 9 9 9 9 9 9 9 7 9 9 9 9 9 9 100
fhita 9 9 25 9 9 100
mmcfarli 9 9 9 9 9 9 9 9 9 9 9 9 9 9 9 9 7 9 26 9 9 100
mlengwin 9 9 9 9 9 9 9 9 9 9 7 9 7 9 9 7 9 7 1 9 3 31 27 9 9 9 9 9 9 100
kwurl 9 9 9 9 7 9 9 7 9 9 9 9 9 9 9 33 7 9 9 9 9 9 7 9 9 9 9 25 31 100
ccampb20 9 9 9 7 26 9 9 9 100
pbrown10 9 9 25 9 9 9 9 9 9 9 9 9 9 9 9 9 9 7 9 9 9 9 100
rdiejoma 9 9 9 9 9 9 9 9 9 7 9 9 9 9 9 16 1 9 9 100
drogers1 9 9 9 9 9 9 9 9 9 34 24 29 9 9 9 9 9 9 100
cdelpila 9 100
cbolivar 9 9 9 9 9 9 9 9 9 9 9 9 9 9 7 25 100
muhlenbr 9 9 9 9 9 9 9 9 9 9 9 7 13 16 26 21 22 3 14 27 100
msmith75 9 100
pmcguir2 9 9 9 9 9 9 9 9 9 9 9 9 9 9 1 14 25 27 9 9 9 9 9 9 9 9 9 9 9 9 9 9 9 9 9 9 9 9 9 9 7 9 13 9 25 7 100
jstaten 9 9 9 9 31 26 9 31 13 26 9 7 9 9 7 9 7 9 9 33 100
mgirod 9 9 9 7 9 9 9 9 9 9 9 9 9 9 9 9 9 9 9 9 9 9 9 9 26 14 30 13 9 100
zgartenh 9 9 9 9 9 9 9 9 9 9 9 7 9 9 9 9 100
alabella 9 9 33 9 9 9 7 9 9 14 9 9 9 9 100
bferrer1 9 9 9 9 9 9 7 9 100
pcataldi 9 7 9 26 13 1 100
aohri 9 9 9 9 9 9 7 9 31 9 31 14 22 26 9 100
pklekamp 9 9 7 9 9 9 16 31 9 9 9 9 9 22 1 26 13 9 9 9 9 9 9 100
amccar10 9 14 25 27 9 9 9 9 9 9 9 7 9 9 9 9 7 9 9 9 9 9 9 9 9 9 9 9 100
nwamble 9 9 9 9 9 9 14 7 9 100
wwu5 9 100
wsuter2 9 9 9 9 31 9 9 9 9 9 9 9 7 9 9 100
thowe1 9 9 9 9 9 9 9 9 9 7 9 9 9 9 9 9 9 9 9 100
mmian 9 25 27 9 9 9 9 100
jhouge 9 9 9 9 7 100
slemaign 9 9 9 9 9 9 7 9 9 9 9 9 9 9 9 9 9 9 9 9 9 9 3 9 16 7 22 26 9 9 9 9 9 100
ldamoose 9 100
sburnbau 9 9 9 14 9 27 9 25 9 9 9 9 9 100
nwarren 9 9 9 9 9 9 7 9 9 9 7 9 9 31 9 1 14 100
bconnol3 9 9 34 9 9 9 9 9 9 7 9 9 9 9 9 9 9 7 9 9 9 9 7 9 9 100
rheitkam 9 9 9 7 9 9 9 16 31 9 9 7 9 7 9 27 9 9 9 7 9 25 9 100
jmullike 9 9 9 9 9 9 9 9 7 9 9 9 9 9 7 9 9 9 9 100
chickey3 25 27 14 9 9 9 9 9 9 9 9 9 9 9 9 9 9 9 9 9 9 9 9 9 7 100
athoma24 9 7 9 9 9 9 9 9 7 9 16 31 9 9 13 9 14 22 1 9 100
rgensler 9 9 9 9 7 9 9 9 9 7 26 25 9 100
kthornt4 9 9 9 7 9 9 9 9 9 31 9 16 13 9 9 26 9 7 100
pvlandis 9 9 9 7 9 9 9 9 22 9 9 7 100
mmizraji 9 9 7 9 3 9 1 22 9 9 7 100
zpavlin 9 9 9 9 9 9 9 9 9 7 9 9 9 7 9 31 16 9 9 100
ydeng3 9 9 25 9 20 23 9 9 9 9 9 9 9 9 9 9 9 9 9 9 16 9 9 13 31 30 9 9 9 14 100
kfox8 9 9 9 9 9 9 9 7 9 9 9 9 9 9 9 9 9 100
lsulli11 9 7 26 1 9 9 9 9 26 31 9 9 9 9 25 9 9 9 9 7 100
jgorman6 9 9 9 9 9 14 25 27 9 9 9 9 9 9 9 9 9 9 9 9 7 9 9 16 31 13 9 9 26 25 9 31 16 14 9 100
enunez 9 25 14 27 9 9 9 9 9 9 7 9 26 27 9 100
jdirksen 9 27 14 3 26 25 9 7 9 9 9 1 31 1 26 16 3 9 9 27 14 100
whornby 9 9 9 25 27 9 14 9 9 9 9 9 9 9 7 16 31 9 9 7 9 9 9 7 9 9 31 16 100
jwade5 9 9 9 9 9 7 29 24 9 9 7 9 27 9 9 7 9 9 7 9 100
mblatt1 9 9 9 9 9 9 16 9 100
jowusuko 9 9 9 9 9 9 9 9 9 100
mmang 9 9 9 7 9 26 1 9 100
waberger 9 7 33 9 31 16 9 9 9 9 9 9 7 31 9 9 9 9 9 9 13 1 100
llombar2 9 9 7 9 9 9 9 7 9 9 9 29 9 9 7 9 7 9 100
gkaiser 9 15 19 11 9 9 7 100
koconn27 9 14 25 27 9 9 7 9 9 9 9 100
aweishan 9 9 9 9 7 9 9 7 9 33 9 31 9 9 1 14 9 100
mcaskey 9 9 9 9 7 9 9 9 9 9 25 9 9 9 7 9 31 16 9 26 21 9 9 100
jguarino 9 25 14 9 7 9 9 9 9 9 9 9 9 9 9 9 9 31 1 9 9 33 9 9 9 9 7 9 9 100
cseymou2 9 9 31 9 9 31 27 9 100
dplagenz 9 9 9 9 9 9 7 9 26 9 9 7 9 26 9 100
csasso 9 9 9 7 9 9 9 9 1 9 14 9 9 9 9 9 100
amccar11 9 9 9 9 9 7 9 9 7 9 9 33 9 9 7 9 31 14 16 9 9 9 100
yshi6 9 100
minoue2 9 9 7 9 9 9 7 9 9 100
jwinebre 9 25 27 9 9 9 9 9 9 7 16 9 9 9 9 7 100
sgalbens 9 100
jlazzara 9 9 9 9 9 9 9 9 7 9 9 9 9 7 9 100
vruesch 9 9 9 9 9 7 9 9 7 9 9 26 9 9 9 9 100
nniere 9 9 9 9 9 9 100
ghong 9 9 9 9 34 7 9 31 16 9 9 9 9 9 1 100
bhogan1 9 29 9 24 9 7 9 9 13 31 9 25 26 7 100
wdu 9 9 9 9 7 9 9 9 9 9 7 9 9 16 31 13 1 9 14 100
tmercier 9 9 9 7 9 7 9 16 9 4 13 26 7 13 16 31 26 9 9 9 7 9 31 16 1 9 9 25 9 16 9 31 9 14 9 100
esunshi1 9 9 9 9 9 24 9 9 7 9 9 9 9 9 9 9 9 9 100
eevans9 9 7 9 100
bkenney1 9 9 7 9 7 9 7 9 100
cdieckma 9 9 9 9 9 7 9 9 7 9 9 9 9 9 9 9 9 9 9 1 9 14 9 9 9 100
mcoggins 9 9 9 9 7 16 31 26 13 9 9 9 100
lblitzer 9 9 9 16 9 9 9 9 100
jdelledo 9 25 9 9 9 9 7 9 9 14 25 13 9 1 21 100
mfreedlu 9 9 9 9 7 9 9 16 26 13 31 30 9 9 7 25 14 27 22 1 21 9 100
tprice4 9 9 9 7 9 9 9 31 26 14 9 27 25 100
lbarret2 9 9 7 9 9 9 16 30 9 31 9 26 16 14 9 31 100
eralph 9 9 9 9 9 9 9 9 9 9 9 9 9 9 9 34 9 9 9 7 100
bhalliga 9 100
sroennec 9 9 9 7 9 9 7 31 9 27 27 100
jmurph32 9 9 9 9 7 9 26 9 27 9 31 9 9 7 25 9 9 100
cfrentze 9 7 9 9 9 7 9 9 9 9 9 9 9 7 100
mnewcome 9 9 9 29 25 31 9 9 34 14 9 9 9 9 9 100
jsitarsk 9 9 25 27 9 9 9 9 9 9 9 9 7 16 26 30 31 25 22 3 13 21 14 27 9 9 3 9 9 16 26 100
tpreko 9 9 7 9 9 9 100
mtreacy 9 7 9 9 7 9 16 25 9 9 9 100
ccampb21 9 9 9 9 9 7 9 9 9 9 9 9 100
rrivera8 9 25 9 7 9 9 33 9 9 9 7 9 7 9 14 9 14 9 9 31 16 13 9 9 9 9 14 16 13 9 9 100
rblack4 9 100
jwelsch 9 100
jgately1 9 9 9 9 9 9 25 27 9 9 9 9 9 9 9 9 9 9 9 7 9 9 26 9 9 9 9 7 9 7 1 27 100
gdean 9 9 9 7 9 9 31 27 9 9 16 7 9 22 9 9 9 9 7 9 27 13 14 1 22 9 9 9 7 9 9 9 9 9 9 100
ewigutow 9 9 9 9 9 9 9 9 9 7 16 31 3 26 9 9 14 9 100
dgibbon2 9 27 9 14 9 9 9 9 7 9 9 9 7 9 9 1 9 9 9 9 100
cmorton2 9 25 27 14 34 9 9 7 9 9 9 9 16 31 26 9 9 13 9 27 9 9 9 9 9 9 9 26 9 9 1 27 9 22 9 9 9 9 100
mrooney6 9 9 9 9 7 9 30 13 9 9 9 1 9 14 100
mmoran12 9 9 9 9 9 7 9 9 9 9 100
jwalte10 9 9 9 7 31 16 9 1 3 9 9 9 9 1 7 100
jcarney6 9 9 9 9 100
pmeyer3 9 7 9 7 9 34 9 9 34 9 13 9 9 1 26 14 3 9 22 100
icallaha 9 9 9 7 9 7 31 9 9 9 9 9 9 26 31 14 100
dtoth1 9 27 9 9 9 9 9 7 9 100
kkostola 9 9 9 9 9 9 7 25 27 100
dlee26 9 9 9 9 7 100
yying 9 9 14 25 27 9 9 9 9 9 7 16 9 9 1 26 25 21 9 14 100
swagy 9 9 9 9 9 9 9 7 9 9 9 9 7 25 9 16 31 26 9 100
rroque1 9 9 14 27 25 9 9 9 9 9 7 9 9 9 25 9 9 9 100
kdantoni 9 9 25 9 9 7 16 31 25 9 9 9 9 7 9 9 7 25 100
wmohler 9 9 7 9 7 9 7 9 9 9 9 9 26 9 9 100
lklein1 9 9 9 7 9 4 7 9 9 9 9 11 15 19 9 9 9 13 15 9 26 14 9 7 9 9 7 9 9 7 100
jbecker9 9 9 14 27 25 9 7 9 9 9 9 7 9 7 9 1 9 9 25 16 13 9 1 9 7 100
hrague 9 9 9 9 9 9 9 9 9 9 9 9 9 9 7 4 9 14 9 30 9 9 9 22 100
cott 9 5 9 33 9 9 7 9 9 9 9 9 7 9 22 100
mholzbau 9 9 9 9 9 9 7 9 9 9 9 33 21 9 100
mhawkin3 9 7 31 26 19 15 25 9 100
lharmon 9 9 9 34 9 14 25 27 9 7 9 9 9 9 9 9 9 25 9 7 9 26 14 25 22 100
elazzaro 9 9 9 9 9 7 9 9 9 9 9 9 100
tburley 9 9 9 100
shenn 9 25 9 27 9 9 9 9 9 7 9 9 13 9 26 1 25 14 9 7 100
jgomez5 9 9 9 29 25 22 3 9 14 9 100
jfries3 9 11 9 7 9 9 25 29 9 7 31 26 1 27 100
bniemoel 9 9 9 9 9 9 9 9 9 9 7 9 9 9 16 9 13 25 26 9 9 1 9 27 14 9 100
kriordan 9 9 9 9 9 9 7 9 7 9 7 9 9 9 7 100
jmurph33 9 7 9 7 31 26 9 9 7 9 31 27 9 9 7 9 9 9 7 26 31 13 9 27 1 9 100
dcorr1 9 7 27 25 14 9 9 9 9 9 9 9 9 9 7 9 9 9 9 100
cemenalo 9 9 7 9 31 16 9 9 7 26 9 9 9 9 9 9 7 1 21 14 9 100
yjung2 9 27 14 9 9 9 7 26 9 9 22 7 9 26 21 1 22 13 9 34 13 9 9 9 26 31 100
rpappas 9 9 9 9 9 9 9 7 25 14 100
mmerric1 9 25 9 9 4 9 9 9 9 9 9 9 7 9 9 14 26 13 9 9 100
mdosch 9 9 9 9 9 7 9 9 9 9 26 9 16 13 9 9 9 14 100
jbettag 9 9 9 9 7 13 9 31 13 14 27 26 100
jbernin1 9 100
gbruenin 9 16 13 27 9 100
ddallava 9 29 24 9 9 100
cgamboa 9 29 9 24 26 25 31 7 21 100
nquartir 9 9 9 9 9 25 100
lfaubion 9 9 9 7 9 13 9 9 31 16 9 9 33 9 9 14 9 9 9 9 9 14 21 30 16 7 100
cwilso24 9 9 9 9 9 9 9 34 27 25 14 9 9 9 9 7 9 9 9 7 16 25 29 31 26 25 9 100
aursino1 9 9 9 14 25 27 9 9 9 7 34 9 7 9 9 100
msummer2 9 9 29 15 19 31 16 9 27 14 9 100
kramm 9 9 9 9 7 9 9 16 26 9 100
jchapple 25 27 14 9 7 9 9 9 9 9 9 9 31 26 31 9 100
jbonds 9 7 9 7 9 9 9 9 22 27 31 33 9 26 9 9 9 27 13 22 1 9 100
dbirzer 9 14 25 27 9 9 100
cfish 9 9 7 9 9 7 9 9 9 29 24 34 100
nholmes1 9 7 9 3 100
ngiovino 9 9 9 7 9 9 9 9 16 9 9 9 9 9 9 9 9 100
eherber1 9 9 9 9 7 9 25 9 9 9 9 9 100
cgallag3 9 7 9 9 7 9 16 13 31 26 9 9 7 1 1 9 9 9 7 9 7 100
tzheng2 9 9 14 25 27 9 9 9 7 9 7 9 9 31 9 9 9 9 13 9 9 100
mgerber 9 29 9 24 9 9 9 7 9 9 7 9 21 31 22 1 9 9 26 9 7 9 100
jcolli23 9 100
awalton3 9 7 9 7 9 9 7 9 7 9 30 100
vwhitmor 9 9 7 9 7 9 7 9 9 7 100
rpellica 9 9 34 25 27 14 9 9 9 7 9 9 9 9 31 9 9 9 9 9 9 7 14 13 9 9 7 100
rmyers9 9 7 9 9 7 9 9 9 31 26 9 9 9 9 9 9 100
mdillon7 9 9 14 27 25 9 7 9 9 9 7 9 9 9 30 9 9 29 24 9 7 31 16 9 34 9 4 9 9 26 3 100
jdoerer 9 14 25 9 27 14 9 9 9 9 9 9 9 9 9 7 9 9 9 9 9 9 29 100
gbiltz 9 9 9 9 9 9 9 7 9 9 9 9 9 9 9 33 7 26 9 9 16 13 3 25 9 26 14 7 100
aheck1 9 9 7 31 30 9 14 1 9 100
ucooper 9 14 27 14 9 9 9 9 9 9 9 9 7 9 7 9 9 34 7 9 100
rschill1 9 9 9 9 100
mschlic1 9 9 9 9 7 9 9 9 7 9 7 9 7 26 9 14 100
