dtorgers 12 36 36 36 12 36 36 36 36 36 36 12 36 36 36 12 12 36 36 12 12 37 12 12 12 12 12 37 12 37 12 12 37 12 36 12 36 12 12 36 36 36 36 12 37 12 12 12 12 12 12 37 12 37 12 12 12 37 12 12 12 8 12 37 12 12 
mdawson3 12 37 12 12 37 12 12 34 28 22 12 12 12 25 37 12 12 12 12 12 12 12 12 12 12 12 12 12 12 12 12 12 12 12 12 12 12 36 36 36 36 36 36 12 37 12 12 12 12 9 37 12 36 36 36 36 12 37 12 12 12 
cdavin1 12 37 12 12 36 12 36 36 36 12 37 12 37 12 12 12 36 36 36 36 36 12 36 12 36 12 37 12 12 12 12 36 12 37 12 36 12 36 36 36 36 36 12 25 34 12 12 36 36 36 36 12 37 12 12 37 12 37 12 37 12 
alebron1 12 37 12 37 12 36 36 36 36 12 37 12 37 12 36 36 36 36 36 36 12 37 12 12 37 12 12 12 32 17 22 28 34 25 37 12 37 12 12 22 28 34 25 12 37 12 37 12 36 36 12 37 12 37 12 37 12 
ccooper8 12 37 12 37 12 37 12 37 12 37 12 37 12 12 12 25 36 36 12 36 36 36 36 36 12 37 12 37 12 12 
nweindel 12 37 12 37 12 36 36 36 36 12 37 12 37 12 36 12 37 12 12 12 25 36 36 36 25 34 22 28 37 12 
ntownsen 12 37 12 12 25 37 12 12 36 36 36 36 36 12 37 12 12 32 17 36 12 12 12 12 37 12 37 12 37 12 
jberg2 12 12 37 12 37 12 37 12 37 12 37 12 37 12 33 12 26 2 36 12 37 12 37 12 12 37 12 
admin4 12 
fhita 12 37 12 37 12 37 12 37 12 37 12 37 12 
mmcfarli 12 12 25 12 36 36 32 17 36 36 12 37 12 12 36 36 36 36 12 12 37 12 12 25 34 
mlengwin 12 37 12 37 12 36 36 36 36 36 12 37 12 37 12 
kwurl 12 37 12 12 36 36 12 37 12 37 12 37 12 37 12 37 12 36 36 36 12 36 36 36 36 36 12 37 12 12 
ccampb20 12 37 12 37 12 37 12 37 12 37 12 37 12 12 12 36 36 36 12 36 36 36 36 12 37 12 37 12 37 12 36 36 36 36 36 36 12 37 12 
pbrown10 12 12 32 17 25 12 37 12 37 12 37 12 12 12 12 37 12 12 
rdiejoma 12 12 36 12 12 37 12 37 12 36 36 36 36 12 12 37 12 37 12 12 37 12 37 12 12 37 12 37 12 
drogers1 12 12 12 36 36 36 36 36 36 12 37 12 12 12 12 12 37 12 37 12 37 12 37 12 12 
cdelpila 12 37 12 25 17 32 12 37 12 37 12 37 12 
cbolivar 12 37 12 12 37 12 12 37 12 36 36 36 36 36 36 12 37 12 17 12 12 32 36 12 36 36 36 12 
msmith75 12 37 12 37 12 37 12 37 12 37 12 37 12 37 12 12 34 25 22 28 36 36 36 36 36 36 12 37 12 
pmcguir2 12 32 17 36 36 36 36 36 12 12 37 12 37 12 37 12 37 12 37 12 
jstaten 12 37 12 12 37 12 37 12 12 12 8 36 12 9 36 36 36 36 36 36 12 12 36 36 36 36 12 12 37 12 37 12 37 12 36 36 36 36 12 12 9 37 12 36 36 36 36 12 37 12 12 12 12 12 17 32 12 25 22 34 28 
mgirod 12 37 12 37 12 37 12 37 12 37 12 
mdonnel6 12 17 32 12 12 37 12 12 12 17 36 36 12 37 12 12 12 36 36 36 12 25 32 17 37 12 37 12 12 12 12 17 37 12 37 12 
zgartenh 12 37 12 37 12 37 12 37 12 37 12 12 
mfitzg14 12 9 36 32 12 17 25 12 37 12 36 12 37 12 37 12 12 37 12 
alabella 12 37 12 37 12 37 12 37 12 37 12 37 12 25 34 22 28 36 36 36 36 12 37 12 36 36 12 37 12 37 12 37 12 
mcomunie 12 12 32 25 37 12 22 37 28 36 36 36 36 2 26 25 
pcataldi 12 37 12 36 36 36 12 37 12 36 12 12 34 36 36 36 36 12 36 36 12 37 12 22 28 34 37 12 37 12 37 12 37 12 
aohri 12 37 12 37 12 37 12 37 12 37 12 37 12 12 
pklekamp 12 12 12 12 36 36 36 36 36 12 37 12 37 12 37 12 
amccar10 12 37 12 12 12 12 34 22 28 12 37 12 
nwamble 12 37 12 37 12 37 12 37 12 37 12 37 12 
wwu5 12 37 12 25 32 17 25 12 37 12 12 37 12 37 12 12 25 34 28 22 37 12 2 26 33 12 12 12 12 
wsuter2 12 12 12 12 8 37 12 37 12 37 12 37 12 37 12 37 12 37 12 37 12 
thowe1 12 37 12 36 36 36 36 12 37 12 37 12 37 12 37 12 
mmian 12 12 37 12 37 12 37 12 12 25 37 12 12 36 36 36 36 36 12 37 12 25 12 2 27 36 36 24 8 36 36 36 12 12 30 
jhouge 12 12 37 12 36 36 36 12 37 12 37 12 22 28 34 37 12 37 12 
slemaign 12 37 12 37 12 
ldamoose 12 12 25 28 22 34 37 12 37 12 
sburnbau 12 37 12 36 36 36 36 12 37 12 
nwarren 12 37 12 36 36 36 12 37 12 37 12 37 12 37 12 37 12 37 12 37 12 
bconnol3 12 32 12 37 12 36 36 12 37 12 37 12 37 12 
rheitkam 12 37 12 37 12 37 12 37 12 37 12 37 12 36 36 36 12 36 36 36 12 12 12 37 12 36 36 36 36 36 36 12 12 
jmullike 12 37 12 37 12 36 36 36 36 12 37 12 37 12 12 25 34 22 28 36 36 36 12 37 12 37 12 37 12 37 12 
chickey3 12 36 36 36 36 36 12 37 12 37 12 37 12 34 
athoma24 12 12 37 12 36 36 36 12 8 12 
rgensler 12 37 12 37 12 37 12 37 12 37 12 37 12 
kthornt4 12 
pvlandis 12 17 12 37 12 37 12 37 12 12 37 12 
mmizraji 12 12 37 12 
zpavlin 12 36 12 37 12 25 32 37 12 12 37 12 12 12 
ydeng3 12 37 12 37 12 37 12 37 12 37 12 12 12 24 3 27 
kfox8 12 37 12 37 12 37 12 37 12 37 12 37 12 22 28 34 
lsulli11 12 12 12 37 12 37 12 37 12 36 36 36 36 36 36 12 12 
enunez 12 12 12 30 37 12 37 12 37 12 37 12 12 37 12 37 12 12 37 12 
mtardy 12 32 36 36 36 36 17 37 12 37 12 37 12 37 12 12 9 37 12 12 37 12 36 12 9 
whornby 12 36 36 12 37 12 37 12 
jwade5 12 12 8 37 12 37 12 37 12 37 12 37 12 33 36 36 36 12 36 12 2 26 33 37 12 
mblatt1 12 12 12 36 12 22 28 36 36 36 36 36 34 36 12 37 12 37 12 12 2 26 33 25 
jowusuko 12 12 12 37 12 12 32 17 25 36 12 36 36 36 36 12 9 32 17 36 25 37 12 37 12 12 37 12 37 12 
jcorpora 12 37 12 37 12 37 12 37 12 
mmang 12 37 12 25 17 32 
llombar2 12 37 12 12 37 12 
gkaiser 12 37 12 
aweishan 12 37 12 37 12 12 37 12 17 32 36 36 36 12 12 
mcaskey 12 37 12 25 34 37 12 
jguarino 12 12 17 32 12 12 37 12 37 12 37 12 37 12 
cseymou2 12 37 12 37 12 37 12 36 36 12 37 12 37 12 
dplagenz 12 37 12 37 12 37 12 12 12 12 37 12 37 12 37 12 
csasso 12 37 12 36 36 36 12 37 12 37 12 12 
amccar11 12 12 37 12 37 12 37 12 22 12 25 28 34 37 12 37 12 37 12 
yshi6 12 37 12 12 12 12 37 12 
tpillai 12 37 12 37 12 37 12 36 36 12 32 12 37 12 36 36 12 
minoue2 12 37 12 37 12 37 12 12 12 12 25 34 22 28 8 12 
jwinebre 12 37 12 37 12 37 12 12 36 36 36 12 37 12 37 12 37 12 37 12 
tanggara 12 12 17 25 12 9 37 12 36 12 12 37 12 36 12 12 
sgalbens 12 37 12 37 12 
jlazzara 12 37 12 37 12 12 
vruesch 12 37 12 37 12 37 12 12 37 12 
nniere 12 37 12 37 12 37 12 37 12 37 12 37 12 12 8 37 12 
ghong 12 32 17 12 37 12 37 12 22 28 34 12 12 12 2 26 33 12 12 3 24 27 37 12 
bhogan1 12 37 12 12 37 12 12 37 12 37 12 37 12 37 12 37 12 
wdu 12 37 12 37 12 37 12 37 12 37 12 12 10 30 
tmercier 12 12 32 17 37 12 37 12 32 37 12 37 12 36 36 36 12 37 12 8 
mball 12 12 12 8 12 12 36 36 36 36 12 37 12 37 12 12 17 32 37 12 36 36 12 
esunshi1 12 37 12 37 12 
eevans9 12 12 
bkenney1 12 37 12 32 12 17 37 12 37 12 37 12 
asimonet 12 32 17 25 37 12 12 12 37 12 37 12 36 36 36 36 36 12 36 25 
cdieckma 12 32 17 25 37 12 
mcoggins 12 37 12 36 36 36 12 37 12 37 12 
lblitzer 12 12 37 12 37 12 2 37 12 
jdelledo 12 37 12 12 12 37 12 
mmoore18 12 37 12 12 37 12 25 37 12 37 12 12 37 12 12 9 37 12 36 36 12 37 12 37 12 36 36 12 
mfreedlu 12 37 12 37 12 12 37 12 12 12 32 17 25 36 12 
ymikulja 12 17 32 25 12 37 12 37 12 12 12 
tprice4 12 12 12 37 12 37 12 22 28 34 
lbarret2 12 37 12 11 7 37 12 18 12 0 37 11 19 12 18 37 12 17 32 37 12 10 25 36 36 12 
eralph 12 37 12 37 12 37 12 22 28 34 12 
bhalliga 12 
sroennec 12 12 37 12 
jmurph32 12 12 36 36 12 37 12 37 12 
cfrentze 12 37 12 37 12 37 12 
mnewcome 12 
jsitarsk 12 37 12 37 12 34 22 28 37 12 
tpreko 12 37 12 37 12 
mtreacy 12 12 37 12 36 36 12 32 36 36 17 36 36 36 36 36 12 12 32 17 12 25 37 12 37 12 37 12 37 12 12 22 34 28 36 36 36 36 12 
ccampb21 12 37 12 12 12 37 12 12 17 32 37 12 
rrivera8 12 36 12 37 12 
rblack4 12 12 34 37 12 37 12 12 37 12 22 28 12 37 12 12 
jgately1 12 12 37 12 12 37 12 12 12 32 17 37 12 12 
gdean 12 32 17 37 12 36 36 12 12 22 28 34 37 12 
cmorton2 12 
mrooney6 12 25 36 36 36 36 12 34 36 36 36 12 22 28 37 12 
mmoran12 12 37 12 37 12 37 12 37 12 37 12 
jwalte10 12 
jcarney6 12 25 32 36 12 25 17 
pmeyer3 12 37 12 12 25 37 12 12 32 17 37 12 37 12 37 12 
icallaha 12 37 12 12 37 12 
dtoth1 12 37 12 12 12 9 12 37 12 12 37 12 36 36 36 12 37 12 37 12 
kkostola 12 34 37 12 
dlee26 12 12 25 17 32 34 28 37 12 37 12 
yying 12 12 17 32 37 12 37 12 12 12 9 37 12 37 12 
swagy 12 37 12 37 12 12 37 12 37 12 12 12 25 34 22 28 37 12 
rroque1 12 37 12 12 12 37 12 37 12 
wmohler 12 37 12 
lklein1 12 12 
jbecker9 12 
hrague 12 12 37 12 37 12 37 12 
cott 12 12 37 12 32 17 25 37 12 37 12 12 8 37 12 37 12 
mholzbau 12 37 12 37 12 37 12 
mhawkin3 12 37 12 
lharmon 12 37 12 
elazzaro 12 37 12 37 12 37 12 36 36 36 36 36 12 37 12 37 12 37 12 37 12 37 12 37 12 37 12 37 12 
tburley 12 37 12 37 12 36 36 36 36 36 12 12 32 17 
shenn 12 9 37 12 37 12 37 12 32 17 
jgomez5 12 37 12 
bniemoel 12 37 12 37 12 22 12 34 36 36 12 12 28 
mcontrer 12 32 12 17 37 12 12 36 36 36 36 36 36 12 32 37 12 12 17 12 32 37 12 37 12 
kriordan 12 37 12 37 12 
jmurph33 12 
dcorr1 12 37 12 37 12 36 36 36 36 12 37 12 12 12 32 17 37 12 37 12 
cemenalo 12 12 25 32 17 
yjung2 12 37 12 37 12 37 12 37 12 12 32 17 12 37 12 37 12 
rpappas 12 12 37 12 12 37 12 12 12 12 37 12 37 12 37 12 
mmerric1 12 37 12 37 12 37 12 37 12 
mdosch 12 12 37 12 12 
jbettag 12 37 12 
jbernin1 12 37 12 37 12 37 12 37 12 37 12 
hrivers 12 36 12 17 36 36 36 36 36 12 37 12 34 12 37 12 12 36 36 36 36 12 36 36 12 18 36 12 37 12 36 36 12 36 12 
ddallava 12 12 25 37 12 37 12 37 12 25 37 34 22 28 12 12 
cgamboa 12 36 36 12 37 12 37 12 34 25 12 37 12 37 12 
nquartir 12 37 12 37 12 36 36 36 36 12 34 37 12 
aursino1 12 12 12 36 36 36 12 12 37 12 25 37 12 34 22 28 12 
msummer2 12 37 12 
dbirzer 12 36 36 12 37 12 
cfish 12 25 
eherber1 12 37 12 12 25 37 12 37 12 
cgallag3 12 32 17 25 37 12 37 12 37 12 37 12 
wstackma 12 9 12 37 12 25 32 
tzheng2 12 37 12 37 12 
mgerber 12 37 12 22 28 34 25 
jcolli23 12 37 12 37 12 
awalton3 12 37 12 32 17 25 36 12 37 12 12 12 37 12 12 37 12 34 37 12 34 12 12 12 
vwhitmor 12 36 12 32 36 17 37 12 37 12 36 36 36 36 12 
rpellica 12 12 8 37 12 37 12 32 17 12 37 12 37 12 37 12 
rmyers9 12 17 32 37 12 37 12 25 37 12 
mdillon7 12 22 12 12 25 34 28 
jdoerer 12 37 12 37 12 32 12 36 36 36 36 36 17 37 12 37 12 
gbiltz 12 37 12 37 12 37 12 37 12 37 12 37 12 37 12 
areaves 12 37 12 37 12 32 17 25 12 9 36 36 12 36 12 12 12 12 36 36 36 36 12 12 37 12 12 31 
ucooper 12 37 12 32 17 25 36 36 36 36 36 12 37 12 37 12 37 12 37 12 
rschill1 12 12 17 32 25 12 12 37 12 37 12 37 12 37 12 37 12 
mschlic1 12 37 12 12 32 17 36 12 37 12 37 12 
mperry6 12 37 12 32 12 17 36 36 12 
jfenton1 12 32 17 12 37 12 37 12 25 34 36 36 22 
csauder 12 32 17 37 12 12 12 37 12 
alowney 12 37 12 12 37 12 37 12 
zkagalw1 12 32 17 25 12 37 12 12 37 12 36 36 12 37 12 37 12 
swilkin4 12 37 12 37 12 37 12 
imarx 12 37 12 25 36 36 12 17 37 32 36 36 36 36 36 36 12 32 25 
cschmid7 12 37 12 
awang4 12 
abenavi3 12 36 36 36 36 36 12 32 17 25 37 12 8 10 37 12 
sweyhmil 12 32 17 37 12 28 22 34 12 
sgenz 12 36 36 36 36 36 12 37 12 
mwu4 12 37 12 
jleporte 12 22 28 34 12 8 30 25 12 37 12 12 36 12 12 12 25 
adichris 12 18 37 12 9 37 12 32 36 12 9 
scrotty1 12 12 17 32 36 36 12 37 12 37 12 12 9 
pdesousa 12 37 12 32 17 37 12 12 37 12 37 12 37 12 36 36 36 36 36 12 
mkuehl 12 37 12 37 12 
lfitter 12 37 12 36 36 36 36 36 12 36 36 36 12 34 22 28 37 12 37 12 37 12 
kenriett 12 37 12 12 32 17 37 12 37 12 
jruan 12 
hzahour 12 32 17 25 37 12 37 12 
emostyn 12 12 37 12 37 12 34 22 36 28 12 34 
edohert1 12 12 12 22 25 28 34 
athigpen 12 12 37 12 37 12 12 9 37 12 37 12 
amellert 12 37 12 37 12 36 36 36 12 32 36 36 36 36 36 12 36 12 37 12 12 37 12 37 12 
aandrade 12 32 17 37 12 37 12 
tdann 12 12 37 12 37 12 
sielusic 12 22 28 34 12 12 25 37 12 
mlicursi 12 37 12 25 32 17 12 37 12 37 12 
mdrake2 12 25 17 32 37 12 12 36 36 12 37 12 
lhe3 12 37 12 37 12 
inegroro 12 37 12 37 12 37 12 37 12 
afonash 12 12 12 36 36 36 36 12 37 12 12 32 17 25 
obarnard 12 37 12 12 12 37 12 37 12 
nbenz 12 12 37 12 25 17 32 12 
lhuang3 12 37 12 
dmarino 12 36 12 12 8 12 25 15 0 21 12 19 20 6 36 12 12 36 36 36 12 37 12 37 12 37 12 37 12 37 12 36 36 36 36 36 12 37 12 25 34 36 36 22 
cpickfor 12 37 12 12 32 17 25 37 12 37 12 25 32 36 12 37 12 37 12 
apurcel1 12 12 32 37 12 17 12 37 12 36 12 12 37 12 37 12 37 12 37 12 36 36 36 12 12 
obaitlot 12 36 36 12 32 17 12 12 34 12 22 28 37 12 12 
kmollenk 12 
ccarlso2 12 12 25 17 32 37 12 32 37 12 9 18 6 12 36 21 36 36 36 12 13 19 37 12 25 36 36 36 36 36 36 34 37 12 22 28 36 36 36 36 12 
smanriqu 12 37 12 37 12 
mmillado 12 12 37 12 12 
mferrel2 12 32 17 37 12 
jmcconn1 12 37 12 37 12 37 12 37 12 12 
ecahill 12 12 25 22 28 12 34 37 12 
dshaw4 12 25 37 12 32 17 36 36 36 36 36 36 12 25 37 12 37 12 12 12 
odonnel1 12 11 12 12 37 12 37 12 37 12 
mpirko 12 37 12 37 12 
mlyden1 12 37 12 37 12 37 12 37 12 
mdekold 12 37 12 
eschnaut 12 37 12 12 12 17 32 37 12 37 12 
adiederi 12 37 12 
sholtz1 12 37 12 37 12 37 12 37 12 36 36 36 36 36 12 37 12 37 12 37 12 37 12 37 12 37 12 36 36 36 36 36 12 12 37 12 37 12 37 12 
sdann 12 
pkolek 12 
nhaymond 12 12 17 32 25 12 
kmuha 12 12 37 12 
kfeehan 12 37 12 37 12 37 12 36 36 36 36 36 12 37 12 
kalme 12 37 12 37 12 37 12 12 
esmith30 12 34 12 37 12 
ctoudouz 12 12 12 37 12 37 12 37 22 28 34 37 12 12 37 12 37 12 
ncheng 12 32 17 25 37 12 36 36 36 36 36 12 
mgelchio 12 34 36 36 12 37 12 37 12 37 12 12 37 12 9 37 12 37 12 36 36 12 12 12 
jzelinsk 12 37 12 
gworthin 12 
dfabrega 12 37 12 32 36 25 37 12 12 37 12 37 12 37 12 
angov 12 12 37 12 25 17 32 
adunniga 12 12 37 12 32 17 37 12 37 12 37 12 
skolda 12 12 
mschutze 12 12 37 12 25 25 12 34 
mpavloff 12 37 12 
losecco 12 12 12 12 37 12 22 28 12 22 28 34 36 36 36 12 37 12 37 12 12 
lnixon1 12 8 37 12 32 12 17 12 12 12 12 12 25 37 12 
jshard 12 37 12 37 12 37 12 25 12 34 22 36 36 28 12 
hthomps4 12 37 12 37 12 37 12 37 12 
ewood1 12 22 28 34 37 12 25 2 26 33 12 36 36 36 36 36 36 12 24 
estrouse 12 
sekanay1 12 37 12 12 37 12 
odegnim 12 32 17 12 37 12 12 17 37 12 36 36 36 36 12 37 12 37 12 
kborotho 12 36 36 36 36 36 12 32 12 17 37 12 37 12 37 12 
jbertram 12 36 36 36 36 12 12 8 12 25 
hbyrne 12 37 12 
ggulyas 12 12 37 12 37 12 36 12 37 12 37 12 37 12 
ekeuler 12 37 12 12 37 12 12 12 37 12 12 37 12 2 26 33 36 12 12 36 3 24 27 10 30 4 37 12 
dlong2 12 12 37 12 12 37 12 25 34 37 12 37 12 
bpierpoi 12 37 12 12 12 17 32 37 12 37 12 37 12 
rbartle1 12 32 17 12 37 12 37 12 37 12 
nyusko1 12 32 17 37 12 37 12 37 12 37 12 37 12 
motten1 12 25 17 32 
molsen3 12 37 12 12 
kmountf1 12 9 37 12 9 37 12 37 12 37 12 36 12 37 12 12 36 12 37 12 32 17 
etorrent 12 37 12 37 12 34 37 12 22 28 37 12 
epark5 12 37 12 37 12 
dpatel2 12 
bgawel 12 
bconlon 12 37 12 37 12 37 12 12 36 36 12 5 36 36 12 34 22 28 
apanousi 12 12 37 12 
tngochi 12 9 12 37 12 12 6 1 20 12 12 12 37 12 17 32 25 36 36 12 
rwittmer 12 37 12 36 36 12 37 12 12 37 12 
rvazza 12 37 12 37 12 37 12 37 12 12 22 28 34 
nhong 12 37 12 12 34 12 25 12 2 26 33 
mrohling 12 12 37 12 32 17 37 12 37 12 37 12 
cdowicz 12 37 12 37 12 32 36 36 36 36 12 37 12 37 12 37 12 
akhemani 12 9 37 12 18 36 36 36 12 18 0 9 36 36 12 12 37 12 37 12 36 36 12 15 37 12 37 12 12 32 17 
tperey 12 12 25 22 28 34 
pbetz 12 37 12 12 17 32 37 12 37 12 37 12 12 9 
mmccor15 12 37 12 36 36 36 12 37 12 25 34 12 22 28 12 
mfraizer 12 12 
lherna11 12 37 12 37 12 
jmolumph 12 37 12 34 25 37 12 
hzweberl 12 37 12 37 12 37 12 25 12 34 22 28 
dserafin 12 32 17 25 37 12 
mdownin1 12 32 17 25 
lduggan 12 37 12 25 36 12 36 36 36 17 32 37 12 
kbulleit 12 25 32 17 
jplas 12 37 12 32 17 36 36 36 12 25 
jbrown36 12 
dkim30 12 37 12 37 12 
cmyers11 12 30 10 16 
adrisco2 12 12 
wbaer 12 37 12 9 37 12 12 17 32 37 12 
nisakson 12 12 34 12 28 22 
lmcfadde 12 32 17 25 12 37 12 37 12 25 37 12 
kmurph44 12 37 12 25 37 32 17 12 37 12 12 37 12 37 12 25 36 36 12 34 22 28 37 12 
ibushue 12 25 12 32 17 37 12 12 37 12 
hadams3 12 
egroth 12 37 12 37 12 37 12 9 37 12 9 18 0 11 13 12 15 19 12 37 12 37 12 37 12 25 32 36 36 17 36 36 12 
adecker1 12 
zwall 12 
smonaha1 12 12 37 12 
mowen 12 
lwatts1 12 37 12 37 12 25 22 28 34 
krochefo 12 37 12 37 12 
jholguin 12 12 32 37 12 37 12 37 12 12 9 37 12 36 36 36 36 36 12 9 
gniforat 12 37 12 12 32 37 12 17 32 36 36 36 36 12 12 17 
evandier 12 
eclapp 12 37 12 37 12 12 37 12 37 12 37 12 
awaldsch 12 32 17 37 12 37 12 12 
adevito1 12 37 12 
tsilva1 12 12 12 12 12 9 36 11 0 12 6 36 13 37 20 36 36 29 19 15 21 12 37 12 12 32 17 25 
oivan 12 36 36 36 36 12 37 12 12 
mmarti45 12 12 12 12 12 22 28 34 12 
mjorden 12 32 25 37 12 32 17 25 36 12 
ldorenko 12 25 32 36 36 17 
ktracey 12 
krothmey 12 
jgoldsch 12 37 12 
jdraves 12 17 32 25 12 37 12 
emeara 12 12 37 12 37 12 37 12 37 12 37 12 36 22 
cnilsen 12 37 12 
bmurph24 12 12 37 12 37 12 9 12 18 11 37 12 25 32 17 
azammit 12 37 12 8 
wcheong 12 37 12 32 17 12 
kmoran11 12 
kgalla21 12 37 12 12 36 36 12 36 36 12 12 37 12 12 
kgalla20 12 36 36 36 36 36 12 12 32 12 17 12 
kfranz1 12 37 12 
jsutton3 12 32 17 37 12 
jhegart2 12 37 12 36 36 36 36 36 36 12 37 12 
imurrer 12 
fschemel 12 37 12 37 12 37 12 32 17 25 37 12 
fprimozi 12 37 12 
cmulshin 12 12 
cmagnuss 12 20 6 37 18 7 37 12 37 12 37 12 37 12 25 17 32 
abohling 12 37 12 37 12 
mscanish 12 37 12 32 17 37 12 
mkirven 12 12 37 12 37 12 37 12 
lkim3 12 36 12 
lgrabows 12 37 12 34 37 12 25 28 34 37 12 37 12 37 12 
lcaffar1 12 37 12 37 12 37 12 37 12 
kliang2 12 
jnowak4 12 37 12 37 12 22 34 37 12 
hcheng1 12 12 
bmerrick 12 25 17 32 37 12 
tmansell 12 12 12 32 17 25 
rrocco 12 37 12 12 37 12 37 12 37 12 12 
rpuno 12 37 12 
lyan4 12 12 36 36 22 28 34 25 
kpresteg 12 12 
jbaines 12 12 37 12 37 12 12 12 25 34 22 28 
alongsta 12 37 12 37 12 
spalumb1 12 37 12 8 37 12 22 28 12 12 34 25 
pcamara 12 37 12 
operez2 12 37 12 37 12 12 25 32 17 
lcho 12 
jpaul2 12 12 37 12 34 37 12 22 28 12 26 2 
ischmitz 12 12 12 32 17 37 12 
dallen13 12 12 37 12 17 32 12 22 34 37 12 
cdenzel 12 9 37 12 9 37 12 21 37 12 37 12 25 32 37 12 32 17 25 
asowell 12 
yzou2 12 12 19 12 19 6 20 37 12 12 32 17 12 12 37 12 
speter14 12 12 25 22 28 34 37 12 
pmcmonag 12 32 17 25 
jdodig 12 37 12 37 12 
gcramer1 12 32 12 17 37 12 12 
everhey 12 25 12 12 12 32 37 12 22 28 34 12 
cganley 12 12 12 
bfraser 12 25 37 34 36 36 22 28 
apaik 12 37 12 12 17 32 12 37 12 
abulaoro 12 36 36 36 36 36 12 37 12 36 36 36 36 12 37 12 37 12 36 36 36 12 
thuber1 12 37 12 12 12 12 12 25 17 32 37 12 37 12 12 37 12 12 
sincera 12 12 34 22 28 
phennes2 12 25 
msahd 12 12 32 17 
mcabrer1 12 32 36 17 37 12 
kkolleck 12 25 17 32 37 12 37 12 37 12 
kconrad2 12 36 36 36 36 12 9 36 36 36 36 36 12 37 12 
jreeg 12 9 36 12 37 12 32 17 
jgonnard 12 37 12 
hsarkey 12 9 37 12 9 37 12 18 20 19 6 12 25 36 36 36 12 37 12 37 12 37 12 37 12 36 32 17 
hholden 12 12 
awitte 12 32 17 
trogers6 12 9 25 37 12 37 12 9 25 37 12 12 15 37 12 37 12 12 25 32 17 12 
rmaqbool 12 12 36 36 17 32 12 
kcockrel 12 32 17 25 
jphilli8 12 36 12 32 37 12 37 12 37 12 37 12 36 19 
jmarino6 12 37 12 37 12 25 32 17 36 36 36 36 36 12 12 
eguenthe 12 37 12 36 12 37 12 1 37 12 12 36 36 12 12 12 36 36 36 12 37 12 37 12 12 32 17 
ecaradon 12 32 17 25 
creid4 12 9 0 37 12 37 12 25 32 17 
bbrunin1 12 36 36 36 36 36 12 
svukovit 12 37 12 37 12 37 12 22 28 34 12 12 
pyoung3 12 12 32 17 25 36 36 36 36 36 36 12 37 12 37 12 12 37 12 37 12 37 12 
mraster 12 9 12 36 36 12 19 37 12 36 36 36 36 12 12 37 12 32 17 12 25 37 12 37 12 25 
lbognar1 12 25 34 12 22 12 37 12 12 12 12 8 
lbakke 12 
jzacher 12 36 9 12 8 36 6 36 36 36 12 36 12 12 12 12 37 12 32 17 36 36 36 36 12 12 
