dtorgers 9 9 9 9 9 9 9 9 9 9 9 9 9 9 9 9 9 9 9 9 9 9 9 9 9 9 9 9 9 9 9 9 9 9 9 9 9 9 9 9 9 9 9 9 9 9 9 9 9 9 9 9 9 9 9 9 9 9 9 9 9 9 9 9 34 9 9 9 9 9 9 9 9 9 9 9 9 9 9 9 9 9 9 9 9 9 9 9 9 9 9 9 9 9 9 9 9 9 9 9 9 9 9 9 9 33 9 9 9 9 9 9 9 9 9 9 9 9 9 9 9 9 9 9 9 9 9 9 9 9 9 9 100
cdavin1 9 9 9 9 9 9 9 9 9 9 9 9 9 34 9 9 29 24 9 9 9 34 9 29 100
alebron1 9 29 24 34 100
ccooper8 9 9 9 9 9 34 9 9 9 29 24 100
nweindel 9 9 9 9 9 9 34 9 9 9 9 9 9 24 29 9 9 9 29 24 34 100
ntownsen 9 14 9 9 14 9 9 9 9 9 34 9 9 9 9 100
jberg2 9 9 9 34 9 24 29 9 9 9 9 9 9 9 9 9 27 9 9 9 9 100
fhita 9 7 9 9 9 9 9 9 9 9 9 9 31 9 9 9 9 9 9 9 9 9 9 9 9 9 9 9 100
mmcfarli 9 9 9 34 9 29 24 100
mlengwin 9 9 9 9 9 29 24 34 100
kwurl 9 9 9 34 9 9 7 9 9 9 9 9 9 9 9 9 34 29 24 100
ccampb20 9 9 9 9 9 9 9 9 9 9 9 9 9 9 9 9 7 9 34 29 24 9 100
pbrown10 9 9 9 9 9 9 9 9 9 9 9 9 9 9 29 24 34 100
rdiejoma 9 9 9 7 9 9 9 9 9 29 24 100
drogers1 9 100
cdelpila 9 9 9 9 9 9 9 9 9 9 34 24 29 100
cbolivar 9 9 9 9 9 9 9 9 9 9 9 9 9 24 9 9 29 100
muhlenbr 9 9 9 9 9 9 9 29 24 9 34 9 100
msmith75 9 100
pmcguir2 9 100
jstaten 9 9 24 9 34 29 24 9 100
mgirod 9 9 9 9 9 9 9 29 24 100
zgartenh 9 9 31 9 9 29 24 34 100
alabella 9 9 9 9 29 24 34 9 9 9 7 9 9 100
bferrer1 9 9 9 9 9 9 9 25 34 29 24 9 7 9 9 9 9 100
pcataldi 9 9 9 9 9 9 9 9 9 9 11 9 9 9 15 19 11 100
aohri 9 25 9 14 9 9 9 9 9 9 9 9 7 9 9 9 9 9 9 29 100
pklekamp 9 9 9 34 9 33 29 24 9 9 100
amccar10 9 9 9 9 100
nwamble 9 27 25 14 9 9 9 9 9 9 9 9 9 9 7 9 1 9 100
wwu5 9 9 9 9 7 4 9 9 9 9 9 9 9 9 9 9 9 9 9 7 16 31 9 13 9 13 22 1 14 100
wsuter2 9 9 29 24 9 100
thowe1 9 9 9 9 9 9 24 29 9 9 9 9 29 24 100
mmian 9 9 3 9 9 34 24 29 100
jhouge 9 100
slemaign 9 9 9 9 9 9 29 24 100
ldamoose 9 9 9 9 9 9 9 29 9 24 34 100
sburnbau 9 9 9 9 9 9 9 9 9 26 9 9 9 9 9 9 9 100
nwarren 9 9 9 9 9 9 9 9 34 24 29 100
bconnol3 9 9 29 24 34 9 100
rheitkam 9 9 24 7 9 9 9 9 9 9 9 29 24 34 100
jmullike 9 9 9 9 34 24 29 100
chickey3 9 29 24 100
athoma24 9 9 9 29 24 9 29 24 100
rgensler 9 9 9 9 9 9 9 9 9 9 9 34 24 29 100
kthornt4 9 9 9 29 34 24 9 100
pvlandis 9 29 24 9 24 100
mmizraji 9 9 34 29 24 9 9 9 100
zpavlin 9 9 9 9 9 9 9 9 9 9 9 34 29 9 9 100
ydeng3 9 9 9 7 9 9 100
kfox8 9 29 24 100
lsulli11 9 9 9 29 24 9 100
jgorman6 9 9 9 100
enunez 9 9 29 24 100
jdirksen 9 9 34 9 9 9 9 34 9 24 29 9 100
whornby 9 100
jwade5 9 9 100
mblatt1 9 9 9 9 9 9 9 9 9 29 24 9 9 9 9 7 26 9 29 24 100
jowusuko 9 9 9 9 9 9 7 100
mmang 9 9 34 24 29 100
waberger 9 9 34 24 29 9 34 24 29 9 100
llombar2 9 9 9 9 34 29 24 100
gkaiser 9 9 9 9 9 9 9 9 9 9 29 24 34 9 100
koconn27 9 100
aweishan 9 9 9 9 9 9 24 29 9 9 100
mcaskey 9 34 24 29 9 9 34 29 24 100
jguarino 9 9 9 9 100
cseymou2 9 9 9 9 9 9 9 34 29 24 100
dplagenz 9 9 29 24 34 9 100
csasso 9 9 9 9 9 9 9 9 29 34 24 100
amccar11 9 9 9 29 24 34 9 100
yshi6 9 7 9 9 9 7 25 14 26 27 9 21 9 7 4 7 9 100
minoue2 9 9 9 29 24 34 9 100
jwinebre 9 34 9 100
sgalbens 9 27 25 14 9 9 9 9 7 9 9 7 9 26 9 9 13 9 100
jlazzara 9 9 9 9 9 9 9 9 9 9 9 34 29 24 9 100
vruesch 9 29 9 29 24 100
nniere 9 33 9 9 9 9 9 100
ghong 9 9 29 24 9 100
bhogan1 9 27 25 9 9 9 9 9 9 100
wdu 9 9 100
tmercier 9 34 9 9 29 24 9 9 29 100
esunshi1 9 9 34 24 29 100
eevans9 9 9 9 9 24 9 9 9 11 9 9 9 1 26 33 15 19 18 9 23 20 9 9 9 9 9 13 14 9 9 9 9 100
bkenney1 9 22 1 31 3 9 9 9 9 9 9 9 29 24 100
cdieckma 9 29 9 9 29 24 34 100
mcoggins 9 13 26 9 22 9 9 29 24 100
lblitzer 9 9 9 100
jdelledo 9 9 9 9 34 29 24 100
mfreedlu 9 9 9 9 9 9 9 29 24 34 100
tprice4 9 9 9 9 29 24 100
lbarret2 9 24 29 9 5 34 100
eralph 9 9 9 29 24 100
bhalliga 9 9 9 9 9 26 9 14 27 9 9 14 25 27 9 9 9 9 100
sroennec 9 9 9 29 24 34 100
jmurph32 9 9 9 9 9 9 29 24 100
cfrentze 9 9 9 9 29 24 9 34 100
mnewcome 14 25 27 34 9 9 7 9 29 24 34 9 9 9 9 9 7 9 9 9 9 9 9 9 9 7 100
jsitarsk 9 9 9 100
tpreko 9 9 9 34 29 24 100
mtreacy 9 9 9 9 9 9 9 9 9 9 29 24 9 9 29 24 9 34 100
ccampb21 9 9 9 9 9 9 9 100
rrivera8 9 9 29 24 9 9 34 9 100
rblack4 9 7 9 9 9 9 9 9 21 25 27 9 9 9 29 24 100
jwelsch 14 25 27 9 9 7 9 9 9 16 31 9 9 3 26 9 9 9 14 9 9 9 22 9 31 16 13 9 9 7 9 9 9 100
jgately1 9 9 9 9 9 9 9 9 9 29 24 100
gdean 9 9 9 29 24 100
ewigutow 9 9 9 9 29 24 100
dgibbon2 9 9 9 9 9 100
cmorton2 9 9 100
mrooney6 9 9 9 9 29 24 9 34 24 9 29 9 100
mmoran12 9 29 9 9 9 24 9 100
jwalte10 9 9 9 29 24 34 9 100
jcarney6 9 26 9 9 9 14 9 9 31 9 9 34 29 9 34 24 100
pmeyer3 9 9 9 34 9 9 29 24 100
icallaha 9 9 29 24 34 100
dtoth1 9 29 24 100
kkostola 9 9 9 34 29 24 100
dlee26 9 9 9 34 29 24 100
yying 9 9 9 9 9 9 9 100
swagy 9 34 29 24 100
rroque1 9 9 9 9 9 9 9 9 9 29 24 100
kdantoni 9 9 29 24 34 100
wmohler 9 14 9 9 29 34 9 29 9 24 34 9 100
lklein1 9 9 24 29 100
jbecker9 9 100
hrague 9 9 9 9 34 29 24 100
cott 9 9 9 9 9 29 24 34 100
mholzbau 9 100
mhawkin3 9 9 9 9 31 26 9 25 9 9 25 9 9 9 7 29 24 34 100
lharmon 9 9 34 24 9 29 100
elazzaro 9 9 9 9 9 29 24 34 100
tburley 9 14 9 9 14 9 9 7 9 7 9 9 7 9 9 9 9 7 31 9 9 9 100
shenn 9 9 9 29 24 100
jgomez5 9 9 9 9 9 9 9 7 9 9 29 9 34 24 15 19 11 9 9 7 9 9 100
jfries3 9 9 25 27 14 34 9 9 14 25 27 9 9 7 9 9 9 9 9 29 24 100
bniemoel 9 9 9 9 29 24 100
kriordan 9 9 9 9 9 9 9 29 24 100
jmurph33 9 9 34 29 9 24 100
dcorr1 9 9 9 9 9 9 9 9 9 100
cemenalo 9 9 9 9 9 34 29 24 100
yjung2 9 9 9 9 9 100
rpappas 9 9 9 9 9 9 26 9 9 9 9 9 29 24 100
mmerric1 9 9 9 100
mdosch 9 9 29 24 34 9 9 9 100
jbettag 9 100
jbernin1 9 9 9 9 9 9 9 9 9 9 7 9 9 7 9 26 9 9 9 29 24 100
gbruenin 9 9 9 14 25 27 9 34 25 9 9 9 25 9 9 9 7 9 7 33 16 9 26 9 7 9 29 24 24 9 9 9 9 9 9 100
ddallava 9 7 9 9 7 34 9 100
cgamboa 9 25 9 9 7 9 9 9 9 9 7 9 9 9 7 9 100
nquartir 9 7 9 9 9 9 9 9 29 24 100
lfaubion 9 100
cwilso24 9 9 9 9 9 9 34 29 24 100
aursino1 31 34 9 30 31 16 26 100
msummer2 9 9 9 25 9 9 9 9 29 24 15 19 9 7 9 100
kramm 9 9 9 34 9 24 29 9 100
jchapple 9 100
jbonds 9 9 9 9 34 29 24 9 100
dbirzer 9 9 9 13 16 31 22 3 9 9 26 7 9 9 100
cfish 9 100
nholmes1 9 34 33 14 9 9 34 11 9 15 19 100
ngiovino 9 34 29 24 100
eherber1 9 9 29 24 100
cgallag3 9 9 9 29 24 34 100
tzheng2 9 4 9 9 9 9 9 29 24 100
mgerber 9 9 9 34 100
jcolli23 9 7 33 9 9 9 9 9 7 9 9 9 100
awalton3 9 9 29 24 34 100
vwhitmor 9 9 29 24 34 9 9 9 29 24 9 9 9 29 24 100
rpellica 9 9 9 9 9 33 9 100
rmyers9 9 9 9 24 29 9 9 34 100
jdoerer 9 100
gbiltz 9 9 100
aheck1 9 9 9 9 9 9 9 9 9 9 9 29 24 9 100
ucooper 9 9 9 9 9 29 24 34 100
rschill1 9 9 9 7 9 7 9 9 9 9 9 9 9 9 100
mschlic1 9 9 9 9 29 24 9 100
