dtorgers 12 12 37 12 12 12 12 37 12 37 12 37 12 12 12 12 37 12 37 12 12 36 36 36 36 12 12 12 12 31 9 36 12 12 17 0 12 37 12 12 12 12 36 36 36 36 12 12 37 12 36 12 37 12 12 12 37 12 36 9 
mdawson3 12 12 12 12 12 12 37 12 8 37 12 12 37 12 10 30 12 12 8 37 12 12 37 12 
cdavin1 12 37 12 36 36 36 36 12 12 37 12 12 37 12 12 12 25 36 12 12 37 12 37 12 25 37 12 12 12 23 16 36 36 36 12 
alebron1 12 12 37 12 37 12 37 12 37 12 10 30 4 25 12 36 36 36 12 37 12 37 12 12 12 36 36 36 36 36 36 12 12 12 4 30 25 12 10 37 12 8 36 36 36 12 36 36 12 36 36 36 12 37 12 37 12 37 12 
ccooper8 12 12 12 12 12 12 37 12 12 8 37 12 37 12 37 12 37 12 25 12 12 37 12 37 12 37 12 23 5 16 25 12 37 12 
nweindel 12 12 37 12 37 12 37 12 12 12 25 37 12 25 36 36 36 36 23 5 37 12 23 5 16 37 5 16 25 23 37 12 12 25 12 
ntownsen 12 12 10 10 30 30 12 12 12 12 12 12 37 12 12 36 36 36 12 37 12 37 12 37 12 37 12 12 
jberg2 12 12 37 12 37 12 37 12 37 12 37 12 37 12 37 12 37 12 
fhita 12 37 12 12 37 12 12 37 12 37 12 36 36 36 36 12 12 12 12 12 23 5 16 37 12 37 12 37 12 37 12 
mmcfarli 12 12 36 36 12 12 12 37 12 37 12 37 12 12 37 12 12 
mlengwin 12 12 37 12 37 12 37 12 37 12 12 23 5 16 36 12 37 12 8 37 12 37 12 
kwurl 12 12 37 12 12 37 12 37 12 12 12 8 37 12 37 12 
ccampb20 12 10 25 30 37 12 37 12 5 
pbrown10 12 12 10 30 12 12 12 12 12 12 37 12 12 37 12 37 12 37 12 37 12 
rdiejoma 12 12 37 12 37 12 37 12 37 12 37 12 37 12 12 10 30 37 12 4 
kkalisik 12 12 12 12 37 12 12 37 12 12 8 12 36 36 36 12 37 12 
drogers1 12 12 37 12 24 27 25 10 36 30 12 12 37 12 37 12 36 36 12 12 37 12 37 12 37 12 37 12 12 8 25 23 5 37 12 5 37 16 
cdelpila 12 12 10 30 4 37 10 30 12 37 12 37 12 25 23 5 16 25 12 12 
cbolivar 12 12 37 12 12 37 12 10 30 4 37 12 36 36 36 36 36 12 12 37 12 37 12 
muhlenbr 12 25 10 30 4 36 36 12 
msmith75 12 37 12 37 12 9 36 12 25 5 16 23 37 12 37 12 12 9 
pmcguir2 12 37 12 37 12 37 12 37 12 12 23 
mgirod 12 37 12 37 12 37 12 37 12 12 37 12 12 12 10 30 4 12 37 12 37 12 10 
mdonnel6 12 37 12 36 12 12 12 37 12 12 37 12 37 12 
zgartenh 12 37 12 37 12 36 36 12 12 23 5 16 37 12 12 37 12 37 12 37 12 
mfitzg14 12 12 37 12 12 25 8 36 12 12 36 36 36 23 5 16 25 8 37 12 
alabella 12 12 37 12 12 37 12 37 12 37 12 25 37 12 12 10 30 4 37 12 36 36 36 36 12 37 12 37 12 
mcomunie 12 12 3 25 37 12 12 8 8 37 12 12 37 12 
bferrer1 12 12 37 12 37 12 12 12 8 37 12 37 12 12 36 36 36 36 36 12 23 5 16 36 36 12 12 8 36 36 36 12 12 37 12 
pcataldi 12 12 10 10 30 30 4 4 37 12 37 12 36 12 10 30 4 37 12 
aohri 12 12 12 12 10 10 37 12 12 30 30 37 12 37 12 37 12 12 12 30 12 37 12 37 12 
pklekamp 12 12 36 36 36 36 12 12 37 12 37 12 37 12 37 12 37 12 37 12 
amccar10 12 12 12 12 37 12 12 12 12 37 12 37 12 37 12 12 12 25 12 23 12 5 16 12 
nwamble 12 12 37 12 12 37 12 37 12 37 12 37 12 12 8 23 36 16 
wwu5 12 37 12 37 12 37 12 37 12 
wsuter2 12 12 12 12 37 12 37 12 12 8 37 12 37 12 
thowe1 12 37 12 12 23 12 36 12 5 16 37 12 
madeniyi 12 37 12 37 12 12 12 36 36 36 12 37 12 25 
mmian 12 37 12 12 37 12 37 12 12 
jsoares 12 37 12 12 37 12 12 10 30 37 12 12 36 36 12 36 36 36 12 4 36 36 12 
jhouge 12 10 30 4 37 12 36 36 36 36 36 12 37 12 
ldamoose 12 12 36 12 36 36 36 36 12 37 12 12 8 37 12 37 12 
sburnbau 12 12 36 36 36 12 12 37 12 37 12 12 10 
nwarren 12 12 8 37 12 12 25 23 5 16 37 12 
jmullike 12 12 37 12 37 12 37 12 36 36 12 25 10 30 12 12 37 12 37 12 37 12 37 12 36 36 36 36 36 36 12 25 5 23 16 37 12 
athoma24 12 37 12 
rgensler 12 37 12 12 23 16 
mmizraji 12 12 25 12 37 12 37 12 25 16 37 12 
zpavlin 12 12 12 12 12 12 25 25 37 12 25 30 37 12 37 12 37 12 8 37 12 
ydeng3 12 36 36 12 37 12 37 12 
lsulli11 12 12 12 12 37 12 37 12 10 4 30 37 12 12 37 12 
jgorman6 12 37 12 36 36 36 36 36 12 36 36 12 37 12 37 12 37 12 37 12 12 23 5 16 37 12 37 12 
mtardy 12 12 36 36 12 12 8 8 37 12 36 12 37 12 36 36 36 12 12 12 37 12 
jdirksen 12 10 30 4 12 25 37 12 
whornby 12 12 37 12 12 12 30 
mblatt1 12 30 36 36 36 36 36 10 37 12 10 30 4 36 12 37 12 12 
jowusuko 12 10 4 30 37 12 25 
jcorpora 12 25 37 12 37 12 12 37 12 12 37 12 37 12 16 5 8 12 37 12 23 
mmang 12 25 30 37 12 12 12 37 12 12 10 12 37 12 
aakatu 12 16 5 37 12 37 12 12 25 23 37 12 12 
waberger 12 25 10 30 37 12 37 12 37 12 36 36 12 37 12 12 
llombar2 12 37 12 37 12 12 25 30 10 4 37 12 36 36 36 36 36 12 37 12 12 37 12 37 12 37 12 12 12 
gkaiser 12 37 12 12 37 12 37 12 37 12 37 12 36 36 36 36 36 36 12 
koconn27 12 37 12 30 12 10 36 36 36 12 36 36 12 37 12 12 4 
aweishan 12 25 37 12 10 30 36 36 4 37 12 12 12 37 12 
mcaskey 12 
jguarino 12 12 12 16 8 37 12 37 12 12 37 12 12 
cseymou2 12 8 37 12 37 12 25 4 10 30 37 12 37 12 37 12 
dplagenz 12 37 12 37 12 12 25 23 5 16 37 12 37 12 
csasso 12 12 37 12 37 12 25 10 30 4 36 36 12 30 36 36 25 37 12 37 12 37 12 12 36 36 36 36 36 36 25 23 5 16 36 36 36 36 36 36 12 8 36 36 36 12 
amccar11 12 12 37 12 10 30 4 25 12 37 12 37 12 
yshi6 12 12 10 30 4 25 
tpillai 12 12 37 12 37 12 10 4 
jwinebre 12 12 12 12 8 8 25 25 30 30 10 10 37 12 37 12 12 37 12 37 12 37 12 12 25 37 12 
tanggara 12 12 12 24 27 36 36 36 36 12 37 12 12 36 36 12 10 30 4 37 12 12 8 
sgalbens 12 37 12 12 10 30 4 36 36 12 30 37 12 37 12 37 12 37 12 37 12 
jlazzara 12 25 10 37 12 36 36 12 
nniere 12 12 37 12 12 12 12 37 12 
ghong 12 12 10 30 4 23 37 12 37 12 16 5 8 12 23 37 12 12 
bhogan1 12 37 12 37 12 37 12 37 12 25 23 16 37 12 
wdu 12 12 8 37 12 37 12 37 12 
mball 12 12 12 12 37 12 37 12 12 37 12 12 12 12 12 36 36 36 12 10 30 37 12 
esunshi1 12 37 12 36 36 36 12 12 4 25 10 30 37 12 
bkenney1 12 12 37 12 37 12 12 37 12 37 12 12 36 36 36 36 12 12 37 12 
asimonet 12 30 10 37 12 12 12 4 37 12 36 36 12 37 12 37 12 12 
cdieckma 12 12 10 10 30 30 4 4 37 12 8 37 12 
lblitzer 12 37 12 37 12 37 12 37 12 37 12 12 37 12 
jdelledo 12 12 25 25 12 12 10 10 30 30 4 4 12 12 
mmoore18 12 37 12 37 12 37 12 12 
tprice4 12 12 12 12 37 12 12 16 5 23 
eralph 12 12 37 12 12 37 12 37 12 10 30 12 37 12 37 12 12 37 12 
sroennec 12 10 30 4 25 37 12 37 12 37 12 
cfrentze 12 37 12 23 5 16 25 36 36 12 
jsitarsk 12 12 12 10 30 4 
tpreko 12 12 25 4 12 30 10 37 12 8 37 12 37 12 12 
mtreacy 12 12 37 12 37 12 37 12 
ccampb21 12 12 30 10 4 37 12 
rblack4 12 12 12 37 12 37 12 23 5 16 12 12 37 12 12 
jwelsch 12 10 30 4 37 12 
jgately1 12 24 10 30 36 4 12 
gdean 12 12 12 12 25 25 37 12 12 37 12 37 12 10 5 16 37 12 12 37 12 23 
ewigutow 12 12 37 12 12 12 10 30 
dgibbon2 12 12 37 12 12 8 37 12 36 36 36 36 12 37 12 12 12 12 30 
mrooney6 12 12 10 10 30 30 4 4 12 25 37 12 10 12 12 37 12 37 12 
jcarney6 12 25 10 4 30 37 12 12 37 12 37 12 
pmeyer3 12 25 10 36 36 36 12 30 4 25 30 37 12 
icallaha 12 12 12 25 8 36 36 36 10 36 36 30 36 4 12 
dtoth1 12 37 12 12 37 12 37 12 
dlee26 12 37 12 37 12 12 12 
yying 12 30 10 37 12 37 12 37 12 
swagy 12 37 12 25 10 30 4 37 12 12 12 37 12 
kdantoni 12 12 8 12 25 23 5 16 
wmohler 12 12 10 10 30 30 37 12 4 25 37 12 12 37 12 8 23 5 16 37 12 25 
jbecker9 12 37 12 37 12 23 5 16 36 12 25 
cott 12 12 37 12 10 30 25 37 12 37 12 4 37 12 12 8 
mhawkin3 12 10 30 4 37 12 12 12 10 12 12 37 12 12 37 12 23 5 16 
elazzaro 12 37 12 37 12 4 30 10 
jgomez5 12 37 12 
jfries3 12 37 12 12 12 10 30 4 36 36 12 37 12 5 16 25 
bniemoel 12 4 10 30 12 
kriordan 12 37 12 
jmurph33 12 12 12 37 12 37 12 37 12 37 12 
dcorr1 12 37 12 37 12 37 12 12 37 12 37 12 
cemenalo 12 10 30 4 25 37 12 37 12 37 12 37 12 12 
yjung2 12 12 4 12 30 37 12 12 37 12 
rpappas 12 12 37 12 37 12 37 12 23 5 16 37 12 37 12 
mmerric1 12 12 12 10 30 4 12 12 
mdosch 12 23 5 16 25 12 12 12 
jbettag 12 12 37 12 12 12 37 12 12 36 36 36 36 12 
jbernin1 12 10 30 37 12 30 4 
hrivers 12 25 37 12 25 36 36 4 36 36 36 12 37 12 10 30 25 4 
ddallava 12 37 12 12 25 12 12 30 10 
cgamboa 12 12 37 12 4 25 30 37 12 10 37 12 36 36 36 36 12 12 12 12 12 
nquartir 12 12 12 12 12 12 36 12 12 37 12 36 36 36 36 12 12 16 37 12 23 5 37 12 
lfaubion 12 37 12 30 4 37 12 37 12 12 37 12 
cwilso24 12 37 12 37 12 12 25 23 5 16 12 
aursino1 12 12 12 12 37 12 12 37 12 12 10 30 4 37 12 12 37 12 
kramm 12 12 37 12 12 10 37 12 30 37 12 37 12 25 12 16 
jchapple 12 12 37 12 12 37 12 8 5 12 23 16 37 12 
jbonds 12 25 37 12 36 10 30 4 25 37 12 37 12 8 
eherber1 12 12 12 37 12 12 5 23 16 37 12 37 12 
cgallag3 12 37 12 25 16 5 37 12 
wstackma 12 12 12 12 12 12 
jcolli23 12 12 25 16 37 8 37 12 25 36 36 36 36 36 36 12 5 12 
awalton3 12 12 37 12 37 12 
mdillon7 12 12 10 30 37 12 30 
gbiltz 12 37 12 37 12 37 12 
areaves 12 36 12 
aheck1 12 37 12 10 30 4 12 4 37 12 37 12 37 12 
ucooper 12 25 10 30 12 36 36 36 36 36 12 37 12 37 12 8 12 25 
tguinan 12 10 37 12 4 30 37 12 10 37 12 37 12 
rschill1 12 12 4 10 30 
mperry6 12 12 12 12 10 10 37 12 10 30 4 37 12 12 10 12 12 
jfenton1 12 37 12 37 12 
csauder 12 12 37 12 37 12 
alowney 12 12 37 12 12 12 23 16 36 36 36 36 12 
zkagalw1 12 30 37 12 8 5 16 37 12 
swilkin4 12 12 12 12 37 12 37 12 37 12 12 37 12 25 
awang4 12 12 37 12 36 12 10 30 4 37 12 16 
abenavi3 12 37 12 37 12 10 30 25 37 12 37 12 37 12 
jleporte 12 30 10 12 25 37 12 12 37 12 12 
adichris 12 8 25 37 12 23 5 16 25 12 12 
scrotty1 12 12 12 12 10 10 30 30 36 36 36 36 36 36 4 4 12 12 37 12 37 12 12 37 12 16 36 5 23 12 8 
pfarring 12 12 25 12 4 10 37 12 37 12 
pdesousa 12 12 10 30 4 37 12 
lfitter 12 10 30 4 37 12 
kenriett 12 12 10 30 12 37 12 12 
hzahour 12 12 12 12 25 25 12 12 36 36 12 12 10 10 37 12 37 12 25 12 37 12 23 16 
emostyn 12 10 30 36 36 36 36 36 4 25 12 36 36 36 36 12 12 25 
athigpen 12 12 10 10 30 30 4 4 37 12 12 37 12 37 12 
amellert 12 12 30 10 37 12 12 
tdann 12 12 37 12 37 12 37 12 12 30 10 
mlicursi 12 12 37 12 12 25 10 30 4 36 12 4 37 12 23 5 16 25 
mdrake2 12 37 12 37 12 12 36 36 36 36 36 12 37 12 37 12 37 12 
inegroro 12 12 12 12 37 12 12 12 12 25 25 4 4 37 12 12 37 12 
nbenz 12 25 10 37 12 12 37 12 12 30 36 10 37 12 
cpickfor 12 25 12 10 37 12 30 4 37 12 12 37 12 
bmoasser 12 37 12 4 30 10 12 12 9 
apurcel1 12 12 12 12 37 12 37 12 37 12 12 4 10 30 25 
kmollenk 12 37 12 16 37 12 12 12 25 12 12 5 23 
ccarlso2 12 25 16 5 23 37 12 5 
bmoreno1 12 12 12 12 12 12 37 12 10 12 4 12 37 12 
smanriqu 12 37 12 
mmillado 12 12 37 12 36 36 36 36 36 12 12 10 4 30 
mferrel2 12 12 37 12 10 30 4 36 36 12 37 12 37 12 12 37 12 
jmcconn1 12 12 12 12 37 12 37 12 37 12 37 12 30 10 
ecahill 12 
alucche1 12 25 12 10 30 37 12 12 25 
odonnel1 12 25 37 12 37 12 37 12 36 4 36 36 36 30 10 
mpirko 12 12 25 30 10 
mlyden1 12 12 25 4 30 10 
mdekold 12 12 12 12 
eschnaut 12 37 12 37 12 8 12 12 12 12 12 37 12 8 37 12 12 
sholtz1 12 10 30 4 37 12 
nhaymond 12 12 37 12 37 12 37 12 12 10 30 4 37 12 
kmuha 12 10 30 4 25 12 
kfeehan 12 37 12 12 10 30 
kalme 12 25 10 30 4 37 12 37 12 25 16 37 12 23 5 
ivaldess 12 12 10 10 30 30 37 12 12 37 12 37 12 
rboylan 12 37 12 36 10 30 4 36 12 37 12 37 12 37 12 37 12 
ncheng 12 10 30 4 25 12 36 36 36 36 36 12 37 12 
jcuji 12 12 12 12 12 12 30 30 12 12 37 12 12 12 12 12 12 8 36 36 36 36 36 12 12 23 36 16 
dfabrega 12 37 12 
angov 12 12 37 12 12 25 30 10 37 12 
scrippes 12 12 37 12 
mpavloff 12 12 3 24 27 12 12 12 25 
losecco 12 10 30 4 25 37 12 
lnixon1 12 12 37 12 12 10 30 4 12 37 12 
jshard 12 37 12 12 25 8 23 5 36 36 12 16 12 
hthomps4 12 36 12 37 12 12 2 26 33 12 3 24 27 37 12 10 30 4 37 12 10 30 4 
ewood1 12 37 12 37 12 12 37 12 8 
estrouse 12 23 5 16 25 
sekanay1 12 12 25 25 36 12 12 37 12 
odegnim 12 10 30 4 37 12 37 12 37 12 
kcox5 12 12 25 25 10 10 30 30 12 12 36 36 36 36 4 4 37 12 37 12 16 
kborotho 12 10 37 30 36 4 36 36 36 36 12 12 37 12 37 12 37 12 
hbyrne 12 37 12 8 25 23 5 16 
ggulyas 12 12 12 12 4 4 30 30 10 10 25 25 12 12 
ekeuler 12 12 37 12 12 37 12 37 12 37 12 
egeyer1 12 12 10 30 4 25 12 
dlong2 12 
apavelka 12 12 37 12 10 12 5 16 23 25 37 12 12 37 12 
rbartle1 12 10 30 4 
nyusko1 12 12 37 12 12 12 12 10 30 36 36 36 36 36 12 37 12 37 12 37 12 
motten1 12 
etorrent 12 12 37 12 37 12 12 8 
ereynol5 12 10 30 4 25 37 12 37 12 37 12 37 12 
dpatel2 12 12 37 12 37 12 36 36 36 12 25 36 36 36 36 36 23 5 16 36 12 12 
cmoreno5 12 3 12 4 12 10 30 
bgawel 12 12 12 5 23 16 
bconlon 12 37 12 12 30 10 4 16 
apanousi 12 10 30 4 25 37 12 12 37 12 
smcmull1 12 
rvazza 12 37 12 36 36 36 36 36 12 10 30 4 37 12 12 10 30 4 36 36 36 12 
mrohling 12 37 12 
edebassi 12 12 10 30 4 
dsmith53 12 12 10 30 4 37 12 12 12 37 12 12 12 
cdowicz 12 37 12 36 36 12 37 12 4 12 37 12 12 
bnakfoor 12 12 12 12 25 25 4 4 37 12 10 30 36 36 36 12 
mmccor15 12 37 12 
mgray10 12 10 30 4 25 12 12 12 37 12 
mfraizer 12 12 37 12 37 12 12 10 30 
lherna11 12 
dserafin 12 16 10 25 8 36 12 4 10 30 36 12 37 12 12 25 37 12 8 
bpowell4 12 37 12 12 37 12 12 37 12 12 
mdownin1 12 25 30 10 37 12 25 10 30 4 37 12 23 25 
lduggan 12 10 36 36 30 
kmclaug3 12 12 37 12 37 12 
jbrown36 12 12 12 12 37 12 
dkim30 12 12 37 12 12 10 30 4 
amora2 12 37 12 12 12 37 12 37 12 12 10 30 4 12 37 12 
adrisco2 12 37 12 
wbaer 12 12 12 12 37 12 36 12 37 12 5 16 12 12 8 
nisakson 12 12 12 10 
lmcfadde 12 37 12 37 12 36 36 12 10 37 30 12 25 37 12 30 25 12 12 25 
kmurph44 12 12 10 36 36 36 30 4 25 36 36 36 36 36 8 36 36 12 12 
hadams3 12 12 24 24 3 3 37 12 37 12 36 36 36 12 37 12 12 10 30 4 23 5 16 
enichol4 12 10 30 4 37 12 10 30 4 12 25 
egroth 12 25 10 30 4 12 37 12 
aheinzma 12 10 30 4 36 36 12 37 12 12 25 12 37 12 37 23 5 16 
ahall2 12 10 24 27 30 4 12 25 36 36 36 36 36 12 12 12 37 12 
adecker1 12 25 30 10 
smonaha1 12 37 12 12 
sdeschne 12 10 4 12 30 37 12 8 
gniforat 12 3 24 27 37 12 10 30 4 12 
awaldsch 12 37 12 37 12 36 12 4 37 12 37 12 12 23 5 16 37 12 12 
adevito1 12 10 30 4 37 12 
tsilva1 12 10 30 4 
mmarti45 12 12 12 12 16 16 5 5 23 
mjorden 12 4 30 12 12 25 12 36 12 37 12 12 8 23 5 16 25 
ldorenko 12 25 12 10 30 4 
ktracey 12 25 10 30 4 37 12 12 36 36 12 
kbiladea 12 37 12 
gotte1 12 12 12 12 12 12 8 8 9 9 37 12 12 12 23 5 16 37 12 
bmurph24 12 12 21 21 37 12 25 36 36 36 36 12 23 5 16 
azammit 12 37 12 37 12 
arabbitt 12 12 37 12 12 12 10 30 4 25 
wcheong 12 12 37 12 10 30 4 37 12 
kmoran11 12 37 12 12 37 12 10 30 37 12 
kgalla20 12 4 10 30 37 12 23 5 16 36 12 12 
jsutton3 12 25 36 36 36 36 12 10 30 4 
jhegart2 12 37 12 4 12 23 5 16 
japplew1 12 10 30 4 36 36 12 37 12 
imurrer 12 12 12 37 12 12 10 10 30 30 4 4 36 25 25 37 12 12 37 12 37 12 
fschemel 12 37 12 12 37 12 12 37 12 
fprimozi 12 
cmagnuss 12 12 5 23 16 12 37 12 
mscanish 12 10 30 4 36 36 36 12 37 12 
lgrabows 12 37 12 10 30 37 12 12 8 25 
lcaffar1 12 25 10 30 37 12 4 37 12 25 16 23 5 
bmerrick 12 37 12 36 36 36 36 36 12 25 
rrocco 12 10 30 36 36 36 12 36 36 36 36 12 37 12 37 12 8 12 37 12 12 37 12 12 12 25 5 23 16 37 12 
rpuno 12 37 12 37 12 12 37 2 25 4 10 30 
lyan4 12 10 4 30 
jbaines 12 25 37 12 10 30 4 37 12 
blemay 12 12 36 36 12 10 30 36 12 4 12 
alongsta 12 10 30 4 
pcamara 12 12 37 12 12 10 23 16 37 12 37 12 
operez2 12 12 37 12 23 5 16 12 12 
nvincent 12 
lcho 12 10 30 4 
jpaul2 12 12 37 12 37 12 16 23 12 8 
ischmitz 12 12 
egorman5 12 25 16 5 12 23 
cdenzel 12 12 12 12 
asowell 12 12 23 5 16 37 12 
yzou2 12 36 12 10 
kpaulsen 12 25 10 30 12 4 37 12 23 8 
gcramer1 12 12 24 36 36 36 36 3 27 37 12 37 12 12 10 30 36 36 4 
esoller 12 10 12 30 4 37 12 37 12 
egorman6 12 8 37 12 12 23 5 37 12 
ckotseos 12 
cganley 12 25 10 23 5 16 37 12 37 12 37 12 12 12 12 
asweet 12 8 37 12 12 12 10 30 
amonroe1 12 36 36 36 36 12 10 30 4 37 12 37 12 
abulaoro 12 12 37 12 37 12 37 12 
thuber1 12 37 12 25 30 
sincera 12 12 12 12 37 12 12 
phennes2 12 12 12 12 30 30 12 12 37 12 12 16 23 5 12 
kkolleck 12 12 25 25 36 10 10 30 30 
epil 12 25 37 12 37 12 37 12 25 16 
awitte 12 10 30 4 12 
taguirre 12 10 30 4 36 36 36 36 36 36 12 37 12 
sbindel 12 12 25 25 12 12 12 12 10 10 30 30 4 4 12 12 
kcockrel 12 37 12 37 12 25 23 16 37 12 8 36 33 23 36 36 12 
jphilli8 12 10 30 12 37 12 12 12 10 37 12 37 12 36 12 37 12 37 12 36 36 12 12 
eguenthe 12 36 36 36 36 12 12 37 12 37 12 12 37 12 23 5 16 
creid4 12 25 37 23 16 5 23 23 37 12 
carizama 12 37 12 37 12 37 12 5 12 16 12 8 37 12 8 
anataraj 12 12 37 12 25 10 30 4 
svukovit 12 10 30 4 12 
pyoung3 12 12 12 12 25 25 37 12 10 30 4 25 
mraster 12 12 36 36 36 36 36 12 12 12 12 37 12 12 37 12 12 23 5 16 25 
lbakke 12 3 24 27 37 12 10 37 30 4 
