dtorgers 12 37 12 12 37 12 12 12 12 12 36 12 12 36 36 36 12 12 37 12 36 12 37 12 37 12 12 37 12 12 
mdawson3 12 11 7 18 37 12 12 12 36 36 36 36 12 12 37 12 37 12 12 12 8 
cdavin1 12 37 12 8 37 12 8 37 12 12 37 12 37 12 37 12 12 
alebron1 12 37 12 37 12 37 12 37 12 8 37 12 8 36 36 12 37 12 8 12 8 12 
ccooper8 12 37 12 36 36 36 36 36 12 8 37 12 36 36 36 12 8 37 12 36 36 36 36 12 8 18 12 30 13 33 37 12 37 12 37 12 
nweindel 12 37 12 8 37 12 37 12 8 36 36 36 12 37 12 12 8 9 37 12 12 36 12 37 12 
ntownsen 12 12 
jberg2 12 37 12 37 12 37 12 37 12 37 12 37 12 37 12 36 36 36 12 
fhita 12 37 12 37 12 37 12 37 12 36 36 36 36 36 12 37 12 36 36 12 12 36 12 12 36 36 32 12 37 12 
mmcfarli 12 12 37 12 12 8 
mlengwin 12 8 37 12 8 37 12 37 12 8 36 36 36 12 8 37 12 37 12 
kwurl 12 37 12 12 37 12 
ccampb20 12 37 12 37 12 37 12 37 12 12 8 
pbrown10 12 12 37 12 12 12 23 16 37 12 
rdiejoma 12 37 12 37 12 
kkalisik 12 12 37 12 8 
drogers1 12 37 12 37 12 
cdelpila 12 8 12 9 36 12 9 36 36 12 12 36 23 36 12 26 26 0 6 12 12 8 
cbolivar 12 12 37 12 37 12 12 37 12 37 12 37 12 12 
muhlenbr 12 8 12 32 12 12 17 36 12 30 23 19 18 0 11 36 36 36 36 8 32 3 6 0 9 36 36 36 5 12 
msmith75 12 37 12 37 12 12 12 36 36 11 18 27 23 2 5 12 37 12 37 12 
pmcguir2 12 
jstaten 12 37 12 17 37 12 37 12 7 32 23 29 36 36 36 32 22 37 12 37 12 
mgirod 12 37 12 12 8 36 36 36 7 32 12 12 12 3 10 12 12 12 12 18 12 20 12 36 36 36 12 12 28 0 
mdonnel6 12 12 37 12 
zgartenh 12 37 12 37 12 37 12 36 36 36 36 36 12 36 36 12 
mfitzg14 12 36 36 12 20 17 30 0 12 37 12 12 37 12 12 12 
alabella 12 37 12 37 12 12 36 36 12 12 
mcomunie 12 4 36 36 12 37 12 12 12 12 12 12 36 36 12 8 37 12 
bferrer1 12 37 12 
pcataldi 12 13 12 36 36 36 36 12 36 36 36 36 12 37 12 12 12 8 12 37 12 37 12 
aohri 12 37 12 37 12 36 36 12 
pklekamp 12 37 12 37 12 36 36 36 36 36 12 8 12 12 18 36 3 32 12 37 12 12 0 6 37 12 
amccar10 12 12 8 9 36 36 36 12 12 12 36 36 26 12 36 12 12 
nwamble 12 8 37 12 37 12 37 12 37 12 8 
wwu5 12 37 12 36 36 36 8 36 36 36 12 36 36 12 4 26 36 12 37 12 
wsuter2 12 37 12 37 12 37 12 37 12 36 36 36 36 12 37 12 
thowe1 12 37 12 37 12 8 
madeniyi 32 33 2 36 30 10 24 16 
mmian 12 37 12 37 12 12 8 37 12 37 12 37 12 12 37 12 12 37 12 8 36 36 12 8 
jsoares 12 8 
jhouge 12 12 12 37 12 37 12 8 
slemaign 12 37 12 8 37 12 
ldamoose 12 37 12 37 12 37 12 
sburnbau 12 12 12 37 12 
nwarren 12 
bconnol3 12 
rheitkam 12 37 12 8 
jmullike 12 37 12 37 12 37 12 
chickey3 12 
athoma24 12 37 12 12 
rgensler 12 37 12 37 12 12 
kthornt4 12 36 36 36 12 8 37 12 
pvlandis 12 8 37 12 37 12 
mmizraji 12 8 36 36 36 36 36 36 12 37 12 37 12 8 36 36 36 36 36 12 25 
zpavlin 12 37 12 36 36 36 36 36 12 8 
kfox8 12 12 8 
lsulli11 12 36 36 36 36 36 36 12 36 36 36 36 36 36 12 12 12 37 12 37 12 12 37 12 37 12 
jgorman6 12 37 12 37 12 8 
enunez 12 12 12 37 12 12 12 8 37 12 8 
mtardy 12 37 12 8 
jdirksen 12 25 36 12 37 12 
whornby 12 37 12 8 12 11 18 32 12 24 30 10 27 1 33 36 36 12 12 37 12 12 12 
jwade5 12 37 12 
mblatt1 12 8 37 12 8 37 12 8 32 36 36 11 36 36 34 36 36 29 12 27 
jowusuko 12 37 12 
jcorpora 12 36 36 36 36 36 12 8 
mmang 12 37 12 37 12 37 12 12 8 37 12 
aakatu 12 8 12 25 12 23 5 16 37 12 36 36 12 37 12 
waberger 12 37 12 
llombar2 12 37 12 8 37 12 12 36 36 36 36 36 36 12 36 36 12 
gkaiser 12 12 
koconn27 12 37 12 37 12 37 12 12 8 37 12 
aweishan 12 37 12 12 37 12 8 
mcaskey 12 12 37 12 12 8 37 12 
jguarino 12 12 37 12 37 12 37 12 37 12 
cseymou2 12 12 25 25 37 12 36 36 36 36 12 12 37 12 8 37 12 36 36 36 12 37 12 28 3 37 12 28 3 20 22 19 37 12 
dplagenz 12 37 12 8 37 12 37 12 8 36 36 36 12 
csasso 12 37 12 
amccar11 12 12 8 37 12 8 
yshi6 12 36 36 36 12 12 8 18 11 34 22 36 5 16 10 37 12 12 37 12 37 12 
tpillai 12 12 
minoue2 12 12 37 12 37 12 8 36 2 29 
jwinebre 12 37 12 8 37 12 12 37 12 37 12 
tanggara 14 37 12 17 37 12 12 37 12 
sgalbens 12 12 37 12 12 23 12 
jlazzara 12 12 25 37 12 12 8 37 12 36 12 12 12 12 12 37 12 
vruesch 12 37 12 12 9 18 36 32 37 12 36 12 12 8 37 12 12 12 37 12 36 12 37 12 
nniere 12 
ghong 12 8 37 12 37 12 12 
bhogan1 12 37 12 37 12 37 12 36 12 8 37 12 37 12 18 
wdu 12 37 12 12 8 37 12 12 
tmercier 12 37 12 8 37 12 12 12 12 8 
mball 12 37 5 
esunshi1 12 
eevans9 12 12 37 12 12 37 12 
bkenney1 12 8 37 12 8 
asimonet 12 12 8 
cdieckma 12 8 36 36 8 37 12 37 12 
mcoggins 12 37 12 37 12 37 12 36 9 0 12 32 33 2 37 12 23 3 10 19 
lblitzer 12 
jdelledo 12 
mmoore18 12 12 12 37 12 8 36 36 36 12 37 12 12 8 36 36 36 36 36 12 
mfreedlu 12 11 22 32 10 29 13 37 12 37 12 12 36 12 
ymikulja 12 8 36 12 9 12 
tprice4 12 37 12 
lbarret2 12 37 12 37 12 10 30 25 37 12 37 12 37 12 8 
eralph 12 8 37 12 37 12 
bhalliga 12 8 12 36 17 12 12 12 12 12 12 12 12 37 12 36 36 36 36 12 
sroennec 12 12 37 12 12 8 
jmurph32 12 8 34 24 12 
cfrentze 12 37 12 
mnewcome 12 8 36 32 
jsitarsk 16 
tpreko 12 8 
mtreacy 12 12 8 37 12 32 12 12 20 37 12 12 8 17 
ccampb21 12 37 12 12 8 
rrivera8 12 8 36 36 36 12 36 36 36 12 37 12 37 12 13 36 12 37 12 
rblack4 12 
jwelsch 12 12 12 36 36 36 12 12 12 26 12 36 36 12 12 3 12 18 12 36 36 36 36 36 12 36 36 36 36 12 12 8 12 12 
jgately1 12 12 8 
gdean 12 
ewigutow 12 37 12 12 8 
dgibbon2 12 37 12 36 36 36 12 36 36 36 36 12 
cmorton2 12 8 37 12 37 12 37 12 18 12 36 36 36 36 12 32 24 12 10 3 5 12 11 29 0 15 20 
mrooney6 12 8 37 12 37 12 
mmoran12 12 8 36 36 36 12 36 36 36 36 36 26 17 36 36 30 10 11 36 36 36 36 13 18 37 12 
jwalte10 12 37 12 8 12 12 12 37 12 18 36 36 12 12 16 36 12 1 
jcarney6 12 12 25 5 23 16 37 12 12 37 12 
pmeyer3 12 37 12 8 12 12 
icallaha 12 
dtoth1 12 37 12 37 12 37 12 
kkostola 12 37 12 
dlee26 12 37 12 37 12 8 37 12 37 12 12 37 12 37 12 12 36 12 36 36 12 
yying 12 8 36 36 36 12 9 32 17 27 27 12 36 36 12 37 12 11 8 37 12 
swagy 12 37 8 16 
rroque1 12 37 12 37 12 8 37 12 9 37 12 
kdantoni 12 8 11 32 24 36 36 36 36 17 12 8 30 
wmohler 12 12 
lklein1 12 8 36 36 36 12 37 12 36 12 37 12 8 36 36 12 19 15 36 36 12 36 36 36 36 36 17 36 36 2 26 29 13 37 12 8 
jbecker9 12 36 36 36 36 12 12 8 
hrague 12 8 
cott 12 37 12 12 8 
mholzbau 12 12 37 12 8 36 36 12 37 12 37 12 
mhawkin3 12 36 36 12 8 36 36 12 28 
lharmon 12 8 37 12 36 12 36 12 32 17 
elazzaro 12 8 
tburley 12 37 12 12 25 8 
shenn 12 
jgomez5 12 12 8 37 12 37 12 37 12 37 12 37 12 12 
jfries3 12 37 12 12 12 37 12 37 12 37 12 
bniemoel 12 37 12 36 36 36 36 12 8 
mcontrer 12 36 12 12 37 12 10 36 12 8 37 12 12 36 36 12 
kriordan 12 37 12 37 12 37 12 
jmurph33 12 8 36 0 12 37 12 8 27 16 0 13 12 
dcorr1 12 37 12 37 12 37 12 12 12 8 36 36 36 12 36 36 36 36 36 12 
cemenalo 12 37 12 37 12 12 8 
yjung2 12 12 37 12 
rpappas 12 8 37 12 8 12 19 
mmerric1 12 37 12 12 37 12 8 
mdosch 12 
jbettag 12 12 8 37 12 12 32 28 3 1 20 36 36 36 36 36 12 
jbernin1 12 12 8 
hrivers 12 12 37 12 
gbruenin 12 37 12 8 
ddallava 12 37 12 36 12 
cgamboa 12 
nquartir 12 37 12 8 37 12 
lfaubion 12 8 12 
cwilso24 12 37 12 8 36 12 37 12 8 32 12 36 36 12 12 3 24 1 
aursino1 12 12 37 12 12 
msummer2 12 37 12 
kramm 12 37 12 
jchapple 12 37 12 37 12 12 36 12 
jbonds 12 12 37 12 8 
dbirzer 12 37 12 
cfish 12 12 
nholmes1 12 12 8 12 25 37 12 12 12 12 12 12 12 12 37 12 8 12 12 8 1 
ngiovino 12 12 12 8 37 12 37 12 37 12 12 
eherber1 12 37 12 12 12 8 12 
cgallag3 12 37 12 37 12 37 12 
wstackma 12 8 12 12 37 12 
tzheng2 12 37 12 
mgerber 12 12 37 12 37 12 1 36 8 37 12 12 
jcolli23 12 37 12 
awalton3 12 
vwhitmor 12 8 37 12 12 
rpellica 12 37 12 
rmyers9 12 12 8 37 12 37 12 8 
mdillon7 12 12 
jdoerer 12 37 12 
gbiltz 12 12 8 18 7 34 24 1 0 26 
areaves 12 12 36 36 36 12 37 12 12 
aheck1 12 8 37 12 
ucooper 12 37 12 37 12 
tguinan 12 8 37 12 12 8 
rschill1 12 12 8 37 12 16 5 
mschlic1 12 12 
mperry6 12 12 8 37 12 36 36 36 36 32 15 6 
jfenton1 12 36 36 12 12 8 36 36 16 5 
csauder 12 37 12 8 16 23 5 12 12 12 37 12 10 12 8 
alowney 12 8 36 36 12 37 12 8 37 12 11 18 12 8 5 10 30 0 34 32 36 31 
zkagalw1 12 37 12 23 36 25 8 
swilkin4 12 37 12 
imarx 12 
cschmid7 12 37 12 12 8 37 12 12 37 12 36 12 8 37 12 
awang4 12 12 23 5 16 12 8 
abenavi3 12 37 12 8 
sweyhmil 12 8 37 12 37 12 37 12 8 
sgenz 12 37 12 
mwu4 12 12 37 12 12 12 25 32 36 36 10 12 18 11 37 12 12 12 18 32 12 12 12 37 12 12 
jleporte 12 16 37 12 25 36 36 36 12 5 
adichris 12 28 12 18 37 12 
scrotty1 12 37 12 37 12 
pfarring 12 12 12 9 37 12 25 23 5 16 
pdesousa 12 12 8 
mkuehl 12 37 12 37 12 
lfitter 12 12 12 3 37 12 12 9 28 12 37 12 12 
kenriett 12 36 36 36 36 12 9 37 12 37 12 12 12 12 37 12 12 
jruan 12 37 12 23 5 16 25 
hzahour 12 37 12 37 12 25 
emostyn 12 8 12 12 37 12 18 0 
edohert1 12 8 
athigpen 12 23 5 16 37 12 37 12 37 12 
amellert 12 37 12 37 12 
aandrade 12 12 18 11 29 1 32 28 3 24 27 2 26 33 37 12 12 37 12 37 12 
tdann 12 
sielusic 12 37 12 8 36 36 12 37 12 8 12 36 32 36 20 6 12 17 
mlicursi 12 8 
mdrake2 12 36 36 36 36 12 37 12 12 37 12 12 37 12 37 12 
inegroro 12 8 37 12 37 12 
afonash 12 
obarnard 12 8 37 20 30 36 36 10 13 37 12 37 12 12 
nbenz 12 8 37 12 12 8 
lhuang3 12 
jwessele 12 37 12 37 12 12 8 36 7 36 36 26 32 18 1 20 8 16 4 30 
jmastron 12 8 37 12 12 8 37 12 12 12 12 8 37 12 18 36 36 36 36 12 37 12 37 12 12 36 36 36 36 12 19 28 36 36 36 12 12 36 36 12 
dmarino 12 37 12 37 12 25 36 36 12 30 
cpickfor 12 8 
apurcel1 12 12 25 36 36 36 36 36 12 36 36 36 36 36 36 12 10 37 12 23 
obaitlot 12 12 
kmollenk 12 37 12 37 12 37 12 
ccarlso2 12 
bmoreno1 12 12 
smanriqu 12 37 12 
mmillado 12 12 37 12 
mferrel2 12 12 16 5 23 37 12 
ldougla3 12 12 37 12 12 8 
jmcconn1 12 37 12 37 12 37 12 37 12 12 
ecahill 12 12 
dshaw4 12 8 37 12 
alucche1 12 36 36 36 12 
odonnel1 12 37 12 12 8 
mpirko 12 37 12 12 8 9 12 
mlyden1 12 37 12 12 32 
mdekold 12 8 37 12 
eschnaut 12 37 12 36 36 36 12 28 34 
esalina1 12 37 12 8 37 11 18 
adiederi 12 37 12 8 
sholtz1 12 37 12 37 12 
sdann 12 8 37 12 36 36 12 37 12 12 12 
pkolek 12 8 36 36 36 36 36 24 36 36 25 
nhaymond 12 8 
kmuha 12 36 12 12 
kfeehan 12 36 36 36 36 36 36 12 37 12 12 8 37 12 12 18 32 
kalme 12 8 
ivaldess 12 8 37 12 37 12 37 12 
esmith30 12 
rboylan 12 
ncheng 12 37 12 8 36 36 36 36 36 12 
mgelchio 12 8 37 12 
jzelinsk 12 37 12 8 37 12 36 36 12 27 37 12 37 12 12 
jcuji 12 37 12 
gworthin 12 8 36 9 12 36 36 36 36 12 
dfabrega 12 37 12 37 12 12 37 12 37 12 12 
angov 12 25 23 5 16 
adunniga 12 37 12 37 12 37 12 8 36 12 37 12 36 36 12 37 12 12 12 
scrippes 12 12 
mschutze 12 
mpavloff 12 37 12 
losecco 12 8 12 12 12 12 37 12 12 
lnixon1 12 
kmurray7 12 37 12 12 8 36 36 36 36 36 12 
jshard 12 8 
hthomps4 12 8 
ewood1 12 37 12 37 12 
estrouse 12 
sekanay1 12 12 25 37 12 
odegnim 12 8 32 37 12 
kcox5 12 12 8 37 12 36 36 12 20 18 22 
kborotho 12 8 36 36 36 12 37 12 12 37 12 12 36 36 12 12 
jbertram 12 12 36 36 12 
hbyrne 12 37 12 
ekeuler 12 37 12 12 
egeyer1 12 8 37 12 36 36 36 36 12 
dlong2 12 37 12 37 12 
bpierpoi 12 37 12 37 12 12 8 
apavelka 12 37 12 8 36 12 17 37 12 37 12 
rbartle1 12 36 36 12 37 12 9 37 12 34 36 36 36 12 32 37 12 
nyusko1 12 37 12 37 12 
motten1 12 12 8 11 37 12 9 37 12 36 36 12 18 7 32 3 1 36 26 13 8 
molsen3 12 37 12 37 12 12 12 10 30 4 
mdambros 12 12 37 12 36 36 36 12 8 12 
kmountf1 12 37 12 8 
jeversol 12 37 12 12 12 8 37 12 12 37 12 
etorrent 12 
ereynol5 12 8 37 12 36 12 
epark5 12 12 37 12 12 8 12 32 37 12 8 
dpatel2 12 37 12 25 8 
cmoreno5 12 
bconlon 12 37 16 
apanousi 12 37 12 8 
tngochi 12 8 37 12 8 
tdasso 12 12 8 37 12 
smcmull1 12 5 16 
rwittmer 12 12 8 37 12 8 12 37 12 12 8 
rvazza 12 37 12 
nhong 12 8 
edebassi 12 37 12 
dsmith53 12 12 8 37 12 12 37 12 
cdowicz 12 37 12 37 12 12 8 37 16 37 12 
bnakfoor 12 12 
akhemani 12 8 37 12 
ahughes8 12 8 36 36 36 36 32 36 36 36 36 36 12 15 
tperey 12 25 10 30 4 37 12 25 23 5 16 
pbetz 12 
mmccor15 12 37 12 8 37 12 
mgray10 12 8 36 12 12 12 20 17 32 36 10 30 18 7 33 26 2 36 36 12 36 36 36 36 12 
mfraizer 12 8 
lherna11 12 12 
jmolumph 12 
hzweberl 12 37 12 37 12 8 
dserafin 12 23 5 25 16 
bpowell4 12 12 12 
mdownin1 12 36 36 36 36 36 12 
lduggan 12 
kmclaug3 12 
kbulleit 12 8 37 12 
jplas 12 37 12 37 12 37 12 8 12 12 25 
jbrown36 12 8 37 12 37 12 12 8 
dkim30 12 8 36 36 36 12 
cpantin 12 3 12 10 30 36 4 37 12 36 12 12 23 5 16 36 36 36 36 12 5 16 
amora2 12 37 12 
adrisco2 12 8 12 23 5 16 36 36 36 36 36 36 12 37 12 
xtsai 12 12 
wbaer 12 12 12 12 36 36 12 30 37 12 12 23 37 12 
nisakson 12 
lmcfadde 12 12 12 12 12 12 
kmurph44 12 
ibushue 12 25 36 36 36 36 36 10 30 37 12 30 4 10 25 
hadams3 12 
enichol4 12 8 32 34 37 12 10 30 4 37 12 
egroth 12 12 8 
aheinzma 12 9 8 
ahall2 12 16 12 25 12 18 36 36 0 1 12 
adecker1 12 
aameen 12 12 37 12 12 
zwall 12 37 12 12 12 
sdeschne 12 8 36 36 36 18 32 37 12 29 37 12 36 36 36 12 7 2 
mowen 12 23 12 12 16 36 36 36 36 12 12 37 12 12 
lwatts1 12 8 37 12 18 30 17 
krochefo 12 37 12 
jholguin 12 12 8 37 12 
gniforat 12 5 36 12 23 
evandier 12 
eclapp 12 37 12 12 12 8 37 12 36 36 36 36 36 12 37 12 
awaldsch 12 
adevito1 12 37 12 8 37 12 12 
tsilva1 12 36 12 8 36 36 36 12 37 12 
oivan 12 
mmarti45 12 12 37 12 12 8 37 12 36 36 36 12 
mjorden 12 8 36 36 32 36 36 12 37 12 36 36 36 36 36 36 12 8 
ldorenko 12 37 12 8 
ktracey 12 8 
krothmey 12 8 37 12 12 
kbiladea 12 37 12 37 12 37 12 12 
jweas 12 
jgoldsch 12 37 12 12 8 36 36 36 36 36 12 
jdraves 12 37 12 12 8 
etruesda 12 3 24 27 37 12 12 10 30 4 36 36 36 36 36 36 12 10 30 4 36 36 36 12 12 12 12 12 12 12 8 23 5 16 
emeara 12 37 12 
cnilsen 12 12 25 12 30 37 12 37 12 12 25 23 5 16 37 12 36 36 36 36 36 12 
bmurph24 12 37 12 8 
arabbitt 16 
wcheong 12 
kmoran11 12 37 12 
kgalla21 12 36 36 12 12 8 
kgalla20 12 12 8 
kfranz1 12 8 
jsutton3 12 37 12 8 36 36 12 36 36 36 36 12 37 12 
japplew1 12 37 12 12 8 37 12 37 12 12 8 12 12 37 12 12 
imurrer 12 12 10 30 4 36 36 36 23 5 16 
fschemel 12 37 12 37 12 8 
fprimozi 12 37 12 
elinares 12 37 12 
cmulshin 12 8 37 12 
cmagnuss 12 8 37 12 
ccleary1 12 37 12 36 36 12 8 37 12 
abohling 12 
mscanish 12 8 37 12 12 8 37 12 9 12 25 32 17 34 
mkirven 12 37 12 37 12 
lkim3 12 
lgrabows 12 12 37 12 37 12 36 36 36 12 37 12 37 32 
lcaffar1 12 
kliang2 12 12 23 5 16 37 12 12 12 12 
jnowak4 12 37 12 8 
hcheng1 12 12 8 
bmerrick 12 36 36 36 36 12 8 36 36 36 36 36 12 36 12 
bgagnon 12 37 12 12 8 17 32 
tmansell 12 18 32 12 12 37 12 36 7 32 30 10 20 1 5 0 19 37 12 12 
rrocco 12 37 12 37 12 37 12 37 12 
rpuno 12 8 37 12 
lyan4 12 
kpresteg 12 12 8 12 18 25 19 9 37 12 
jbaines 12 
blemay 12 
aromano2 12 37 12 8 
alongsta 12 
szachari 12 8 
spalumb1 12 8 36 36 36 12 12 37 12 36 36 12 
pcamara 12 36 12 8 12 
operez2 12 12 8 32 37 12 
nvincent 12 8 
lgelin 12 18 32 3 0 19 8 37 12 
ldomenel 12 8 37 12 32 17 10 37 12 12 37 12 8 37 18 11 12 
lcho 12 12 23 5 16 12 12 
jpaul2 12 8 37 12 
ischmitz 12 12 12 36 36 36 36 12 
egorman5 12 8 37 12 12 
eeagle 12 8 37 12 8 10 
dallen13 12 
cdenzel 12 8 
asowell 12 8 36 12 17 37 12 36 12 12 
yzou2 12 12 
speter14 12 12 
pmcmonag 12 8 
kpaulsen 12 25 37 12 25 23 5 16 
kjacoby1 12 25 10 30 4 
jruane 12 12 8 
jdodig 12 12 12 10 30 4 12 12 12 12 
gcramer1 12 12 5 10 12 23 
everhey 12 12 37 12 12 
esoller 12 37 12 
egorman6 12 8 37 12 8 18 37 12 12 12 10 3 28 37 12 28 12 12 36 36 12 23 
ckotseos 12 
cganley 12 8 37 12 
bfraser 12 12 25 10 30 4 37 12 
asweet 12 
apaik 12 12 12 
amonroe1 12 
abulaoro 12 37 5 16 
thuber1 25 16 
sincera 12 8 37 12 8 
phennes2 12 
msahd 12 8 36 36 36 36 12 37 12 18 7 37 12 36 36 17 18 37 12 
mcabrer1 12 12 12 12 4 12 4 30 10 37 12 30 12 36 36 36 12 37 12 23 5 
kkolleck 12 
kconrad2 12 12 8 
jreeg 12 5 16 37 12 12 12 12 23 
jgonnard 12 37 12 
hsarkey 12 8 37 12 
hholden 12 37 12 8 36 36 36 12 37 12 36 12 
epil 12 8 36 36 36 36 12 
awitte 12 23 5 16 12 
trogers6 12 10 12 36 36 36 36 30 4 
tfross 12 37 12 
taguirre 12 25 23 5 16 37 12 36 36 12 
sbindel 12 37 12 12 8 12 12 8 
rmaqbool 12 8 
kcockrel 12 
jphilli8 12 12 
jmarino6 12 37 12 37 12 
eguenthe 12 
ecaradon 12 8 36 36 36 12 37 12 12 8 
carizama 12 12 37 12 
bbrunin1 12 8 
anataraj 12 8 
svukovit 12 8 
pyoung3 12 36 12 8 12 
msteph11 12 8 
mraster 12 8 
lbognar1 12 12 25 10 37 12 12 12 
lbakke 12 12 23 5 16 12 37 12 
jzacher 12 
