dtorgers 9 9 9 9 9 9 9 9 9 9 9 9 9 9 9 9 9 9 7 9 9 9 9 31 9 9 9 9 9 9 26 9 9 9 9 7 9 25 9 26 9 9 9 9 9 9 9 9 34 9 9 9 9 9 9 9 9 9 9 100
cdavin1 9 9 9 9 9 9 9 9 9 9 34 25 9 9 9 9 9 34 9 27 25 14 100
alebron1 9 9 9 9 9 9 9 9 7 33 9 9 9 9 9 9 9 9 9 9 9 9 9 9 14 27 25 34 9 9 9 9 14 34 9 34 9 9 27 25 9 100
ccooper8 9 9 9 9 9 9 9 9 34 9 9 9 14 25 27 34 100
nweindel 9 9 9 9 9 9 9 9 9 9 9 34 25 14 27 9 9 27 25 100
ntownsen 9 9 9 9 9 9 9 9 9 9 9 9 9 9 7 25 100
jberg2 9 26 21 9 9 9 9 9 9 9 9 9 9 9 9 9 9 100
fhita 9 9 9 9 9 1 21 3 26 9 9 9 9 9 9 9 9 9 9 9 9 9 9 9 14 27 100
mmcfarli 9 9 9 9 9 9 9 9 9 34 7 9 9 27 25 14 9 100
mlengwin 9 9 9 9 9 9 9 9 9 9 9 9 7 100
kwurl 9 34 9 9 9 7 25 27 14 100
ccampb20 9 26 9 26 9 21 9 9 9 9 9 34 9 9 34 14 25 14 9 100
pbrown10 9 9 9 9 9 9 27 14 100
rdiejoma 9 9 9 9 9 9 9 9 14 25 27 100
drogers1 9 9 9 9 9 9 9 34 9 27 25 14 100
cdelpila 9 9 9 9 9 34 9 9 9 9 34 27 25 14 34 34 9 9 34 100
cbolivar 9 9 9 9 9 9 34 27 9 9 9 9 9 1 14 25 100
muhlenbr 9 9 9 9 9 9 9 9 9 9 9 34 9 9 14 25 27 100
msmith75 9 9 9 9 9 14 25 27 9 34 9 9 100
pmcguir2 9 1 26 21 9 9 9 9 9 9 9 9 14 9 9 9 9 9 25 27 100
jstaten 9 9 9 9 9 9 7 9 9 34 9 14 27 9 25 9 100
mgirod 9 9 9 9 9 9 14 27 25 100
zgartenh 9 9 9 9 9 9 34 14 25 27 100
alabella 9 9 9 9 9 9 9 9 14 34 25 27 100
bferrer1 9 9 9 9 9 9 25 34 9 9 27 100
pcataldi 9 9 9 9 9 14 25 27 100
aohri 9 1 26 21 9 9 9 100
pklekamp 9 9 9 9 9 9 27 25 14 100
amccar10 9 1 26 21 100
nwamble 9 26 1 21 9 9 9 9 9 9 9 9 100
wwu5 9 7 25 27 14 100
wsuter2 9 9 9 9 9 9 9 9 9 7 14 25 27 9 100
thowe1 9 9 1 26 21 34 9 9 9 9 9 9 9 9 9 9 9 9 9 14 25 27 100
mmian 9 9 21 9 9 1 9 14 100
jhouge 9 9 9 9 9 9 9 9 9 9 9 14 25 27 100
slemaign 9 9 9 9 9 9 9 9 14 9 9 9 25 9 9 27 100
ldamoose 9 9 9 9 7 9 25 34 14 27 100
sburnbau 9 1 9 9 9 26 9 9 1 9 21 9 9 9 100
nwarren 9 9 9 9 9 9 9 34 25 27 14 9 100
bconnol3 9 9 9 9 9 9 9 14 25 27 34 100
rheitkam 9 9 9 9 34 14 9 25 27 100
jmullike 9 9 4 9 9 9 9 9 14 27 25 34 9 14 25 27 34 100
chickey3 26 1 21 9 9 9 9 9 9 9 9 9 34 9 9 9 34 9 9 9 100
athoma24 9 9 9 9 9 9 9 9 9 25 14 9 25 27 100
rgensler 9 9 9 9 9 9 9 9 9 9 9 34 9 25 14 100
kthornt4 9 26 9 9 21 9 9 9 9 9 9 9 9 9 9 9 9 14 34 27 9 9 26 25 100
pvlandis 9 9 9 9 9 9 4 9 9 9 9 34 25 27 9 14 9 100
mmizraji 9 9 9 9 9 7 34 25 27 14 9 9 9 34 9 9 9 100
zpavlin 9 9 9 9 9 9 34 27 25 9 9 9 9 34 14 9 9 100
ydeng3 9 9 9 9 7 9 9 9 100
kfox8 9 9 9 9 9 9 9 34 14 25 27 9 100
lsulli11 9 21 1 26 9 9 9 9 9 9 14 25 27 100
jgorman6 9 26 1 21 9 9 9 9 9 9 9 100
enunez 9 9 34 100
jdirksen 9 9 9 34 9 9 9 9 34 9 100
whornby 9 21 9 9 100
jwade5 9 9 9 9 9 9 9 14 25 27 100
mblatt1 9 9 9 9 9 9 9 9 7 14 25 27 100
jowusuko 9 9 4 34 9 9 9 9 9 9 9 9 9 9 9 9 7 9 34 9 9 100
mmang 9 21 9 9 34 25 14 100
waberger 9 9 9 9 9 9 9 24 34 25 9 14 27 27 9 100
llombar2 9 9 9 9 34 27 25 100
gkaiser 9 9 9 9 9 9 14 25 27 34 11 100
koconn27 9 26 9 9 9 9 9 100
aweishan 9 9 9 34 25 27 14 9 100
mcaskey 9 21 9 9 9 34 9 9 9 9 9 25 27 14 100
jguarino 9 26 21 9 9 9 9 9 9 100
cseymou2 9 9 9 9 9 9 9 34 14 25 27 34 100
dplagenz 9 9 9 14 7 25 27 34 14 100
csasso 9 9 9 9 9 34 25 27 14 9 100
amccar11 9 9 9 9 9 34 7 14 25 27 100
yshi6 9 7 9 9 9 9 9 9 9 100
minoue2 9 9 9 9 14 9 25 27 100
jwinebre 9 26 9 9 9 9 9 34 14 100
sgalbens 1 21 26 9 9 9 100
jlazzara 9 9 9 9 9 9 7 34 25 27 14 100
vruesch 9 9 14 27 25 100
nniere 9 9 9 9 100
ghong 9 9 9 9 7 9 9 9 9 14 25 27 9 9 9 9 9 100
bhogan1 1 26 21 9 9 9 9 9 9 9 9 34 100
wdu 9 8 10 0 9 9 9 9 9 9 100
tmercier 9 9 7 9 9 25 14 27 100
esunshi1 9 9 9 9 9 34 9 9 14 27 25 100
eevans9 9 9 1 26 21 9 9 9 9 7 9 25 14 27 9 9 9 9 9 9 29 9 9 100
bkenney1 9 9 9 14 27 25 100
cdieckma 9 9 9 7 9 9 9 12 9 9 9 9 14 25 27 100
mcoggins 9 9 26 9 9 25 34 9 9 9 27 14 100
lblitzer 14 25 27 29 24 11 15 19 9 9 9 9 100
jdelledo 9 9 9 9 9 9 9 9 9 9 34 9 9 9 9 9 9 9 14 25 27 34 100
mfreedlu 9 9 9 9 9 7 34 25 27 14 9 100
tprice4 26 1 21 9 9 14 25 27 100
lbarret2 9 9 9 9 9 9 9 34 9 14 25 27 9 100
eralph 9 9 9 9 9 9 14 25 27 9 9 100
bhalliga 9 100
sroennec 9 9 9 34 25 14 27 100
jmurph32 9 9 9 7 14 25 27 100
cfrentze 9 9 9 9 9 9 34 14 9 27 100
jsitarsk 9 9 9 9 25 14 27 100
tpreko 9 9 9 9 34 9 9 9 9 14 34 25 27 100
mtreacy 9 9 9 34 27 25 14 100
ccampb21 9 9 1 26 21 9 9 9 9 9 9 9 9 14 25 27 34 100
rrivera8 9 9 9 14 25 27 34 100
rblack4 9 1 26 21 9 9 9 9 14 25 27 100
jwelsch 9 1 26 21 9 9 9 9 9 100
jgately1 9 9 9 9 9 14 25 27 100
gdean 9 9 9 9 9 9 9 9 9 14 25 27 9 100
ewigutow 9 9 9 9 9 9 9 9 9 14 25 27 100
dgibbon2 9 9 9 9 9 9 9 9 9 9 9 9 9 26 100
cmorton2 9 1 21 26 9 9 100
mrooney6 9 9 7 9 14 25 27 34 100
mmoran12 9 9 9 9 25 14 100
jwalte10 9 9 34 14 25 27 100
jcarney6 9 34 25 27 14 100
pmeyer3 9 9 34 7 9 9 14 25 27 100
icallaha 9 9 9 9 9 9 34 25 27 14 100
dtoth1 9 9 9 9 14 25 100
kkostola 9 9 7 9 9 9 9 34 9 27 25 14 100
dlee26 9 9 9 9 34 25 27 14 100
yying 9 26 1 21 9 9 9 9 100
swagy 9 9 9 9 14 34 25 9 27 100
rroque1 9 26 21 9 9 9 9 9 9 9 9 9 9 9 9 9 100
kdantoni 9 9 9 9 34 25 27 14 100
wmohler 9 14 25 27 34 100
lklein1 9 9 9 9 9 9 25 27 14 100
jbecker9 9 26 9 9 100
hrague 9 9 9 9 9 9 9 9 9 9 34 14 25 27 100
cott 9 9 9 9 9 34 7 27 25 14 100
mholzbau 9 9 34 100
mhawkin3 9 9 100
lharmon 9 1 21 26 9 9 9 100
elazzaro 9 1 26 21 9 9 9 25 9 14 27 34 100
tburley 9 21 9 9 100
shenn 9 21 9 9 9 9 9 9 14 100
jgomez5 9 9 9 9 9 9 34 14 25 27 100
bniemoel 9 9 9 9 9 9 9 9 9 14 25 27 100
kriordan 9 21 9 9 9 14 25 27 100
jmurph33 9 9 9 9 9 9 9 34 25 27 14 100
dcorr1 9 1 26 21 9 9 9 9 9 100
cemenalo 9 9 9 25 34 14 27 100
yjung2 9 1 26 21 9 9 7 9 26 25 14 100
rpappas 9 9 9 9 34 27 14 25 100
mmerric1 9 9 22 3 9 9 9 9 9 9 1 21 26 9 9 9 9 9 100
mdosch 9 9 1 14 25 27 34 9 100
jbettag 9 9 9 9 100
jbernin1 9 9 9 1 26 21 9 14 25 27 100
ddallava 9 34 25 14 9 27 34 25 9 27 34 25 14 9 100
cgamboa 9 34 27 14 9 34 34 100
nquartir 9 14 25 27 9 100
lfaubion 9 9 9 9 9 9 34 25 9 14 27 100
cwilso24 9 100
aursino1 9 9 9 100
msummer2 9 9 26 9 9 9 9 9 14 25 27 100
kramm 9 9 7 34 9 9 25 27 100
jchapple 21 9 9 9 9 100
jbonds 9 7 34 27 25 14 100
dbirzer 9 1 26 21 9 9 9 9 9 9 100
cfish 9 7 34 9 34 9 9 9 9 9 25 34 9 14 9 9 9 27 25 100
nholmes1 9 34 21 26 7 9 9 9 14 34 25 27 100
ngiovino 9 9 9 34 14 25 27 9 100
eherber1 9 9 34 9 9 9 9 25 27 14 9 100
cgallag3 9 9 9 9 34 25 27 14 34 100
tzheng2 9 9 9 9 9 14 27 25 9 9 9 9 100
mgerber 9 9 9 9 7 34 100
jcolli23 9 34 9 34 25 9 9 34 27 9 34 27 25 14 100
awalton3 4 9 9 9 21 34 9 1 9 26 9 9 9 9 14 9 9 34 25 27 100
vwhitmor 9 9 9 7 14 25 27 34 100
rpellica 9 34 26 1 21 9 9 9 9 7 9 100
rmyers9 9 9 9 9 9 14 34 25 27 100
mdillon7 9 9 9 34 9 100
jdoerer 9 26 21 9 9 100
gbiltz 9 9 100
aheck1 9 9 9 9 34 14 25 27 9 100
ucooper 9 9 9 9 100
rschill1 9 26 9 9 26 9 9 9 9 9 9 9 100
mschlic1 9 1 21 26 9 14 25 27 100
