dtorgers 12 12 12 37 12 12 12 12 12 37 12 12 37 12 12 12 36 12 36 36 36 36 12 12 12 12 36 36 36 36 12 12 36 36 36 36 12 12 36 36 36 36 36 12 12 12 37 12 12 12 12 37 12 12 36 36 36 36 36 36 12 12 36 36 36 36 36 12 12 36 36 36 36 12 12 12 36 36 36 36 36 12 12 12 25 37 12 12 37 12 12 36 12 12 12 12 12 12 12 12 12 12 36 36 36 36 36 12 12 37 12 12 36 36 12 36 36 36 36 12 12 37 12 12 12 12 36 36 36 12 
mdawson3 12 12 12 12 12 12 12 12 12 12 12 12 12 12 12 37 12 20 6 19 37 12 12 9 36 12 12 36 12 12 12 12 37 12 36 9 
cdavin1 12 25 0 15 21 12 37 12 36 36 36 36 36 36 12 36 36 36 12 12 37 12 37 12 37 12 37 12 36 36 36 36 36 12 12 25 20 12 12 37 12 37 12 37 12 25 12 6 20 19 37 12 
alebron1 12 37 12 37 12 36 36 36 12 37 12 36 36 36 12 19 6 20 25 12 37 12 37 12 12 19 25 36 36 12 25 36 36 12 36 36 36 36 36 36 12 6 20 37 12 36 36 36 36 36 12 37 12 37 12 37 12 
ccooper8 12 37 12 37 12 37 12 37 12 37 12 25 36 36 36 36 36 36 12 37 12 37 12 19 20 6 25 12 12 36 36 36 36 36 36 12 37 12 12 37 12 37 12 37 12 
nweindel 12 37 12 36 36 12 25 20 19 6 36 36 12 37 12 6 20 37 12 37 12 37 12 
ntownsen 12 37 12 12 25 37 12 12 37 12 12 0 15 21 12 37 12 12 37 12 37 12 12 37 12 37 12 37 12 37 12 
jberg2 12 37 12 12 37 12 37 12 9 37 12 37 12 37 12 36 36 36 36 12 12 12 37 12 37 12 12 9 37 12 12 12 36 36 12 36 36 12 36 36 12 12 12 12 25 12 17 32 36 36 36 36 36 12 37 12 12 
admin4 12 
fhita 12 37 12 37 12 37 12 12 37 12 37 12 12 37 12 37 12 12 19 6 37 12 12 20 37 12 36 36 36 36 36 12 12 9 37 12 
mmcfarli 12 36 36 36 36 36 36 12 12 37 12 12 37 12 12 25 9 36 36 36 12 12 6 20 37 19 36 36 12 12 
mlengwin 12 37 12 37 12 37 12 37 12 37 12 9 37 12 
kwurl 12 12 37 12 37 12 36 12 25 15 0 21 36 36 12 25 37 12 37 12 37 12 9 20 6 19 37 12 37 12 37 12 12 9 
ccampb20 12 0 37 12 21 37 12 37 12 37 12 37 12 
pbrown10 12 37 12 25 15 21 12 37 12 37 12 37 12 
rdiejoma 12 37 12 37 12 12 37 12 37 12 37 12 12 19 20 6 
kkalisik 12 37 12 37 12 9 36 36 36 12 12 37 12 37 12 9 36 36 36 36 12 36 36 36 12 36 36 36 36 12 37 12 37 12 37 12 12 12 
drogers1 12 12 25 15 36 36 15 0 21 36 12 37 12 37 12 37 12 37 12 36 36 12 36 36 36 12 25 37 12 6 20 19 36 36 36 36 12 37 12 
cdelpila 12 37 12 25 0 36 15 21 12 37 12 12 12 12 25 37 12 37 12 12 
cbolivar 12 12 37 12 37 12 12 12 37 12 36 36 36 36 36 15 21 0 37 12 12 37 12 37 12 
muhlenbr 12 37 12 12 12 25 37 12 12 19 20 6 36 36 12 12 12 12 12 37 12 
msmith75 12 37 12 37 12 37 12 12 
pmcguir2 12 36 36 36 36 12 12 37 12 15 0 21 37 12 37 12 37 12 37 12 36 36 36 12 12 37 12 12 19 36 36 12 12 12 36 12 12 20 6 37 12 12 37 12 36 36 36 36 36 12 12 37 12 12 12 12 12 37 12 
jstaten 12 12 9 37 12 37 12 25 36 36 36 36 12 19 6 12 20 37 12 
mgirod 12 37 12 37 12 19 6 20 37 12 36 36 12 
mdonnel6 12 37 12 0 37 12 12 37 12 37 12 37 12 37 12 37 12 
zgartenh 12 37 12 37 12 37 12 25 19 20 6 12 37 12 
mfitzg14 12 36 36 36 36 36 25 12 36 36 12 37 12 36 36 36 36 12 21 15 0 12 12 12 37 12 36 36 12 12 37 12 6 19 20 
alabella 12 37 12 37 12 12 36 36 36 19 25 20 6 37 12 
mcomunie 12 36 36 36 12 37 12 12 36 36 36 36 12 37 12 37 12 
bferrer1 12 37 12 37 12 37 12 37 12 12 12 20 25 32 17 12 9 36 36 36 36 12 
pcataldi 12 37 12 37 12 37 12 19 20 6 37 12 37 12 37 12 
aohri 12 37 12 37 12 12 37 12 
pklekamp 12 37 12 12 15 21 0 37 12 37 12 
amccar10 12 25 12 15 0 21 37 12 19 20 6 12 37 12 36 36 36 36 36 12 37 12 37 12 
nwamble 12 37 12 37 12 37 12 12 37 12 37 12 12 6 20 19 37 12 
wwu5 12 12 37 12 12 9 31 12 37 12 12 37 12 37 12 12 37 12 37 12 
wsuter2 12 37 12 36 36 12 37 12 37 12 37 12 37 12 36 36 36 12 9 19 20 6 12 
thowe1 12 37 12 12 37 12 37 12 37 12 12 37 12 37 12 37 12 12 37 12 37 12 19 20 6 12 37 12 
madeniyi 12 37 12 37 12 20 25 19 6 36 36 36 36 36 36 25 37 12 12 37 12 12 12 12 12 12 12 36 36 12 
mmian 12 12 15 12 19 12 36 36 36 36 36 36 20 36 6 12 12 
jsoares 12 12 12 31 36 36 12 12 12 37 12 12 36 36 36 36 36 12 12 37 12 12 15 21 12 0 36 36 36 12 36 12 
jhouge 12 37 12 36 36 36 36 36 12 37 12 37 12 37 12 36 36 12 12 37 12 37 12 19 20 6 37 12 
slemaign 12 37 12 37 12 37 12 37 12 12 12 19 37 12 37 12 37 12 20 36 36 36 12 37 12 6 36 12 
ldamoose 12 37 12 37 12 9 37 12 37 12 37 12 
sburnbau 12 12 37 12 12 19 12 6 12 20 12 36 36 36 36 12 36 36 36 36 36 36 12 36 36 36 36 36 12 
nwarren 12 37 12 12 37 12 25 20 6 19 12 37 12 
bconnol3 12 37 12 12 12 37 12 12 37 12 19 20 6 25 37 12 36 36 36 12 25 37 12 37 12 
rheitkam 12 37 12 37 12 37 12 25 19 12 20 6 
jmullike 12 36 36 36 12 19 6 20 25 37 12 19 20 6 25 12 37 12 37 12 37 12 37 12 
chickey3 12 37 12 12 25 37 12 36 36 36 36 36 12 12 25 37 12 12 12 20 6 19 37 12 37 12 37 12 37 12 37 12 37 12 12 37 12 
athoma24 12 36 36 36 36 36 12 37 12 37 12 12 20 19 36 36 36 12 20 6 37 12 9 12 
rgensler 12 36 36 12 37 12 37 12 37 12 36 36 36 36 36 12 12 12 37 12 37 12 25 12 20 19 37 12 36 36 36 36 12 37 12 12 9 
kthornt4 12 37 12 21 37 12 37 12 37 12 12 37 12 37 12 12 12 37 12 36 36 36 36 36 12 37 12 37 12 19 25 6 12 36 36 36 12 0 20 
pvlandis 12 37 12 12 37 12 12 12 12 12 31 12 37 12 12 37 12 25 20 6 37 12 19 
mmizraji 12 37 12 37 12 12 9 25 20 6 36 19 36 12 
zpavlin 12 12 25 0 21 15 37 12 36 36 36 36 36 36 12 37 12 12 37 12 12 25 6 20 37 12 37 12 37 12 12 25 19 37 12 37 12 
ydeng3 12 37 12 36 36 12 12 36 36 36 12 37 12 36 36 36 36 12 37 12 
kfox8 12 37 12 37 12 37 12 37 12 36 36 36 36 36 12 25 19 20 6 12 37 12 
lsulli11 12 12 21 15 0 12 37 12 12 37 12 
jgorman6 12 12 37 12 37 12 37 12 37 12 37 12 37 12 12 37 12 37 12 12 19 20 6 12 37 12 
enunez 12 15 21 0 37 12 
mtardy 12 12 0 37 12 37 12 
jdirksen 12 25 37 12 12 0 15 36 21 12 25 12 12 37 12 12 25 37 12 
whornby 12 37 12 12 37 12 12 20 6 12 19 
jwade5 12 12 37 12 37 12 12 9 32 17 36 36 12 36 36 36 36 36 12 9 37 12 6 37 12 37 12 9 
mblatt1 12 12 37 12 36 36 36 36 36 12 37 12 
jowusuko 12 15 0 1 37 12 12 31 25 37 12 37 12 37 12 12 37 12 
jcorpora 12 37 12 37 12 37 12 37 12 37 12 37 12 12 25 37 12 36 36 36 36 36 12 32 17 37 12 12 
mmang 12 37 12 37 12 25 0 12 21 
aakatu 12 12 25 0 12 37 12 20 
waberger 12 25 12 31 15 21 36 0 37 12 37 12 37 12 
llombar2 12 37 12 37 12 12 25 6 20 
gkaiser 12 12 12 37 12 37 12 37 12 37 12 12 
aweishan 12 37 12 25 0 21 36 36 36 15 37 12 
mcaskey 12 37 12 36 12 12 20 36 36 36 12 37 12 36 36 36 36 12 9 12 18 11 37 12 0 21 37 12 
jguarino 12 12 12 37 12 36 36 36 36 12 0 21 37 12 37 12 37 12 12 37 12 
cseymou2 12 37 12 12 12 25 15 0 21 37 12 37 12 37 12 12 
dplagenz 12 37 12 37 12 19 9 20 6 25 19 37 12 12 
csasso 12 37 12 12 37 12 25 20 6 36 19 36 12 37 12 37 12 37 12 
amccar11 12 37 12 37 12 25 9 19 20 6 12 37 12 
yshi6 12 37 12 37 12 37 12 
tpillai 12 12 37 12 37 12 12 19 20 37 12 9 6 37 12 20 36 36 6 
minoue2 12 37 12 37 12 19 12 20 6 
jwinebre 12 37 12 12 25 19 12 20 6 37 12 
tanggara 12 15 0 21 25 36 36 36 36 9 12 37 12 37 12 37 12 
sgalbens 12 12 15 21 0 37 12 37 12 
jlazzara 12 37 12 12 9 25 20 6 19 12 37 12 12 37 12 
vruesch 12 19 6 20 12 12 12 12 
nniere 12 37 12 36 36 36 36 36 12 
ghong 12 12 15 0 21 12 37 12 37 12 12 12 9 12 
bhogan1 12 36 36 36 12 37 12 37 12 12 37 12 37 12 37 12 25 12 6 20 
wdu 12 12 36 36 12 37 12 37 12 37 12 12 9 
tmercier 12 25 36 12 36 36 36 12 15 21 0 37 12 12 9 37 12 
mball 12 1 29 36 36 25 36 36 36 36 12 37 21 36 36 12 12 25 20 36 36 36 12 37 12 37 12 37 12 36 12 37 12 20 
esunshi1 12 36 36 36 36 36 36 12 37 12 37 12 37 12 25 37 12 12 19 6 20 
eevans9 12 37 12 37 12 12 17 37 12 36 36 36 36 12 37 12 34 37 12 12 37 12 15 0 36 8 36 36 36 22 28 36 36 36 36 33 36 36 36 36 12 2 26 37 12 12 37 12 37 12 36 12 36 36 36 13 36 36 36 19 
bkenney1 12 15 0 21 25 37 12 37 12 
asimonet 12 37 12 15 25 37 12 37 12 12 37 12 12 20 6 19 
cdieckma 12 12 36 36 36 36 12 9 37 12 37 12 37 12 30 37 12 12 37 12 37 12 19 20 6 
mcoggins 12 37 12 25 37 12 15 0 21 12 37 12 0 37 12 37 12 20 25 37 12 37 12 37 12 6 19 
lblitzer 12 37 12 37 12 37 12 12 12 37 12 12 37 12 12 
jdelledo 12 37 12 37 12 37 12 37 12 37 12 37 12 37 12 12 25 37 12 12 37 12 
mmoore18 12 12 12 37 12 36 36 36 12 12 19 20 25 36 36 12 
mfreedlu 12 12 37 12 12 9 25 20 6 19 12 12 
ymikulja 12 36 36 12 12 37 12 37 12 0 12 18 37 12 37 12 
tprice4 12 12 0 15 21 
lbarret2 12 37 12 37 12 12 12 25 12 19 20 6 36 36 12 12 
eralph 12 37 12 37 12 12 19 36 20 6 37 12 12 37 12 37 12 37 12 37 12 37 12 
bhalliga 12 37 12 12 0 37 12 19 6 12 
sroennec 12 25 12 37 12 37 12 12 15 0 21 25 
jmurph32 12 12 37 12 9 19 20 6 37 12 
cfrentze 12 12 37 12 37 12 36 36 36 36 12 37 12 25 36 19 37 12 6 37 12 9 
mnewcome 12 19 20 6 25 12 12 9 
jsitarsk 12 37 12 12 20 19 6 12 12 36 20 6 
tpreko 12 37 12 37 12 37 12 25 37 12 
mtreacy 12 0 21 37 15 37 12 37 12 12 25 6 20 19 36 12 9 37 12 12 9 12 11 20 37 12 12 36 36 36 12 37 12 
ccampb21 12 37 12 12 15 0 21 37 12 37 12 37 12 
rrivera8 12 19 20 6 36 25 
rblack4 12 37 12 37 12 19 20 6 36 36 36 36 36 12 12 9 37 12 37 12 
jwelsch 12 12 36 36 36 12 19 36 20 6 12 
jgately1 12 12 37 12 15 0 21 37 12 12 37 12 12 36 36 12 19 20 6 36 36 36 12 37 12 
gdean 12 37 12 12 12 37 12 19 36 20 6 37 12 37 12 
ewigutow 12 37 12 37 12 37 12 37 12 12 19 20 6 37 12 
dgibbon2 12 12 37 12 37 12 12 12 12 37 12 12 37 12 12 0 36 12 6 12 19 36 36 12 37 12 
cmorton2 12 37 12 12 20 6 19 25 
mrooney6 12 9 37 12 19 20 6 25 37 12 37 12 
mmoran12 12 25 0 12 37 12 37 12 37 12 37 12 20 19 37 12 
jwalte10 12 0 21 15 12 25 37 12 37 12 25 36 36 36 19 20 6 
jcarney6 12 25 15 21 0 
pmeyer3 12 25 0 12 21 37 12 12 
icallaha 12 12 37 12 25 20 36 36 6 19 36 36 12 
dtoth1 12 37 12 37 12 37 12 19 20 12 6 
kkostola 12 36 36 36 36 36 12 9 37 12 37 12 37 12 12 25 37 12 6 20 19 12 37 12 
dlee26 12 37 12 37 12 37 12 25 20 6 19 37 12 37 12 12 37 12 9 
yying 12 12 0 15 21 37 12 37 12 37 12 
swagy 12 37 12 37 12 19 25 20 12 6 37 12 12 
rroque1 12 12 12 37 12 12 37 12 37 12 37 12 37 12 37 12 12 12 12 36 12 36 36 36 19 6 20 
kdantoni 12 37 12 12 25 20 6 19 36 36 36 12 
wmohler 12 15 0 36 36 21 25 37 12 
lklein1 12 37 12 37 12 20 6 19 12 37 12 37 12 9 37 12 31 9 
jbecker9 12 37 12 37 12 15 21 12 0 37 12 12 37 12 36 36 12 19 6 20 36 36 36 12 9 
hrague 12 37 12 12 37 12 12 37 12 37 12 12 12 25 19 20 6 37 12 12 12 
cott 12 15 12 21 25 36 0 36 36 12 37 12 12 
mholzbau 12 12 12 37 12 37 12 12 9 37 12 
mhawkin3 12 12 37 12 19 20 6 36 12 37 12 36 36 36 12 37 12 
lharmon 12 37 12 37 12 25 36 36 12 19 36 20 6 37 12 9 
elazzaro 12 37 12 37 12 20 12 19 6 25 37 12 
tburley 12 37 12 15 0 12 21 37 12 37 12 37 12 
shenn 12 37 12 12 12 19 12 20 12 6 
jgomez5 12 37 12 12 25 37 19 20 6 
jfries3 12 36 12 20 6 19 25 36 36 12 37 12 19 20 6 37 12 12 9 
bniemoel 12 37 12 37 12 37 12 37 12 37 12 36 36 36 12 19 20 6 
mcontrer 12 37 12 15 12 21 37 12 37 12 37 12 37 12 36 36 36 36 12 
kriordan 12 37 12 19 20 6 37 12 37 12 37 12 37 12 
jmurph33 12 12 12 37 12 12 25 20 6 19 
dcorr1 12 37 12 12 15 36 36 0 21 37 12 12 37 12 37 12 
cemenalo 12 0 15 21 25 37 12 12 25 37 12 
yjung2 12 37 12 12 37 12 12 15 36 36 0 21 
rpappas 12 37 12 37 12 25 6 19 20 37 12 37 12 37 12 
mmerric1 12 37 12 37 12 37 12 12 20 
mdosch 12 37 12 37 12 15 19 20 6 25 
jbettag 12 12 
jbernin1 12 12 37 12 37 12 
hrivers 12 37 12 
gbruenin 12 19 20 6 37 12 25 20 37 12 37 12 37 12 20 37 12 
ddallava 12 6 25 20 37 12 6 25 20 36 36 19 37 12 
cgamboa 12 25 25 36 36 36 12 12 20 
nquartir 12 19 20 6 12 37 12 9 
lfaubion 12 12 12 37 12 
cwilso24 12 25 0 15 21 37 12 37 12 37 12 37 12 37 12 37 12 
msummer2 12 37 12 19 20 6 12 37 12 37 12 20 
kramm 12 37 12 9 25 
jchapple 12 0 21 37 12 12 
jbonds 12 9 25 6 20 36 36 19 37 12 36 36 36 36 12 37 12 
nholmes1 12 12 12 19 25 20 6 
ngiovino 12 37 12 12 25 19 20 6 12 
eherber1 12 12 25 37 12 37 12 37 12 12 20 6 19 
cgallag3 12 37 12 37 12 25 20 6 19 25 12 9 37 12 
wstackma 12 37 12 37 12 19 6 20 12 37 12 
tzheng2 12 19 6 20 12 12 12 12 37 12 12 19 20 6 12 12 
mgerber 12 
jcolli23 12 25 37 12 25 36 36 36 36 36 20 37 12 37 12 25 6 37 12 25 6 20 19 37 12 9 8 
awalton3 12 31 12 12 12 21 25 12 15 12 0 12 37 12 36 12 
vwhitmor 12 9 19 20 6 25 
rpellica 12 37 12 37 12 37 12 9 
rmyers9 12 
mdillon7 12 12 37 12 25 36 36 12 12 36 36 36 12 19 6 20 
jdoerer 12 37 12 12 0 21 37 12 
gbiltz 12 37 12 37 12 12 37 12 36 36 36 36 36 36 12 37 12 12 9 12 37 12 37 12 12 
areaves 12 12 31 12 12 12 12 12 37 12 12 15 21 25 0 
aheck1 12 37 12 12 25 19 36 20 6 37 12 37 12 37 12 12 37 12 37 12 
ucooper 12 12 25 12 12 37 12 36 36 36 36 12 37 12 37 12 37 12 
tguinan 12 19 6 20 12 15 21 0 37 12 37 12 
rschill1 12 37 12 0 12 12 12 37 12 37 12 
mschlic1 12 12 12 15 21 0 
mperry6 12 37 12 
jfenton1 12 37 12 0 21 25 37 12 12 12 12 37 12 19 20 6 36 36 36 12 9 12 12 
csauder 12 37 12 37 12 37 12 37 12 12 9 12 20 6 36 36 36 19 
alowney 12 37 12 12 12 15 0 21 37 12 12 15 0 21 
zkagalw1 12 15 21 0 36 9 37 12 37 12 9 36 36 12 25 20 6 37 12 20 6 19 37 12 18 37 12 6 
swilkin4 12 12 0 36 36 21 37 12 37 12 37 12 37 12 36 36 36 36 12 6 20 19 
imarx 12 15 25 21 0 
cschmid7 12 19 20 6 15 0 21 37 12 15 0 21 
awang4 12 12 36 36 15 12 21 0 
abenavi3 12 37 12 37 12 37 12 25 12 19 20 6 
sweyhmil 12 25 0 36 36 15 21 37 12 
sgenz 12 12 12 15 0 21 37 12 12 37 12 12 
mwu4 12 37 12 37 12 12 12 9 19 20 6 36 36 12 
jleporte 12 12 37 12 6 19 10 30 4 37 12 19 20 6 36 12 34 
adichris 12 25 9 37 12 37 12 19 20 6 36 12 
scrotty1 12 21 15 0 37 12 36 36 36 12 
pfarring 12 12 25 29 1 36 36 36 12 37 12 12 37 12 37 12 25 15 0 21 
pdesousa 12 25 0 36 36 36 12 12 15 21 
mkuehl 12 36 36 36 36 36 12 20 6 19 12 9 
lfitter 12 37 12 12 20 6 19 12 37 12 
kenriett 12 12 15 36 36 0 21 19 9 37 20 6 37 12 
jruan 12 37 12 37 12 37 12 25 37 12 19 20 37 12 25 36 36 36 6 
hzahour 12 37 12 
emostyn 12 18 25 37 12 12 37 12 6 36 36 36 36 12 19 20 25 36 36 9 
edohert1 12 37 12 37 12 12 25 6 20 36 36 19 36 12 
athigpen 12 0 36 36 36 36 36 15 21 37 12 37 12 37 12 36 36 36 36 36 12 36 36 36 12 36 36 36 36 12 
amellert 12 37 12 12 0 21 37 12 37 12 37 12 37 12 
aandrade 12 37 12 19 20 6 37 12 12 
tdann 12 37 12 37 12 37 12 12 37 12 6 20 19 
sielusic 12 19 20 6 12 37 12 9 37 12 36 36 36 36 36 12 18 0 7 20 19 6 12 25 37 12 37 12 12 9 
mlicursi 12 37 12 
mdrake2 12 25 37 12 37 12 15 21 12 37 12 37 12 37 12 37 12 25 20 
lhe3 12 12 25 6 12 20 19 
inegroro 12 12 25 37 12 12 0 36 36 36 15 21 37 12 25 20 6 19 
afonash 12 37 12 37 12 12 25 19 20 6 
obarnard 12 12 37 12 
nbenz 12 25 12 0 0 12 15 21 
lhuang3 12 12 37 12 12 12 37 12 37 12 9 19 20 6 37 12 12 
jwessele 12 0 21 37 12 12 37 12 19 20 6 
dmarino 12 12 31 12 7 25 
cpickfor 12 25 12 15 36 0 21 
bmoasser 12 12 12 20 9 37 12 37 12 19 9 25 6 20 12 
apurcel1 12 21 36 36 36 36 12 37 12 37 12 12 
obaitlot 12 12 37 12 37 12 12 36 12 19 36 20 6 36 12 
kmollenk 12 12 33 37 12 19 20 6 25 12 36 12 
ccarlso2 12 37 12 9 37 12 37 12 37 12 9 18 36 36 36 12 
bmoreno1 12 12 15 12 12 12 12 0 12 21 36 36 36 12 37 12 12 
smanriqu 12 12 25 32 20 19 6 37 12 
mferrel2 12 12 12 0 15 21 12 37 12 
ldougla3 12 12 12 15 0 21 37 12 
jmcconn1 12 37 12 37 12 37 12 37 12 19 20 6 
ecahill 12 12 19 37 12 20 6 
dshaw4 12 37 12 12 0 15 36 21 25 
alucche1 12 12 15 25 0 21 36 25 37 12 12 37 12 
odonnel1 12 37 12 37 12 37 12 12 37 12 0 12 20 6 19 
mpirko 12 25 0 15 21 37 12 12 25 
mlyden1 12 12 37 12 12 25 9 19 20 6 
mdekold 12 12 12 12 15 25 21 0 37 12 9 12 37 12 19 6 20 
eschnaut 12 12 9 19 20 6 37 12 36 36 12 0 12 12 
esalina1 12 
sholtz1 12 15 21 0 36 36 25 37 12 37 12 
sdann 12 12 37 12 12 37 12 
pkolek 12 25 37 12 19 20 6 
nhaymond 12 
kmuha 12 37 12 12 37 12 37 12 25 19 20 6 37 12 37 12 
kfeehan 12 37 12 36 36 36 36 12 19 6 20 12 
kalme 12 12 20 37 12 37 12 
ivaldess 12 25 15 21 12 0 37 12 37 12 
esmith30 12 20 6 19 37 12 37 12 9 
ctoudouz 12 37 12 37 12 20 37 12 9 37 12 37 12 
sreddy4 12 37 12 19 20 6 36 36 36 12 
rboylan 12 37 12 12 12 15 0 21 37 12 31 12 37 12 
ncheng 12 25 0 36 36 36 36 36 12 21 36 36 36 36 12 15 12 
mgelchio 12 37 12 12 36 36 12 37 12 19 20 6 36 36 12 37 12 9 
jzelinsk 12 25 6 20 19 
jcuji 12 12 37 12 12 6 19 
gworthin 12 12 12 25 20 6 37 12 37 12 37 12 12 25 19 12 9 8 
dfabrega 12 37 12 
angov 12 36 36 12 25 0 12 36 36 29 15 21 37 12 37 12 25 20 6 36 19 
adunniga 12 15 0 21 12 37 12 
skolda 12 12 25 19 20 6 12 37 12 9 37 12 36 18 36 36 36 36 13 12 36 36 36 36 19 12 12 
scrippes 12 37 12 37 12 12 15 25 37 12 37 12 
mschutze 12 37 12 25 12 19 20 6 12 
mpavloff 12 25 12 25 15 0 21 36 12 
lnixon1 12 12 15 12 12 36 36 36 36 36 0 21 12 37 12 37 12 
kmurray7 12 12 25 6 20 19 37 12 37 12 37 12 
hthomps4 12 37 12 37 12 6 20 19 37 12 
ewood1 12 19 20 6 36 36 36 12 37 12 9 37 12 9 36 36 36 36 12 19 36 36 16 37 12 
estrouse 12 37 12 19 20 6 12 25 37 12 19 
sekanay1 12 25 12 15 37 12 21 0 
odegnim 12 15 36 36 12 0 21 
kcox5 12 12 12 25 15 0 21 37 12 12 12 
kborotho 12 25 15 37 12 12 21 0 36 36 12 
jbertram 12 37 12 12 9 12 
hbyrne 12 37 12 12 12 37 12 9 37 12 
ggulyas 12 12 19 25 20 6 37 12 12 37 12 
ekeuler 12 12 37 12 
egeyer1 12 37 12 15 0 21 12 25 37 12 
dlong2 12 37 12 25 6 20 36 36 19 
bpierpoi 12 37 12 12 0 21 37 12 37 12 37 12 37 12 37 12 37 12 
apavelka 12 9 37 12 37 12 19 20 6 
rbartle1 12 15 0 21 
nyusko1 12 37 12 36 36 36 36 36 12 15 21 0 37 12 37 12 37 12 
motten1 12 37 12 12 20 6 19 
molsen3 12 25 19 20 6 
mdambros 12 20 37 12 19 6 12 
kmountf1 12 37 12 9 19 20 6 25 37 12 19 20 6 12 
jeversol 12 12 25 15 21 0 12 37 12 37 12 37 12 25 6 20 36 36 36 36 19 12 37 12 
etorrent 12 9 37 12 12 37 12 19 20 6 36 36 25 12 37 12 37 12 9 
ereynol5 12 19 20 6 25 37 12 6 36 36 36 36 12 
epark5 12 37 12 19 20 6 37 12 12 12 9 25 20 6 19 
dpatel2 12 12 12 25 19 20 6 36 36 12 
cmoreno5 12 12 12 12 12 15 12 21 0 37 12 12 12 37 12 
bgawel 12 19 6 20 37 12 
bconlon 12 37 12 25 19 12 12 6 20 37 12 
apanousi 12 19 20 6 12 37 12 37 12 
tngochi 12 9 19 20 6 25 
tdasso 12 37 12 12 15 0 36 21 37 12 
smcmull1 12 12 19 6 20 25 37 12 37 12 12 9 37 12 37 12 12 12 12 17 
rwittmer 12 12 37 12 37 12 36 36 36 19 6 20 
rvazza 12 37 12 9 19 20 6 
nhong 12 37 12 12 9 31 12 
mrohling 12 15 12 0 21 37 12 12 37 12 12 9 36 36 12 18 11 12 6 20 12 19 37 12 37 12 37 12 
edebassi 12 20 36 36 36 36 12 
dsmith53 12 36 36 12 15 0 21 37 12 12 37 12 12 
cdowicz 12 12 12 31 37 12 12 15 12 37 12 12 37 12 
bnakfoor 12 37 12 36 15 36 0 36 21 37 12 36 19 20 6 
akhemani 12 0 15 21 36 36 36 36 36 12 
ahughes8 12 37 12 15 36 12 0 21 
tperey 12 37 12 25 19 20 6 37 12 37 12 
pbetz 12 37 12 12 15 0 21 37 12 37 12 12 37 12 20 6 12 12 19 37 12 36 36 36 36 36 12 37 12 12 
mmccor15 12 37 12 12 0 21 12 37 12 37 12 
mgray10 12 15 21 0 25 36 36 12 
mfraizer 12 12 12 37 12 12 18 37 12 37 12 12 19 20 6 12 
lherna11 12 25 37 12 37 12 30 37 12 19 20 6 25 34 9 8 
jmolumph 12 25 37 12 36 12 19 36 20 6 
hzweberl 12 37 12 37 12 25 37 12 
dserafin 12 37 12 25 37 12 19 6 20 
bpowell4 12 15 0 21 25 0 21 37 12 37 12 37 12 37 12 12 37 12 12 25 20 19 
mdownin1 12 25 0 12 15 21 37 12 
lduggan 12 25 0 36 15 21 37 12 
kmclaug3 12 37 12 12 12 20 12 6 19 
kbulleit 12 12 25 0 21 37 12 12 37 12 12 
jplas 12 
jbrown36 12 12 15 21 0 12 37 12 12 12 12 6 19 
dkim30 12 37 12 37 12 37 12 19 20 6 37 12 
cpantin 12 12 15 21 0 37 12 
cmyers11 12 9 
amora2 12 37 12 19 6 20 37 12 37 12 
adrisco2 12 37 12 37 12 37 12 37 12 12 9 
xtsai 12 36 36 36 36 36 36 12 12 15 6 20 0 21 
wbaer 12 15 0 21 
nisakson 12 37 12 12 15 0 21 37 12 12 12 12 12 12 12 12 12 12 12 12 12 12 12 36 36 36 36 36 36 12 36 36 12 37 12 37 12 12 6 19 37 12 12 12 
lmcfadde 12 12 0 37 12 25 36 36 12 15 0 21 25 37 12 25 12 0 
kmurph44 12 12 36 36 9 19 20 6 36 36 36 36 12 37 12 
ibushue 12 0 15 12 21 36 12 37 12 25 37 20 
enichol4 12 19 20 6 25 
egroth 12 37 12 25 20 6 19 
aheinzma 12 15 0 21 
ahall2 12 12 12 37 12 12 15 0 12 21 25 37 12 0 12 
adecker1 12 37 12 37 12 12 19 20 6 25 
aameen 12 19 6 20 36 36 36 12 12 12 12 
zwall 12 
smonaha1 12 37 12 37 12 37 12 12 37 12 
sdeschne 12 25 0 15 21 
mowen 12 37 12 25 20 6 19 37 12 
lwatts1 12 37 12 25 19 36 36 20 6 
krochefo 12 37 12 37 12 12 12 19 20 6 
jholguin 12 37 12 12 6 19 
gniforat 12 12 12 15 12 12 12 0 12 21 
evandier 12 12 19 20 6 9 37 12 12 9 0 1 37 12 36 36 36 12 9 37 12 12 9 12 0 1 29 37 12 12 9 37 12 
eclapp 12 37 12 12 19 20 6 25 12 
awaldsch 12 37 12 37 12 9 12 12 12 12 37 12 37 12 12 36 36 36 36 36 36 12 
adevito1 12 15 0 21 37 12 37 12 37 12 36 36 12 19 20 36 6 12 12 37 12 
tsilva1 12 37 12 19 20 6 
oivan 12 37 12 37 12 25 20 6 19 
mmarti45 12 37 12 19 12 20 6 12 25 
mjorden 12 19 20 6 25 
ldorenko 12 12 37 12 37 12 25 15 36 36 36 36 36 12 0 36 36 36 36 21 
ktracey 12 25 0 36 36 36 36 15 12 21 37 12 
krothmey 12 12 37 12 37 12 37 12 9 37 12 36 36 12 
kbiladea 12 37 12 
jweas 12 36 36 12 9 19 20 6 12 25 37 12 
jgoldsch 12 25 15 37 12 15 0 21 37 12 37 12 9 37 12 
jdraves 12 21 37 12 0 37 12 25 15 
gotte1 12 12 9 37 12 11 37 12 12 9 18 36 36 15 36 36 36 36 11 
etruesda 12 19 20 6 
emeara 12 37 12 9 13 29 15 37 12 9 19 17 12 
cnilsen 12 20 12 37 12 20 19 
bmurph24 12 36 36 36 36 12 6 25 37 12 37 12 25 6 20 19 
azammit 12 37 12 37 12 12 9 37 12 36 36 36 12 
arabbitt 12 12 12 12 15 0 21 
wcheong 12 37 12 37 12 12 20 0 12 37 12 37 12 
kmoran11 12 12 37 12 37 12 19 20 12 6 37 12 19 20 6 37 12 
kgalla21 12 12 25 36 36 36 36 36 12 19 36 36 6 20 37 12 
kgalla20 12 36 36 36 36 12 15 21 0 37 12 12 37 12 
kfranz1 12 
jsutton3 12 37 12 12 15 12 0 21 
jhegart2 12 25 12 29 1 37 12 37 12 25 15 0 21 36 36 12 
japplew1 12 37 12 36 36 12 19 12 20 6 
imurrer 21 0 
fschemel 12 37 12 25 15 21 0 37 12 36 25 12 20 19 6 
fprimozi 12 37 12 12 12 37 12 37 12 37 12 37 12 37 12 12 20 36 12 
elinares 12 15 0 21 36 12 37 12 37 12 37 12 
cmulshin 12 19 20 6 12 25 37 12 
cmagnuss 12 37 12 12 37 12 20 6 19 37 12 
ccleary1 12 25 12 37 12 12 20 6 19 37 12 12 
abohling 12 25 36 36 19 20 6 37 12 
mscanish 12 37 12 
mkirven 12 37 12 12 25 15 0 21 37 12 
lkim3 12 
lgrabows 12 12 37 12 37 12 
lcaffar1 12 9 19 20 6 
kliang2 12 12 12 9 19 20 6 37 12 
jnowak4 12 12 19 20 12 6 37 12 37 12 
hcheng1 12 12 15 0 21 
bmerrick 12 25 37 12 0 21 15 
bgagnon 12 37 12 12 0 15 21 12 37 12 37 12 
tmansell 12 12 19 20 6 
rrocco 12 15 0 21 37 12 12 9 37 12 37 12 25 19 20 6 36 36 36 36 36 12 9 36 36 12 37 12 12 32 17 36 12 
rpuno 12 25 37 19 20 6 
lyan4 12 12 19 20 6 12 
kpresteg 12 37 12 37 12 9 19 12 6 12 20 12 
jbaines 12 12 20 37 12 36 12 19 36 6 
blemay 12 37 12 12 19 6 20 
aromano2 12 12 0 15 21 
alongsta 12 37 12 12 37 12 19 20 6 
szachari 12 25 15 0 37 21 37 12 
spalumb1 12 12 37 12 19 25 6 20 
pcamara 12 12 12 37 12 37 12 9 12 31 36 12 
operez2 12 37 12 9 25 19 20 6 37 12 12 12 37 12 
nvincent 12 
lgelin 12 9 36 36 36 36 36 12 37 12 
ldomenel 12 12 36 12 15 0 12 21 37 12 
lcho 12 37 12 37 12 37 12 36 36 36 36 36 12 20 
jpaul2 12 37 12 20 19 36 36 36 36 36 36 12 37 12 20 19 36 36 36 36 12 
ischmitz 12 12 15 21 37 12 37 12 
egorman5 12 
eeagle 12 36 36 36 12 
cdenzel 12 21 37 12 37 12 25 20 6 19 
asowell 12 37 12 12 19 20 6 37 12 37 12 
yzou2 12 37 12 37 12 37 12 37 12 12 12 0 15 21 37 12 12 36 36 36 36 12 12 37 12 
speter14 12 37 12 12 9 25 32 
pmcmonag 12 12 15 25 36 36 0 36 36 36 12 25 37 12 30 25 27 19 37 12 6 20 
kjacoby1 12 37 12 25 6 19 20 
jruane 12 25 0 12 37 12 12 15 37 12 21 12 25 19 20 6 12 
jdodig 12 12 6 20 37 12 12 19 20 6 
gcramer1 12 12 37 12 
everhey 12 12 9 12 19 20 6 
esoller 12 0 36 36 21 37 12 
egorman6 12 37 12 
ckotseos 12 12 15 0 21 12 12 37 12 
bfraser 12 37 12 12 25 20 6 19 37 12 36 36 12 37 12 
asweet 12 37 12 37 12 1 37 12 12 25 20 6 19 12 
apaik 12 12 12 12 15 21 37 12 37 12 37 12 37 12 15 21 25 12 0 12 
amonroe1 12 0 37 12 12 15 0 
abulaoro 12 25 0 21 15 36 36 36 36 36 12 37 12 37 12 12 9 
thuber1 12 15 0 21 37 12 
sincera 12 12 12 19 6 20 
phennes2 12 37 12 
msahd 12 25 29 1 37 12 37 12 12 15 25 21 0 12 37 12 36 36 36 12 
mcabrer1 12 37 12 37 12 12 0 15 21 36 12 
kkolleck 12 12 25 15 0 21 37 12 37 12 25 20 6 19 
kconrad2 12 12 36 36 36 36 12 37 12 12 9 20 37 12 31 
jreeg 12 12 12 0 12 12 21 37 12 12 15 37 12 12 37 12 19 6 20 12 
jgonnard 12 31 25 12 29 12 12 1 37 12 12 25 15 21 36 36 36 36 36 0 
hsarkey 12 12 12 37 12 9 12 20 6 19 
hholden 12 37 12 12 20 6 12 12 19 12 
epil 12 12 37 12 25 36 36 36 12 37 12 37 12 
awitte 25 
trogers6 12 12 25 19 6 20 
tfross 12 15 0 21 25 37 12 15 0 25 12 37 12 37 12 
taguirre 12 15 0 21 36 36 12 36 36 36 36 36 36 12 37 12 
sbindel 12 25 36 36 36 36 12 37 12 12 37 12 
rmaqbool 12 15 12 12 0 12 21 
kcockrel 12 37 12 
jphilli8 12 37 12 12 37 12 
jmarino6 12 9 12 37 12 12 6 20 
eguenthe 12 12 19 20 6 12 
ecaradon 12 12 37 12 37 12 19 12 20 6 
creid4 12 37 12 25 19 20 6 12 9 
carizama 12 37 12 37 12 37 12 9 37 12 37 12 
bbrunin1 12 37 12 37 12 
anataraj 12 12 12 37 12 25 0 21 15 37 12 12 37 12 9 
svukovit 12 37 12 37 12 19 6 20 12 37 12 
pyoung3 12 0 15 36 21 36 36 12 37 12 20 25 
lbognar1 12 6 19 20 
lbakke 12 19 36 36 36 36 36 12 12 6 20 
jzacher 12 36 36 36 12 
