dtorgers_2 19 37 19 37 19 37 19 19 0 5 27 
dtorgers_3 19 37 19 19 37 19 19 37 19 19 36 36 36 36 19 19 36 36 36 19 36 36 36 36 19 19 37 19 19 36 36 36 36 36 19 19 19 19 19 37 19 19 19 19 37 19 19 36 36 36 36 19 19 37 19 36 19 37 19 19 17 37 19 19 36 36 19 19 19 
dtorgers_4 19 37 19 19 37 19 19 19 37 19 19 37 19 37 19 19 19 19 19 36 36 19 19 19 19 37 19 19 19 37 19 19 28 19 19 19 37 19 19 19 37 19 19 36 19 19 19 19 
dtorgers_5 19 37 19 19 19 37 19 36 36 36 36 19 19 37 19 19 37 19 19 36 36 19 19 37 19 19 19 19 19 19 36 36 36 36 19 19 19 19 28 19 19 19 19 19 19 36 36 36 36 19 36 36 36 36 36 36 19 36 36 19 37 19 37 19 37 19 37 19 36 36 36 36 36 19 19 19 19 
dtorgers_6 19 19 37 19 19 19 37 19 19 19 36 19 19 37 19 28 36 36 36 36 36 19 19 19 19 6 37 19 19 19 19 19 19 34 37 19 19 37 19 19 28 36 19 7 19 34 19 37 19 36 36 36 36 36 19 19 36 36 36 36 19 19 19 19 13 36 36 36 19 19 19 19 19 37 19 37 19 19 19 19 19 36 36 36 36 36 19 36 36 36 36 36 19 19 19 19 19 19 19 19 37 19 37 19 19 19 19 37 19 19 36 36 19 19 37 19 36 19 19 19 
dtorgers_7 19 19 19 37 19 19 19 19 19 37 19 19 37 19 19 19 36 19 36 36 36 36 19 19 19 19 36 36 36 36 19 19 36 36 36 36 19 19 36 36 36 36 36 19 19 19 37 19 19 19 19 37 19 19 36 36 36 36 36 36 19 19 36 36 36 36 36 19 19 36 36 36 36 19 19 19 36 36 36 36 36 19 19 19 13 37 19 19 37 19 19 36 19 19 19 19 19 19 19 19 19 19 36 36 36 36 36 19 19 37 19 19 36 36 19 36 36 36 36 19 19 37 19 19 19 19 36 36 36 19 
dtorgers_8 19 19 19 19 19 37 19 19 37 19 19 19 37 19 19 19 19 17 36 36 36 36 36 19 36 36 36 36 36 19 19 37 19 19 37 19 19 36 36 19 36 36 36 36 36 36 19 37 19 19 36 36 19 19 19 19 19 19 19 36 36 36 19 36 36 36 19 36 36 36 36 36 19 37 19 19 19 36 36 36 36 36 19 37 19 37 19 19 28 36 36 19 36 36 36 36 36 19 19 19 37 19 19 19 19 19 19 17 37 19 19 
dtorgers_9 19 19 19 37 19 19 37 19 19 37 19 19 37 19 19 36 36 36 36 36 36 19 19 37 19 19 19 37 19 19 19 19 28 19 37 19 36 36 19 36 36 36 36 19 19 19 36 19 19 36 36 19 19 19 19 37 19 19 19 19 19 19 19 19 36 36 36 19 19 19 37 19 37 19 19 19 19 37 19 19 19 37 19 19 36 36 36 36 36 19 19 
dtorgers_10 19 36 36 36 19 36 36 36 36 36 36 19 36 36 36 19 19 36 36 19 19 37 19 19 19 19 19 37 19 37 19 19 37 19 36 19 36 19 19 36 36 36 36 19 37 19 19 19 19 19 19 37 19 37 19 19 19 37 19 19 19 17 19 37 19 19 
dtorgers_11 19 19 19 19 17 19 19 36 36 19 37 19 19 19 19 36 36 36 36 19 19 19 37 19 19 37 19 19 17 36 36 36 36 19 37 19 19 36 36 36 36 36 19 19 37 19 19 36 36 36 36 36 36 19 19 19 19 37 19 19 19 36 36 36 36 19 19 
dtorgers_12 19 19 19 19 19 19 19 17 36 36 19 19 19 19 19 19 37 19 19 37 19 19 19 37 19 19 36 36 19 37 19 19 37 19 19 19 37 19 19 36 36 19 19 37 19 19 37 19 19 36 36 36 19 37 19 19 19 37 19 19 36 36 19 19 37 19 19 19 36 19 19 19 19 
dtorgers_13 19 19 37 19 19 19 36 36 19 37 19 19 19 36 36 36 19 37 19 19 19 36 36 36 19 19 37 19 19 36 36 36 19 19 37 19 19 19 37 19 19 37 19 19 37 19 19 
dtorgers_14 19 19 19 19 36 36 36 19 19 19 19 37 19 19 37 19 19 36 36 36 36 36 19 19 37 19 19 36 36 36 19 19 19 36 36 19 19 37 19 19 37 19 19 19 19 37 19 19 19 37 19 19 19 36 36 19 19 19 37 19 36 19 37 19 19 37 19 
dtorgers_15 19 19 37 19 19 19 19 37 19 37 19 37 19 19 19 19 37 19 37 19 19 36 36 36 36 19 19 19 19 1 28 36 19 19 29 34 19 37 19 19 19 19 36 36 36 36 19 19 37 19 36 19 37 19 19 19 37 19 36 28 
dtorgers_16 19 19 36 36 36 36 19 36 36 36 19 36 36 36 36 19 19 37 19 
dtorgers_17 19 37 19 19 37 19 19 19 19 19 36 19 19 36 36 36 19 19 37 19 36 19 37 19 37 19 19 37 19 19 
dtorgers_18 19 19 19 37 19 19 37 19 19 19 37 19 37 19 19 37 19 19 19 37 19 19 19 37 19 19 19 19 37 19 37 19 19 19 
dtorgers_19 19 37 19 19 37 19 19 19 19 19 19 19 19 19 19 19 19 19 37 19 19 19 19 19 19 37 19 19 19 19 37 19 37 19 19 37 19 36 19 19 19 19 37 19 19 19 36 36 36 19 19 36 19 36 36 36 19 36 19 19 19 19 19 36 19 19 36 36 36 19 37 19 37 19 19 36 36 36 36 36 36 19 19 19 17 28 36 36 36 19 19 19 36 36 19 19 19 36 36 19 19 37 19 37 19 19 
mdawson3_3 19 19 37 19 19 19 36 36 36 36 19 19 19 19 37 19 19 26 21 37 19 37 19 36 36 36 36 19 19 26 21 19 19 19 19 36 36 19 19 37 19 21 
mdawson3_4 19 37 19 1 19 37 19 19 19 19 36 19 1 17 19 19 19 19 19 19 19 19 19 19 28 19 28 37 19 19 36 36 19 19 19 37 19 36 36 36 36 19 37 19 19 36 36 19 37 19 19 
mdawson3_5 19 1 19 19 19 19 19 36 36 36 36 19 36 36 36 36 36 19 36 19 19 1 37 19 19 1 37 19 19 37 19 37 19 19 19 22 36 36 36 36 36 36 19 19 1 19 36 36 36 36 19 
mdawson3_6 19 19 1 19 19 36 19 19 19 19 19 19 19 19 19 19 19 19 19 19 19 19 19 19 36 36 19 36 36 19 19 36 36 19 19 19 19 19 19 19 19 19 19 19 19 37 19 19 19 19 19 19 19 19 19 19 19 19 34 13 4 19 19 36 36 36 36 19 19 37 19 19 37 19 19 19 37 19 
mdawson3_7 19 19 19 19 19 19 19 19 19 19 19 19 19 19 19 37 19 7 12 25 37 19 19 28 36 19 19 36 19 19 19 19 37 19 36 28 
mdawson3_8 19 19 19 19 19 19 19 19 19 19 19 19 19 19 19 19 19 19 19 19 36 36 19 19 19 19 19 19 19 19 19 19 19 36 19 19 19 19 19 19 19 19 19 19 19 19 19 19 19 19 19 36 19 19 36 19 37 19 19 19 19 19 19 19 19 19 19 19 19 19 19 37 19 37 19 36 36 19 37 19 28 36 19 19 19 19 
mdawson3_9 19 19 19 19 19 37 19 19 19 19 19 28 37 19 19 31 29 13 19 36 36 36 19 19 37 19 19 19 37 19 36 19 36 36 19 29 31 36 36 36 36 19 36 36 36 36 19 28 36 36 19 36 36 29 19 
mdawson3_10 19 37 19 19 37 19 19 18 11 32 19 19 19 13 37 19 19 19 19 19 19 19 19 19 19 19 19 19 19 19 19 19 19 19 19 19 19 36 36 36 36 36 36 19 37 19 19 19 19 28 37 19 36 36 36 36 19 37 19 19 19 
mdawson3_11 19 19 19 19 37 19 36 36 36 36 19 37 19 19 19 19 36 19 22 36 36 19 37 19 
mdawson3_12 19 36 36 36 36 19 19 37 19 37 19 19 36 36 36 36 19 37 19 19 19 37 19 36 19 16 9 3 13 36 36 36 19 37 19 19 
mdawson3_13 19 19 37 19 33 19 36 36 36 19 19 19 19 37 19 37 19 
mdawson3_14 19 19 37 19 19 19 37 19 33 23 37 19 19 37 19 19 19 
mdawson3_15 19 19 19 19 19 19 37 19 17 37 19 19 37 19 14 30 19 19 17 37 19 19 37 19 
mdawson3_16 19 19 37 19 17 37 19 37 19 
mdawson3_17 19 26 20 6 37 19 19 19 36 36 36 36 19 19 37 19 37 19 19 19 17 
mdawson3_18 19 19 17 37 19 37 19 19 37 19 19 19 19 19 19 19 19 19 19 19 19 19 19 19 19 19 19 19 19 19 19 19 19 37 19 19 36 19 37 19 37 19 19 36 36 36 19 19 36 19 
mdawson3_19 19 36 19 37 19 36 36 36 36 36 19 37 19 19 37 19 36 36 36 19 19 13 37 19 19 19 19 19 13 
cdavin1_3 19 36 36 36 36 19 13 7 19 36 19 19 19 19 19 19 19 19 19 37 19 36 36 36 36 19 19 19 37 19 19 13 37 19 36 36 36 36 19 36 36 19 37 19 36 36 36 19 37 19 37 19 37 19 13 21 36 19 19 37 19 19 
cdavin1_4 19 36 36 19 36 36 36 36 19 19 19 19 19 13 19 37 19 13 37 19 19 19 19 19 36 36 36 19 36 36 36 19 37 19 19 36 36 36 36 19 19 37 19 13 19 37 19 19 19 37 19 37 19 37 19 37 19 
cdavin1_5 19 36 36 19 36 36 36 36 19 37 19 13 1 36 36 19 37 19 19 37 19 36 36 36 36 36 19 36 36 19 19 19 6 37 19 19 13 36 36 36 36 36 19 6 37 19 19 13 37 19 37 19 2 13 22 37 19 
cdavin1_6 19 19 19 19 37 19 19 13 37 19 19 36 36 36 19 19 19 36 19 37 19 37 19 37 19 19 19 13 19 19 37 19 19 37 19 37 19 36 36 19 19 13 37 19 36 36 36 36 19 19 36 36 19 19 19 36 36 19 19 37 19 19 36 36 36 36 36 19 36 36 36 36 36 19 37 19 
cdavin1_7 19 13 34 24 4 19 37 19 36 36 36 36 36 36 19 36 36 36 19 19 37 19 37 19 37 19 37 19 36 36 36 36 36 19 19 13 7 19 19 37 19 37 19 37 19 13 19 12 7 25 37 19 
cdavin1_8 19 19 37 19 19 28 37 19 19 19 19 37 19 37 19 37 19 37 19 28 36 36 36 19 37 19 37 19 19 37 19 19 28 37 19 19 19 37 19 19 37 24 34 25 37 19 34 36 36 19 22 24 6 25 37 19 37 19 36 36 36 19 37 19 
cdavin1_9 19 37 19 19 36 36 36 36 19 37 19 37 19 37 19 37 19 37 19 19 13 19 36 36 36 19 31 29 19 37 19 19 13 36 36 19 31 19 37 19 
cdavin1_10 19 37 19 19 36 19 36 36 36 19 37 19 37 19 19 19 36 36 36 36 36 19 36 19 36 19 37 19 19 19 19 36 19 37 19 36 19 36 36 36 36 36 19 13 18 19 19 36 36 36 36 19 37 19 19 37 19 37 19 37 19 
cdavin1_11 19 19 36 36 36 19 37 19 37 19 19 13 18 32 11 37 19 37 19 17 37 19 37 19 19 37 19 19 
cdavin1_12 19 37 19 19 36 36 36 19 36 36 36 36 36 19 19 19 37 19 19 19 19 37 19 37 19 37 19 37 19 
cdavin1_13 19 19 13 9 37 19 37 19 16 13 3 36 36 36 36 36 36 19 9 37 19 37 19 19 13 37 19 
cdavin1_14 19 13 17 23 10 33 37 19 37 19 37 19 37 19 13 37 19 13 14 30 8 19 
cdavin1_15 19 37 19 36 36 36 36 19 19 37 19 19 37 19 19 19 13 36 19 19 37 19 37 19 13 37 19 19 19 0 27 36 36 36 19 
cdavin1_16 19 19 36 19 19 19 19 19 19 37 19 37 19 
cdavin1_17 19 37 19 17 37 19 17 37 19 19 37 19 37 19 37 19 19 
cdavin1_18 19 37 19 37 19 37 19 31 19 24 37 19 37 19 19 19 19 
cdavin1_19 19 19 36 19 37 19 19 37 19 36 36 19 19 37 19 37 19 19 19 37 19 37 19 19 36 36 36 36 36 19 37 19 37 19 37 19 37 19 37 19 
alebron1_3 19 37 19 13 19 13 19 21 26 36 36 36 19 19 36 36 36 36 36 19 37 19 19 19 36 36 36 36 19 37 19 36 36 36 36 19 36 36 36 36 36 19 37 19 37 19 37 19 37 19 37 19 
alebron1_4 19 19 13 6 37 19 19 19 36 36 19 37 19 37 19 1 37 19 37 19 37 19 37 19 19 1 19 37 19 37 19 1 36 19 36 36 36 36 36 19 36 36 36 36 13 6 1 19 19 36 36 19 19 19 37 19 37 19 36 36 36 19 36 36 36 36 19 37 19 1 2 22 13 36 36 19 37 19 37 19 37 19 36 36 36 36 36 19 36 36 36 36 36 36 19 2 13 22 
alebron1_5 19 36 36 36 36 19 19 2 36 36 36 36 36 19 36 36 36 36 36 19 37 19 36 36 36 36 19 36 36 36 36 19 1 36 36 19 37 19 36 36 36 36 36 19 19 2 22 13 36 36 36 19 19 37 19 37 19 19 37 19 36 36 36 36 36 19 37 19 37 19 36 36 36 19 37 19 37 19 36 19 37 19 37 19 37 19 37 19 37 19 37 19 
alebron1_6 19 19 37 19 37 19 37 19 37 19 24 34 4 13 37 19 37 19 37 19 37 19 37 19 36 36 36 19 19 36 36 36 36 36 36 19 19 28 17 37 19 36 36 36 36 19 37 19 37 19 37 19 36 19 37 19 37 19 
alebron1_7 19 37 19 37 19 36 36 36 19 37 19 36 36 36 19 25 12 7 13 19 37 19 37 19 19 25 13 36 36 19 13 36 36 19 36 36 36 36 36 36 19 12 7 37 19 36 36 36 36 36 19 37 19 37 19 37 19 
alebron1_8 19 19 36 36 36 36 36 36 19 37 19 36 36 36 19 37 19 37 19 37 19 37 19 37 19 28 37 19 
alebron1_9 19 36 36 36 36 19 37 19 28 37 19 37 19 37 19 19 13 37 19 37 19 36 36 36 19 28 37 19 28 36 36 19 37 19 31 29 13 36 36 19 36 36 36 19 37 19 19 36 36 36 36 19 36 36 36 19 36 36 36 19 37 19 37 19 37 19 37 19 37 19 36 36 36 19 
alebron1_10 19 37 19 37 19 36 36 36 36 19 37 19 37 19 36 36 36 36 36 36 19 37 19 19 37 19 19 19 31 29 32 11 18 13 37 19 37 19 19 32 11 18 13 19 37 19 37 19 36 36 19 37 19 37 19 37 19 
alebron1_11 19 36 36 36 36 36 19 37 19 19 17 19 37 19 37 19 19 37 19 36 36 36 19 19 37 19 19 
alebron1_12 19 37 19 17 37 19 37 19 19 19 16 3 9 13 17 37 19 19 19 19 19 37 19 19 17 
alebron1_13 19 37 19 
alebron1_14 19 17 37 19 37 19 23 33 10 13 37 19 37 19 37 19 
alebron1_15 19 19 37 19 37 19 37 19 37 19 14 30 8 13 19 36 36 36 19 37 19 37 19 19 19 36 36 36 36 36 36 19 19 19 8 30 13 19 14 37 19 17 36 36 36 19 36 36 19 36 36 36 19 37 19 37 19 37 19 
alebron1_16 19 37 19 
alebron1_17 19 37 19 37 19 37 19 37 19 17 37 19 17 36 36 19 37 19 17 19 17 19 
alebron1_18 19 36 36 36 36 36 36 19 19 36 36 19 37 19 37 19 19 37 19 37 19 37 19 36 36 36 36 36 19 19 37 19 37 19 37 19 37 19 
alebron1_19 19 37 19 37 19 36 36 36 36 36 19 37 19 37 19 37 19 37 19 37 19 19 37 19 37 19 37 19 37 19 
alebron1_20 19 
ccooper8_2 19 
ccooper8_3 19 37 19 19 37 19 37 19 37 19 37 19 36 36 36 19 37 19 13 37 19 37 19 21 26 19 19 
ccooper8_4 19 36 36 19 37 19 37 19 19 37 19 37 19 37 19 13 1 19 19 20 37 19 19 19 6 37 19 37 19 6 36 36 36 36 19 37 19 19 36 36 19 19 
ccooper8_5 19 19 1 19 37 19 36 36 36 19 13 37 19 37 19 37 19 19 19 13 37 19 37 19 37 19 19 19 36 36 36 36 36 36 19 37 19 37 19 37 19 19 19 36 36 36 36 19 19 19 13 19 2 22 19 19 19 19 37 19 
ccooper8_6 19 37 19 37 19 37 19 13 19 19 19 1 36 36 36 36 36 19 37 19 37 19 36 19 4 34 24 37 19 36 36 19 
ccooper8_7 19 37 19 37 19 37 19 37 19 37 19 13 36 36 36 36 36 36 19 37 19 37 19 25 7 12 13 19 19 36 36 36 36 36 36 19 37 19 19 37 19 37 19 37 19 
ccooper8_8 19 37 19 37 19 37 19 37 19 28 36 36 36 36 19 37 19 37 19 37 19 37 19 37 19 28 36 36 6 36 36 36 36 36 36 19 37 19 
ccooper8_9 19 37 19 19 13 37 19 37 19 37 19 31 29 37 19 37 19 37 19 
ccooper8_10 19 37 19 37 19 37 19 37 19 37 19 37 19 19 19 13 36 36 19 36 36 36 36 36 19 37 19 37 19 19 
ccooper8_11 19 36 19 37 19 19 37 19 36 36 19 32 11 18 13 
ccooper8_12 19 37 19 37 19 37 19 37 19 37 19 13 36 19 37 19 37 19 37 19 37 19 36 36 19 16 3 9 37 19 19 37 19 
ccooper8_13 19 37 19 37 19 37 19 37 19 37 19 19 13 37 19 36 36 36 36 19 36 36 36 19 19 19 37 19 19 19 23 33 10 
ccooper8_14 19 37 19 37 19 37 19 37 19 37 19 37 19 37 19 13 37 19 14 30 8 19 37 19 
ccooper8_15 19 19 19 19 19 19 37 19 19 17 37 19 37 19 37 19 37 19 13 19 19 37 19 37 19 37 19 0 5 27 13 19 37 19 
ccooper8_16 19 37 19 36 36 19 
ccooper8_17 19 37 19 36 36 36 36 36 19 17 37 19 36 36 36 19 17 37 19 36 36 36 36 19 17 6 19 30 21 9 37 19 37 19 37 19 
ccooper8_18 19 36 36 36 36 36 36 19 37 19 37 19 37 19 17 19 37 19 37 19 37 19 37 19 37 19 37 19 37 19 
ccooper8_19 19 37 19 37 19 37 19 19 37 19 
ccooper8_20 19 19 19 19 
