dtorgers 0 0 0 20 0 0 0 0 0 0 0 0 0 0 0 0 0 0 0 0 0 0 0 0 0 0 0 0 0 0 0 100
cdavin1 0 100
alebron1 0 0 0 0 0 0 0 0 0 0 29 32 22 15 0 0 0 0 0 100
ccooper8 0 0 0 0 0 29 100
nweindel 0 0 0 0 0 15 0 0 28 0 0 0 0 0 0 0 0 0 0 0 29 0 15 0 15 33 12 0 0 0 0 0 0 0 0 0 0 0 0 0 100
ntownsen 0 0 0 0 0 0 0 0 0 0 0 33 0 0 24 28 0 0 0 0 0 0 0 0 0 0 29 100
jberg2 0 0 0 0 0 0 0 0 0 0 0 0 0 29 0 0 33 0 0 0 0 0 0 0 0 0 0 0 29 100
fhita 0 0 0 0 0 0 0 15 0 0 0 0 0 0 24 0 0 0 0 0 100
mmcfarli 0 0 0 0 0 15 0 0 0 0 0 0 0 0 0 0 0 0 0 0 0 0 15 24 28 0 0 0 0 0 0 0 0 0 0 0 0 0 0 0 0 29 100
mlengwin 0 3 8 18 8 15 34 31 6 0 0 0 0 0 29 100
kwurl 0 0 15 24 0 0 0 0 24 0 15 28 0 0 29 33 15 20 0 0 0 0 0 0 29 100
ccampb20 0 0 0 0 15 29 0 29 100
pbrown10 0 0 0 0 29 0 100
rdiejoma 0 0 0 0 0 28 24 15 0 29 0 0 0 0 29 100
drogers1 0 0 0 0 0 0 28 15 0 0 24 0 0 0 0 0 12 0 0 0 0 29 100
cdelpila 0 0 29 0 0 0 0 0 29 100
cbolivar 0 0 0 0 0 0 0 15 0 0 29 0 100
muhlenbr 0 29 0 100
msmith75 0 100
pmcguir2 0 29 0 12 0 0 0 0 0 33 0 0 100
jstaten 0 29 100
mgirod 0 0 0 0 0 0 0 29 100
zgartenh 0 100
alabella 0 0 0 0 0 29 100
bferrer1 0 12 0 33 0 0 15 0 0 0 0 100
pcataldi 0 0 0 0 0 0 0 0 0 0 0 0 32 22 100
aohri 0 22 0 0 32 100
pklekamp 0 0 0 0 0 15 0 0 32 22 0 0 100
amccar10 0 0 0 0 0 0 0 0 0 0 29 0 33 15 0 0 0 0 0 12 0 0 0 0 0 100
nwamble 0 0 0 0 32 22 100
wwu5 0 0 0 0 0 0 0 0 0 0 0 0 0 0 0 29 100
wsuter2 0 0 0 0 0 28 24 15 0 0 0 0 0 0 0 0 0 0 29 100
thowe1 0 0 28 24 0 0 0 0 0 0 0 29 0 33 12 100
mmian 0 0 0 0 15 0 29 0 100
jhouge 0 0 0 0 0 0 32 0 22 100
slemaign 0 0 100
ldamoose 0 0 0 0 0 29 100
sburnbau 0 0 0 0 0 0 0 100
nwarren 0 0 0 0 0 15 0 28 24 0 0 0 0 0 0 0 0 15 29 100
bconnol3 0 0 0 0 0 15 0 28 24 0 0 0 0 0 15 0 0 29 0 0 0 0 29 0 100
rheitkam 0 29 100
jmullike 0 0 15 32 100
chickey3 0 15 0 0 0 28 0 24 0 0 0 0 0 0 0 0 0 0 0 0 0 0 29 0 100
athoma24 0 0 0 0 0 0 15 28 24 0 0 0 0 0 0 0 0 0 29 100
rgensler 0 29 100
kthornt4 0 15 100
pvlandis 0 0 0 0 29 100
mmizraji 0 0 0 29 100
zpavlin 0 100
ydeng3 0 18 8 0 0 0 100
kfox8 0 0 0 0 0 0 0 0 15 28 0 0 0 15 0 0 0 0 0 0 0 0 29 100
lsulli11 0 100
jgorman6 0 0 29 100
enunez 0 24 28 0 0 0 0 0 0 29 0 12 33 0 0 0 0 0 0 0 0 0 29 100
jdirksen 0 0 22 32 29 0 100
whornby 32 0 0 22 0 100
jwade5 0 33 0 0 32 22 0 0 0 0 0 29 100
mblatt1 0 100
jowusuko 0 22 32 15 0 32 0 15 0 100
mmang 0 0 0 0 15 0 0 0 0 0 0 0 29 0 0 0 0 100
waberger 0 0 0 0 29 100
llombar2 0 29 0 100
gkaiser 0 12 15 0 0 0 0 0 0 0 0 0 100
koconn27 0 0 33 12 15 0 0 0 0 0 0 29 100
aweishan 0 100
mcaskey 0 0 0 0 0 0 0 0 15 0 0 24 0 0 28 0 0 12 0 0 0 0 0 0 100
jguarino 0 0 0 0 0 0 100
cseymou2 0 0 0 28 0 15 24 0 0 0 0 0 0 0 29 100
dplagenz 0 12 33 15 33 0 29 100
csasso 0 0 29 100
amccar11 0 12 33 15 0 0 0 0 20 0 0 0 15 22 32 0 100
yshi6 0 8 3 100
jwinebre 0 0 0 100
sgalbens 0 0 12 33 0 0 0 0 0 0 100
jlazzara 0 0 0 0 0 0 29 0 0 0 0 15 100
vruesch 0 0 0 0 0 0 28 24 0 25 0 0 24 15 0 12 0 12 0 29 33 0 100
nniere 0 100
ghong 0 0 0 0 15 28 24 12 33 0 0 0 0 28 24 15 0 0 0 0 12 29 33 0 100
bhogan1 22 100
wdu 0 0 0 7 9 14 0 100
tmercier 0 0 29 0 100
esunshi1 0 0 0 0 0 0 28 15 0 0 0 0 0 0 0 0 0 0 0 0 0 0 0 15 0 29 100
eevans9 0 100
bkenney1 0 0 0 28 0 0 15 0 0 33 0 12 29 0 29 100
cdieckma 0 100
mcoggins 0 0 0 100
lblitzer 0 0 0 12 0 0 0 0 0 0 0 0 0 0 0 0 0 0 29 0 33 0 0 32 22 0 32 0 0 0 0 0 0 22 32 0 3 0 0 0 0 0 0 0 0 0 29 100
jdelledo 0 0 0 0 15 24 0 0 0 0 0 15 28 0 15 0 0 29 100
mfreedlu 0 0 0 0 28 15 24 0 0 0 0 0 33 15 0 29 0 100
tprice4 0 32 22 100
eralph 0 0 0 0 0 0 0 29 100
bhalliga 0 0 0 0 0 0 22 0 0 0 100
sroennec 0 100
jmurph32 0 0 0 100
cfrentze 0 0 15 0 28 24 15 0 28 24 15 0 0 0 33 15 0 0 0 0 0 0 0 0 100
mnewcome 0 100
jsitarsk 0 0 0 29 100
tpreko 0 0 0 0 0 0 15 28 0 0 0 28 0 0 0 0 0 24 0 0 29 0 0 100
mtreacy 0 0 0 0 15 28 24 0 0 0 0 0 29 0 0 12 33 0 0 0 0 29 0 100
ccampb21 0 0 0 0 0 0 28 0 0 0 0 0 0 0 0 0 29 0 0 33 100
rrivera8 0 7 0 24 15 28 0 0 0 0 0 0 29 100
rblack4 0 100
jwelsch 0 0 0 0 29 100
jgately1 0 0 28 24 0 28 15 0 0 0 33 0 29 0 100
gdean 0 29 0 100
ewigutow 0 28 0 0 0 0 0 0 100
dgibbon2 0 0 0 100
cmorton2 0 12 0 0 0 29 100
mrooney6 0 29 15 0 0 29 0 22 15 32 0 100
mmoran12 0 29 0 100
jwalte10 0 0 0 0 0 28 24 15 0 0 0 0 0 29 0 0 0 0 29 100
jcarney6 0 0 29 0 100
pmeyer3 0 0 15 0 15 24 28 0 0 0 29 100
icallaha 0 0 0 0 0 15 24 28 0 0 0 0 0 0 0 0 0 0 29 12 15 0 29 100
dtoth1 0 100
kkostola 0 15 0 0 0 29 100
dlee26 0 15 0 0 0 0 100
yying 0 32 0 22 100
swagy 0 100
rroque1 0 12 0 100
kdantoni 0 0 29 100
wmohler 0 0 0 0 0 0 28 24 0 15 0 0 29 0 100
lklein1 0 0 100
jbecker9 0 29 32 22 0 100
hrague 0 0 0 0 0 28 24 15 0 0 0 0 0 15 29 100
cott 0 0 28 24 0 15 0 0 0 0 29 0 0 100
mholzbau 0 0 0 28 0 15 0 0 30 20 29 100
mhawkin3 0 22 100
lharmon 0 0 0 0 0 29 0 100
elazzaro 0 22 32 0 0 100
tburley 0 0 0 0 22 32 15 0 0 100
shenn 0 12 15 33 0 0 100
jgomez5 0 0 29 0 0 0 0 100
jfries3 0 0 0 29 100
bniemoel 0 0 0 29 100
kriordan 0 0 24 0 24 0 0 0 0 0 0 0 0 0 0 33 12 29 0 0 0 0 0 0 0 0 29 100
jmurph33 0 0 15 0 29 100
dcorr1 0 32 22 100
cemenalo 0 12 0 15 0 100
yjung2 0 0 28 15 0 15 0 0 24 28 0 0 0 0 0 0 0 0 0 29 100
rpappas 0 28 24 15 0 0 0 0 0 0 29 100
mmerric1 0 0 0 15 0 0 28 0 0 0 0 33 100
mdosch 0 32 22 15 0 0 0 100
jbettag 0 0 0 12 33 0 0 0 4 15 0 0 0 0 0 32 22 3 8 18 0 30 4 17 0 0 31 6 34 0 30 20 0 100
jbernin1 0 0 0 0 0 0 0 0 0 29 100
gbruenin 0 0 100
ddallava 0 100
cgamboa 0 32 0 22 15 100
nquartir 0 29 100
lfaubion 0 0 100
cwilso24 0 29 0 100
aursino1 0 0 0 0 0 12 0 0 100
msummer2 0 0 0 0 0 8 0 100
kramm 0 29 100
jchapple 0 15 29 0 100
jbonds 0 100
dbirzer 29 100
cfish 0 100
nholmes1 0 0 15 8 29 0 100
ngiovino 0 0 100
eherber1 0 0 15 29 100
cgallag3 0 100
tzheng2 0 29 0 100
mgerber 0 100
jcolli23 0 29 100
awalton3 0 100
vwhitmor 0 28 24 15 0 0 0 0 0 0 0 28 15 0 0 0 29 0 100
rpellica 0 100
rmyers9 0 0 0 28 24 0 0 24 15 0 0 0 29 100
mdillon7 0 100
jdoerer 0 0 0 0 0 0 0 0 100
gbiltz 0 0 0 0 0 0 0 0 0 0 29 0 0 0 0 0 0 29 100
aheck1 0 100
ucooper 0 29 100
rschill1 0 0 0 24 0 0 28 0 0 23 0 0 0 0 0 33 100
mschlic1 0 32 0 0 100
