dtorgers 12 12 12 12 8 12 12 36 36 12 37 12 12 12 12 36 36 36 36 12 12 12 37 12 12 37 12 12 8 36 36 36 36 12 37 12 12 36 36 36 36 36 12 12 37 12 12 36 36 36 36 36 36 12 12 12 12 37 12 12 12 36 36 36 36 12 12 
mdawson3 12 12 12 12 37 12 36 36 36 36 12 37 12 12 12 12 36 12 1 36 36 12 37 12 
cdavin1 12 12 36 36 36 12 37 12 37 12 12 25 34 22 28 37 12 37 12 8 37 12 37 12 12 37 12 12 
alebron1 12 36 36 36 36 36 12 37 12 12 8 12 37 12 37 12 12 37 12 36 36 36 12 12 37 12 12 
ccooper8 12 36 12 37 12 12 37 12 36 36 12 22 28 34 25 
nweindel 12 25 34 36 36 36 36 22 28 37 12 12 12 
ntownsen 12 37 12 25 
jberg2 12 37 12 12 12 3 36 36 24 36 36 10 30 12 23 5 16 36 36 36 12 37 12 8 9 37 12 36 36 12 37 12 12 37 12 12 9 37 12 12 8 36 36 36 36 12 37 12 
admin4 12 36 36 12 12 37 12 37 12 8 12 12 12 12 12 12 12 12 12 12 12 12 12 12 12 12 12 12 12 12 12 12 12 12 12 12 12 12 12 12 12 12 12 12 12 12 12 12 12 12 12 12 12 12 12 12 12 12 12 12 12 12 12 12 12 12 12 12 12 12 12 12 12 12 12 12 12 12 12 12 12 12 12 12 12 12 12 12 12 12 12 12 12 12 12 12 12 12 12 12 12 12 12 12 12 12 12 12 12 12 12 12 12 12 12 12 12 12 12 12 12 12 
fhita 12 37 12 37 12 12 22 28 34 37 12 12 22 34 36 36 12 12 
mmcfarli 12 12 37 12 12 25 22 28 36 36 36 36 36 12 2 26 36 36 33 36 36 12 12 
mlengwin 12 22 28 34 25 36 36 12 12 12 37 12 
kwurl 12 12 12 25 22 28 34 
ccampb20 12 37 12 25 34 22 28 8 
pbrown10 12 37 12 12 12 37 12 37 12 12 
rdiejoma 12 37 12 12 12 37 12 37 12 36 36 12 
kkalisik 12 37 12 37 12 37 12 12 32 12 37 12 36 36 12 32 36 17 37 12 37 12 37 12 
drogers1 12 37 12 
cdelpila 12 12 37 12 
cbolivar 12 
muhlenbr 12 25 22 28 34 36 36 12 12 12 36 36 36 36 12 12 12 12 12 
msmith75 12 12 18 37 12 37 12 
pmcguir2 12 12 37 12 37 12 22 28 34 
jstaten 12 
mgirod 12 37 12 22 28 34 12 12 37 12 
mdonnel6 12 34 
zgartenh 12 12 37 12 22 28 34 25 37 12 
mfitzg14 12 22 28 25 34 12 37 12 12 2 26 33 
alabella 12 36 36 36 12 16 8 25 37 12 37 12 37 12 37 12 37 12 37 12 
mcomunie 3 36 36 27 37 12 37 12 12 30 4 25 
bferrer1 12 37 12 37 12 37 12 37 12 37 12 37 12 
pcataldi 12 37 12 37 12 
aohri 12 37 12 37 12 37 12 37 12 
pklekamp 12 37 12 12 12 25 34 22 28 36 36 36 36 12 12 37 12 
amccar10 12 37 12 12 12 12 25 
nwamble 12 37 12 12 34 12 12 22 28 
wwu5 12 12 12 37 12 
wsuter2 12 37 12 37 12 37 12 32 17 22 28 34 37 12 25 37 12 
thowe1 12 37 12 37 12 12 34 
madeniyi 12 12 12 37 12 12 36 12 37 12 37 12 37 12 
mmian 12 5 23 37 12 12 16 36 36 12 37 12 37 12 36 12 37 12 37 12 37 12 37 12 36 36 12 37 12 37 12 
jsoares 12 12 9 36 12 12 36 12 36 12 36 36 36 36 12 37 12 36 12 17 32 25 37 12 12 
jhouge 12 37 12 37 12 
slemaign 12 37 12 37 12 12 12 22 28 34 25 12 
ldamoose 12 37 12 22 12 2 25 26 26 33 36 12 
sburnbau 12 12 34 36 12 12 34 12 22 28 12 12 22 28 12 36 12 12 37 12 
nwarren 12 12 25 34 22 28 12 
bconnol3 12 22 28 34 12 25 36 36 12 
rheitkam 12 34 25 36 12 22 28 36 12 
jmullike 12 37 12 37 12 
chickey3 12 22 28 34 12 
athoma24 12 36 36 12 37 12 12 34 12 34 22 28 36 12 37 12 12 12 12 36 36 36 12 36 12 37 12 
rgensler 12 37 12 37 12 37 12 37 12 36 36 36 12 12 25 34 22 28 
kthornt4 12 34 25 37 12 36 36 12 37 12 22 36 36 28 37 12 12 12 12 2 26 33 36 36 12 37 12 
pvlandis 12 37 12 37 12 12 34 25 
mmizraji 12 12 25 12 34 22 28 12 
zpavlin 12 37 12 12 34 25 22 28 
ydeng3 12 36 10 30 4 36 36 36 23 5 16 37 12 37 12 8 
kfox8 12 37 12 
lsulli11 12 12 
jgorman6 12 37 12 37 12 37 12 
enunez 12 37 12 37 12 37 12 37 12 36 36 36 36 12 
mtardy 12 
jdirksen 12 36 12 25 36 36 12 17 32 37 12 36 12 37 12 37 12 
whornby 12 37 12 34 34 12 37 12 34 25 37 12 9 36 12 34 
jwade5 12 37 12 
mblatt1 12 37 12 12 12 8 37 12 12 37 12 12 12 
jowusuko 12 37 12 
jcorpora 12 25 36 36 36 36 36 12 2 26 33 10 25 
mmang 12 12 
aakatu 12 37 12 17 32 12 37 12 12 36 36 36 12 37 12 36 12 12 12 12 12 12 
waberger 12 36 36 12 36 36 36 36 12 37 12 
llombar2 12 37 12 12 34 22 36 36 36 36 12 22 28 25 34 
gkaiser 12 
koconn27 12 
aweishan 12 37 12 
mcaskey 12 
jguarino 12 37 12 37 12 37 12 
cseymou2 12 37 12 
dplagenz 12 37 12 37 12 37 12 25 34 
csasso 12 12 
amccar11 12 
yshi6 12 37 12 
tpillai 12 37 12 22 28 34 37 12 25 31 36 36 36 36 36 12 37 12 
minoue2 12 12 36 36 36 36 36 33 25 
jwinebre 12 36 36 12 25 34 12 37 22 28 37 12 
tanggara 12 25 37 12 25 17 
sgalbens 12 37 12 12 34 22 28 37 12 
jlazzara 12 12 12 37 12 
vruesch 12 37 12 12 22 12 28 34 12 
nniere 12 12 37 12 12 
ghong 12 12 37 12 
bhogan1 12 37 12 
wdu 12 37 12 
tmercier 12 8 37 12 
mball 12 
esunshi1 12 12 12 12 12 37 12 34 25 37 12 37 12 22 12 28 34 25 12 37 12 
eevans9 12 36 12 12 8 33 2 26 36 12 24 3 27 25 36 36 36 12 10 37 12 30 4 12 36 5 16 23 36 36 36 12 12 37 12 12 12 37 12 37 12 37 12 12 37 12 
bkenney1 12 12 
asimonet 12 12 
cdieckma 12 
mcoggins 12 12 37 12 12 25 22 28 34 37 12 37 12 34 
lblitzer 12 37 2 26 33 
jdelledo 12 
mmoore18 12 36 12 12 37 12 12 12 
mfreedlu 12 12 12 22 28 34 25 
ymikulja 12 12 
tprice4 12 
lbarret2 12 37 12 12 12 12 12 37 12 22 28 34 25 
eralph 12 37 12 37 12 
bhalliga 12 34 22 28 
sroennec 12 37 12 12 12 37 12 
jmurph32 12 12 12 25 2 26 
cfrentze 12 37 12 12 36 36 36 36 36 12 36 12 
mnewcome 12 33 26 2 25 37 12 
jsitarsk 12 
mtreacy 12 37 12 37 12 2 26 33 12 3 24 27 36 10 37 30 4 25 
ccampb21 12 37 12 37 12 12 
rrivera8 12 34 36 36 22 12 25 28 36 36 36 12 
rblack4 12 12 37 12 37 12 12 
jwelsch 12 37 12 12 36 22 28 34 12 25 37 12 
jgately1 12 12 
gdean 12 12 37 12 
ewigutow 12 37 12 37 12 37 12 37 12 37 12 22 28 34 37 12 37 12 
dgibbon2 12 12 37 12 37 12 37 12 37 12 12 34 37 12 
cmorton2 12 12 34 12 22 28 37 12 
mrooney6 12 
mmoran12 12 36 36 12 12 37 12 34 22 28 12 12 2 26 12 36 36 3 24 27 30 10 12 37 12 5 23 16 36 36 36 8 36 36 36 36 12 37 12 
jcarney6 12 
pmeyer3 12 
icallaha 12 12 25 34 22 28 12 12 
dtoth1 12 12 
kkostola 12 36 36 36 12 12 22 28 
dlee26 12 37 12 37 12 
yying 12 37 12 37 12 12 
swagy 12 
rroque1 12 36 36 36 36 36 36 12 34 22 28 
kdantoni 12 37 12 37 12 12 12 37 12 12 36 36 36 36 12 36 36 12 25 22 28 34 
wmohler 12 12 12 37 12 37 12 22 28 34 25 
lklein1 12 2 26 33 12 12 3 36 36 36 36 8 37 12 3 24 10 30 4 5 23 16 
jbecker9 12 36 36 12 
hrague 12 37 12 25 28 22 34 12 37 12 12 
cott 12 12 12 
mholzbau 12 8 37 12 25 37 12 34 37 12 22 28 36 36 12 2 26 33 
mhawkin3 12 
lharmon 12 12 25 34 22 28 
elazzaro 12 36 36 36 36 36 12 36 36 36 36 36 12 37 12 36 36 12 37 12 37 12 12 22 36 28 34 12 25 
tburley 12 12 22 34 
shenn 12 34 28 12 22 12 12 12 
jgomez5 12 37 12 25 2 26 33 37 12 3 27 24 37 12 
jfries3 12 37 12 22 28 34 37 12 37 12 
bniemoel 12 12 22 
mcontrer 12 
kriordan 12 37 12 37 12 12 12 22 28 34 36 36 12 37 12 37 12 
jmurph33 12 
dcorr1 12 
cemenalo 12 37 12 12 37 12 
yjung2 12 12 12 12 36 36 34 36 36 22 28 36 12 37 12 36 36 34 12 
rpappas 12 
mmerric1 12 36 36 36 12 12 12 34 22 28 
mdosch 12 
jbettag 12 12 12 12 28 34 22 12 2 36 36 26 33 25 3 24 27 12 10 30 37 16 37 12 4 23 36 36 36 36 8 37 12 37 12 17 
jbernin1 12 37 12 37 12 12 34 36 36 36 36 12 22 28 12 
hrivers 12 12 37 12 12 25 37 12 22 28 34 
gbruenin 12 12 37 12 37 12 37 12 37 12 
ddallava 12 25 2 
cgamboa 12 12 37 12 
nquartir 12 37 12 22 28 34 37 12 
lfaubion 12 32 36 36 17 37 12 37 12 37 12 37 12 37 12 
cwilso24 12 12 12 25 32 17 37 12 37 12 37 12 12 37 12 37 12 
aursino1 12 12 12 37 12 12 
msummer2 12 
kramm 12 37 12 
jchapple 12 12 37 12 12 22 28 34 37 12 8 
jbonds 12 34 37 12 8 22 25 28 
dbirzer 12 12 34 28 22 12 
cfish 12 
nholmes1 12 37 12 25 34 12 22 28 
ngiovino 12 12 12 17 34 25 22 28 12 
eherber1 12 34 22 28 12 37 12 12 25 2 26 33 
cgallag3 12 12 25 34 
wstackma 12 12 12 12 12 12 12 12 12 12 12 12 12 12 12 12 12 12 12 12 12 12 12 12 12 12 12 12 12 12 37 12 12 32 36 17 36 36 36 12 22 28 34 12 36 36 12 12 12 
tzheng2 12 36 36 36 22 28 34 12 12 12 36 12 
mgerber 12 2 37 12 26 33 25 37 12 3 27 24 36 36 12 37 12 10 30 4 8 37 12 36 36 36 36 36 23 5 37 12 16 
jcolli23 12 12 25 37 12 34 12 12 12 22 28 
awalton3 12 
vwhitmor 12 34 25 22 28 12 12 36 36 36 36 12 36 12 
rpellica 12 37 12 36 36 8 36 36 36 36 12 12 12 
rmyers9 12 
mdillon7 12 12 37 12 
jdoerer 12 12 37 12 36 36 36 12 12 
gbiltz 12 12 12 25 22 28 34 2 26 33 3 24 27 25 10 30 4 23 5 16 36 12 37 12 37 12 37 12 37 12 
areaves 12 
aheck1 12 12 37 12 22 28 34 37 12 37 12 
ucooper 12 12 9 37 12 12 37 12 
tguinan 12 17 32 37 12 32 37 12 37 12 17 37 12 
rschill1 12 24 
mschlic1 12 12 
mperry6 12 22 34 28 
jfenton1 12 
csauder 12 12 12 22 28 34 12 
alowney 12 25 12 34 22 28 12 2 26 33 
zkagalw1 12 37 12 34 22 28 
swilkin4 12 
imarx 12 
cschmid7 12 8 
awang4 12 37 12 12 22 28 37 12 34 37 12 
abenavi3 12 37 12 37 12 37 12 25 34 22 28 
sweyhmil 12 
sgenz 12 12 37 12 25 37 12 2 26 33 25 37 12 12 
mwu4 12 22 28 34 12 36 36 12 12 36 36 36 36 12 
jleporte 12 12 12 12 2 26 33 4 8 24 16 27 37 3 36 12 12 23 37 12 25 33 2 26 
adichris 12 37 12 
scrotty1 12 12 22 28 
pfarring 12 12 
pdesousa 12 37 12 37 12 
mkuehl 12 2 26 33 
lfitter 12 37 12 37 12 
kenriett 12 12 37 12 12 12 12 12 34 36 36 22 
jruan 12 
hzahour 12 12 25 12 34 12 22 28 
emostyn 12 12 
edohert1 12 12 12 12 2 26 33 12 12 12 12 37 12 12 
athigpen 12 37 12 
amellert 12 37 12 37 12 
aandrade 12 22 28 34 36 36 12 
tdann 12 34 36 36 12 28 
sielusic 12 12 2 26 33 
mlicursi 12 
mdrake2 12 
lhe3 12 36 36 12 25 34 28 37 12 
inegroro 12 37 12 
afonash 12 
obarnard 12 22 28 34 12 
nbenz 12 
lhuang3 12 22 28 34 12 25 
jwessele 12 37 12 37 12 37 12 37 12 
jmastron 12 37 12 25 22 28 34 
dmarino 12 37 12 37 12 
cpickfor 12 
bmoasser 12 34 22 28 12 36 36 36 36 36 12 37 12 12 37 12 12 
apurcel1 12 22 28 34 
obaitlot 12 
kmollenk 12 12 22 34 28 
ccarlso2 12 25 33 37 12 37 12 2 36 36 26 33 36 36 12 
bmoreno1 12 37 12 17 32 37 12 
smanriqu 12 12 25 22 28 36 34 
mmillado 12 12 22 28 34 37 12 37 12 12 
mferrel2 12 
ldougla3 12 12 12 12 12 9 37 12 9 13 11 18 36 36 12 37 12 12 12 15 36 21 19 37 12 37 12 36 36 12 37 12 37 12 37 12 12 32 17 37 12 
jmcconn1 12 37 12 37 12 37 12 37 12 37 12 12 34 36 36 22 
ecahill 12 12 33 
dshaw4 12 12 25 34 22 28 37 12 37 12 
alucche1 12 37 12 37 12 
odonnel1 12 37 12 12 12 34 36 36 22 28 
mpirko 12 25 34 
mlyden1 12 12 37 12 36 36 36 36 36 36 12 32 25 34 28 22 12 
mdekold 12 34 12 12 12 32 17 12 36 36 36 22 25 28 2 26 33 12 
eschnaut 12 12 12 8 25 36 36 12 12 34 22 28 26 2 33 12 25 3 12 37 12 30 10 16 5 23 37 12 
esalina1 12 32 17 25 37 12 37 12 37 12 25 34 
adiederi 12 37 22 25 28 34 36 36 36 36 36 12 36 36 36 36 36 12 
sholtz1 12 37 12 
sdann 12 
pkolek 12 37 12 12 12 12 25 34 37 12 36 36 12 22 12 25 28 34 12 
nhaymond 12 
kmuha 12 34 36 36 36 36 12 22 28 
kfeehan 12 37 12 12 37 12 12 22 28 34 12 37 12 
kalme 12 
ivaldess 12 37 12 36 36 36 12 
esmith30 12 
ctoudouz 12 37 12 37 12 12 25 
sreddy4 12 12 12 37 12 
rboylan 12 37 12 37 12 36 36 36 36 36 32 17 
ncheng 12 
mgelchio 12 
jzelinsk 12 12 25 34 22 28 12 2 26 33 
jcuji 12 37 12 36 36 36 12 9 37 12 37 12 37 12 
gworthin 12 25 34 12 28 22 
dfabrega 12 12 
angov 12 37 12 
adunniga 12 
skolda 12 25 12 22 28 34 37 12 25 
scrippes 12 25 32 17 12 37 12 37 12 37 12 12 12 12 34 36 36 36 12 
mschutze 12 
mpavloff 12 
losecco 12 
lnixon1 12 
kmurray7 12 32 17 25 12 37 12 22 28 34 37 12 37 12 
jshard 12 12 25 33 37 12 25 2 26 33 12 37 12 37 12 3 8 24 36 27 36 12 36 12 10 36 30 37 12 4 36 8 
hthomps4 12 22 28 34 12 37 12 22 28 
ewood1 12 3 27 36 10 30 4 36 12 23 5 16 8 37 12 
estrouse 12 12 22 28 34 25 37 12 
odegnim 12 37 12 12 
kcox5 12 12 25 32 17 12 
kborotho 12 12 37 12 37 12 
hbyrne 12 37 12 22 28 25 34 
ggulyas 12 37 12 12 22 28 34 12 12 2 26 33 
ekeuler 12 
egeyer1 12 25 32 17 
dlong2 12 
bpierpoi 12 
apavelka 12 12 37 12 22 34 28 12 37 12 
rbartle1 12 
nyusko1 12 
motten1 12 12 37 12 12 36 36 36 36 36 12 25 34 22 28 
molsen3 12 34 12 12 22 28 
mdambros 12 37 12 12 34 12 25 37 12 28 22 8 12 33 2 26 24 27 30 10 36 23 5 16 37 12 12 
kmountf1 12 22 28 34 25 12 
jeversol 12 12 12 37 12 22 28 34 25 36 36 12 
etorrent 12 37 12 
ereynol5 12 
epark5 12 12 
dpatel2 12 
cmoreno5 12 37 12 17 12 32 12 
bgawel 12 12 12 22 28 34 
bconlon 12 37 12 
apanousi 12 37 12 
tngochi 12 34 25 37 12 22 28 12 
tdasso 12 37 12 
smcmull1 12 37 12 12 22 34 28 37 12 37 12 
rwittmer 12 37 12 25 34 22 28 
rvazza 12 12 37 12 37 12 
nhong 12 12 12 25 3 24 27 37 12 36 10 30 4 8 23 5 16 37 12 
mrohling 12 12 25 34 22 12 12 12 12 12 
edebassi 12 37 12 37 12 37 12 34 28 22 37 12 37 12 37 12 
dsmith53 12 12 37 12 32 17 36 36 12 
cdowicz 12 
bnakfoor 12 32 17 12 25 37 12 
akhemani 12 
ahughes8 12 37 12 37 12 
tperey 12 36 36 12 12 37 12 
pbetz 12 12 12 34 36 36 36 18 11 12 36 36 36 36 36 15 0 37 12 37 12 37 12 37 12 37 12 37 12 
mmccor15 2 26 33 12 25 37 12 3 24 27 37 12 10 30 37 12 25 30 23 5 16 
mgray10 12 32 17 25 
mfraizer 12 12 12 32 12 22 34 28 
lherna11 12 34 25 28 22 
jmolumph 12 37 12 12 22 28 34 37 12 
hzweberl 12 
dserafin 12 
bpowell4 12 
mdownin1 12 25 34 37 12 
lduggan 12 37 12 
kmclaug3 12 12 34 22 28 37 12 
kbulleit 12 12 25 12 12 34 37 12 
jplas 12 12 25 34 36 36 12 36 12 2 26 12 
dkim30 12 37 12 12 22 28 34 12 37 12 
cpantin 12 12 32 17 37 12 37 12 
cmyers11 12 12 37 12 12 22 28 34 36 36 12 2 33 26 26 12 37 12 36 36 36 3 24 37 27 36 12 
amora2 12 37 12 37 12 
adrisco2 12 12 25 8 12 2 26 33 37 12 12 
xtsai 12 32 17 37 12 37 12 
wbaer 12 36 36 36 36 36 12 12 
nisakson 12 
lmcfadde 12 12 12 9 36 36 36 12 37 12 
kmurph44 12 
ibushue 12 25 
hadams3 12 12 12 9 
enichol4 12 37 12 22 28 34 25 37 12 
egroth 12 12 25 22 28 36 36 34 36 36 36 36 12 
aheinzma 12 37 12 32 17 12 
ahall2 12 12 12 32 17 12 12 37 12 36 36 12 37 12 36 36 36 36 12 9 36 18 36 12 12 
adecker1 12 37 12 8 37 12 22 25 28 34 
aameen 12 12 37 12 12 25 37 12 34 22 28 25 
zwall 12 37 12 37 12 34 25 12 12 22 28 37 12 
smonaha1 12 37 12 12 12 12 34 22 28 2 36 36 33 25 37 12 12 37 12 12 25 37 25 12 36 36 12 23 5 16 37 12 
sdeschne 12 25 32 17 37 12 12 37 12 
mowen 12 25 34 37 22 37 12 28 36 36 36 36 12 2 26 36 36 36 36 33 12 3 37 12 27 12 37 12 12 
lwatts1 12 
krochefo 12 37 12 37 12 36 36 36 36 36 12 37 12 25 12 34 
jholguin 12 36 36 36 36 36 12 37 12 34 37 12 36 12 34 22 28 
gniforat 12 37 12 12 
evandier 12 12 12 22 28 34 
eclapp 12 12 25 34 22 28 37 12 
awaldsch 12 12 37 12 37 12 34 36 36 36 12 28 22 36 25 
adevito1 12 
tsilva1 12 12 12 31 12 12 37 12 12 37 12 12 34 25 22 28 
oivan 12 
mmarti45 12 12 
mjorden 12 25 22 28 34 
ldorenko 12 12 37 12 
ktracey 12 
krothmey 12 37 12 22 28 34 
kbiladea 12 
jweas 12 18 36 36 36 36 36 12 37 12 34 12 25 12 36 36 36 36 22 28 
jgoldsch 12 25 34 22 28 12 37 12 
jdraves 12 
gotte1 12 12 12 37 12 12 34 37 12 
etruesda 12 12 37 12 37 12 37 12 
emeara 12 34 12 28 12 2 26 12 3 24 37 12 10 30 4 12 23 5 16 
cnilsen 12 36 36 36 36 12 25 33 12 2 26 
bmurph24 12 12 25 34 22 28 37 12 
azammit 12 8 37 12 8 37 12 12 
arabbitt 12 17 32 12 
wcheong 12 37 12 12 36 36 8 25 
kmoran11 12 7 37 12 22 22 28 34 34 36 36 36 36 36 12 
kgalla21 12 37 12 25 34 22 36 36 36 36 36 28 
kgalla20 12 
kfranz1 12 37 12 
jsutton3 12 
jhegart2 12 37 12 12 12 12 34 12 12 34 12 22 28 12 12 28 
japplew1 12 37 12 37 12 12 
imurrer 12 
fschemel 12 37 12 12 
fprimozi 12 37 12 
elinares 12 12 12 32 17 12 37 12 12 
cmulshin 12 37 12 25 34 22 28 
cmagnuss 12 12 34 36 22 28 37 12 
ccleary1 12 37 12 36 36 12 32 17 25 12 36 36 36 36 36 12 9 
abohling 12 12 32 17 22 28 34 25 2 26 33 3 37 12 3 24 27 36 36 36 36 10 30 4 23 5 16 36 8 37 12 
mscanish 12 
mkirven 12 29 12 20 19 32 12 
lkim3 12 12 
lgrabows 12 12 12 37 12 2 12 
lcaffar1 12 12 2 25 26 33 
kliang2 12 12 12 12 12 12 12 12 22 28 34 25 36 12 
jnowak4 12 12 37 12 
hcheng1 12 12 22 12 28 34 12 2 26 33 12 25 3 24 27 
bmerrick 12 
bgagnon 12 
tmansell 12 25 34 37 12 22 28 36 12 
rrocco 12 34 22 28 37 12 
rpuno 12 12 18 37 12 25 22 28 34 
lyan4 12 12 
kpresteg 12 
jbaines 12 
blemay 12 12 22 28 12 37 12 34 25 
aromano2 12 
alongsta 12 34 22 28 
szachari 12 9 37 12 9 19 37 12 37 12 36 36 19 13 12 12 20 36 36 0 12 15 12 12 9 37 12 25 37 12 17 32 
spalumb1 12 2 25 
pcamara 12 
operez2 12 25 34 28 22 36 12 
nvincent 12 12 32 17 25 36 12 37 12 
lgelin 12 22 28 34 36 36 36 36 12 8 37 12 37 12 37 12 32 36 2 26 33 
ldomenel 12 32 12 12 12 17 
lcho 12 37 12 36 36 36 36 36 12 
jpaul2 12 37 12 12 34 33 12 12 25 8 
ischmitz 12 
egorman5 12 9 37 12 12 12 9 36 36 36 36 36 12 9 12 6 18 25 37 12 37 12 25 17 32 
eeagle 12 
dallen13 12 
cdenzel 12 12 22 25 37 28 12 34 
asowell 12 37 12 22 28 34 36 36 36 12 12 
yzou2 12 37 12 37 12 12 34 12 22 28 
speter14 12 37 12 37 12 25 2 26 33 3 24 10 30 4 23 5 16 
pmcmonag 12 36 34 25 22 28 12 12 32 12 
kpaulsen 12 25 32 17 37 15 37 12 
kjacoby1 12 37 12 37 12 12 37 12 25 22 28 34 12 12 12 
jruane 12 12 12 12 25 32 17 37 12 
jdodig 12 36 36 36 36 12 12 34 36 36 36 36 36 22 28 2 26 
gcramer1 12 
everhey 12 
esoller 12 37 12 37 12 32 17 37 12 
egorman6 12 9 37 12 36 36 36 36 12 12 36 12 13 0 29 36 36 36 19 37 12 37 12 12 32 17 
ckotseos 12 32 17 
cganley 12 22 28 34 25 
bfraser 12 
asweet 12 37 12 12 34 12 22 28 
apaik 12 
amonroe1 12 25 37 12 17 32 37 12 37 12 9 12 37 12 12 12 36 12 9 36 12 
abulaoro 12 17 37 12 37 12 22 32 17 25 36 36 28 36 36 12 37 12 25 34 36 36 36 36 36 12 
thuber1 12 
sincera 12 12 12 
phennes2 12 12 28 22 34 
msahd 12 12 12 17 
mcabrer1 12 37 12 34 
kkolleck 12 
kconrad2 12 36 36 36 36 12 
jreeg 12 12 
hholden 12 37 12 12 36 36 36 36 36 36 25 34 22 28 
epil 12 37 12 37 12 37 12 37 12 37 12 
awitte 12 12 12 
trogers6 12 12 25 34 36 22 28 36 12 37 12 18 37 12 2 26 33 
tfross 12 37 12 32 17 25 37 12 
taguirre 12 37 12 32 17 8 37 12 37 12 12 37 12 
sbindel 12 37 12 32 25 37 12 12 
rmaqbool 12 12 9 
kcockrel 12 
jphilli8 12 36 12 
eguenthe 12 37 12 37 12 12 12 12 32 17 12 22 28 34 
ecaradon 12 34 25 22 28 
creid4 12 12 25 22 28 34 12 
carizama 12 37 12 
bbrunin1 12 
anataraj 12 37 12 36 36 32 17 
svukovit 12 12 
pyoung3 12 37 12 
msteph11 12 37 12 34 25 22 
mraster 12 12 22 28 34 25 
lbognar1 12 
lbakke 12 12 12 12 12 12 12 22 28 34 12 2 26 
jzacher 12 22 28 34 
