alebron1 12 37 12 37 12 36 36 36 36 36 12 37 12 37 12 37 12 37 12 37 12 12 37 12 37 12 37 12 37 12 
ccooper8 12 37 12 37 12 37 12 12 37 12 
ntownsen 12 37 12 37 12 37 12 37 12 37 12 36 36 12 36 36 12 37 12 12 12 37 12 36 36 36 36 12 37 12 37 12 37 12 37 12 
jberg2 12 37 12 37 12 37 12 37 12 37 12 37 12 37 12 
fhita 12 37 12 37 12 37 12 12 
mmcfarli 12 12 12 37 12 12 37 12 
pbrown10 12 37 12 37 12 12 37 12 37 12 37 12 37 12 12 36 12 12 12 12 37 12 12 
rdiejoma 12 37 12 37 12 37 12 12 37 12 12 37 12 36 36 36 12 37 12 12 37 12 12 37 12 37 12 37 12 37 12 37 12 
kkalisik 12 37 12 12 8 37 12 37 12 12 12 37 12 37 12 12 12 37 12 
msmith75 12 37 12 37 12 37 12 37 12 37 12 37 12 36 36 12 37 12 36 36 36 12 37 12 37 12 36 36 36 36 36 12 37 12 37 12 
zgartenh 12 37 12 37 12 37 12 12 37 12 37 12 37 12 37 12 
alabella 12 37 12 37 12 37 12 37 12 37 12 37 12 37 12 37 12 37 12 37 12 
bferrer1 12 37 12 37 12 37 12 37 12 37 12 37 12 
pcataldi 12 37 12 37 12 37 12 36 36 36 36 36 36 12 37 12 37 12 37 12 37 12 37 12 37 12 37 12 37 12 
aohri 12 37 12 37 12 37 12 37 12 37 12 37 12 37 12 37 12 37 12 37 12 37 12 37 12 
pklekamp 12 37 12 37 12 37 12 12 37 12 37 12 37 12 
rheitkam 12 37 12 37 12 37 12 37 12 37 12 36 36 36 36 36 12 
pvlandis 12 37 12 37 12 37 12 37 12 37 12 37 12 
kfox8 12 37 12 37 12 37 12 37 12 37 12 37 12 37 12 37 12 37 12 37 12 37 12 37 12 
mtardy 12 
waberger 12 37 12 
llombar2 12 36 36 36 36 12 37 12 12 36 36 12 37 12 36 36 12 37 12 37 12 37 12 37 12 37 12 
gkaiser 12 37 12 
dplagenz 12 37 12 37 12 37 12 37 12 37 12 37 12 37 12 37 12 37 12 37 12 
jlazzara 12 12 
cfrentze 12 37 12 37 12 37 12 37 12 
jsitarsk 12 37 12 37 12 37 12 37 12 37 12 37 12 37 12 36 36 12 37 12 37 12 37 12 37 12 37 12 37 12 37 12 37 12 37 12 36 36 36 12 37 12 
tpreko 12 12 37 12 
ccampb21 12 37 12 37 12 37 12 37 12 
rblack4 12 12 37 12 37 12 37 12 12 37 12 37 12 
jwelsch 12 37 12 37 12 37 12 
ewigutow 12 37 12 37 12 37 12 37 12 
dgibbon2 12 37 12 37 12 37 12 37 12 37 12 12 37 12 37 12 
jwalte10 12 37 12 37 12 37 12 12 17 37 12 37 12 37 12 37 12 37 12 
dlee26 12 36 36 36 12 37 12 37 12 37 12 37 12 12 37 12 37 12 37 12 37 12 37 12 12 37 12 36 36 12 37 12 
yying 12 
swagy 12 37 12 37 12 12 37 12 
rroque1 12 37 12 37 12 37 12 
jbecker9 12 37 12 37 12 37 12 37 12 37 12 37 12 37 12 37 12 
cott 12 37 12 37 12 
mholzbau 12 37 12 
lharmon 12 37 12 
elazzaro 12 37 12 37 12 37 12 37 12 37 12 36 36 36 12 37 12 36 36 36 36 12 37 12 37 12 37 12 37 12 37 12 37 12 36 36 36 12 37 12 36 36 36 36 36 12 12 
mcontrer 12 37 12 12 37 12 37 12 37 12 
rpappas 12 37 12 37 12 
jbernin1 12 12 37 12 36 36 36 36 36 12 37 12 37 12 37 12 37 12 37 12 
ddallava 12 
msummer2 12 37 12 37 12 37 12 36 36 36 12 37 12 
jchapple 12 37 12 36 36 36 36 36 12 37 12 37 12 37 12 
awalton3 12 37 12 37 12 37 12 37 12 37 12 37 12 37 12 12 37 12 37 12 
rpellica 12 37 12 37 12 37 12 
csauder 12 36 36 36 36 12 
zkagalw1 12 37 12 37 12 
scrotty1 12 37 12 37 12 37 12 37 12 37 12 37 12 37 12 
pdesousa 12 37 12 37 12 37 12 37 12 37 12 37 12 37 12 37 12 37 12 
mkuehl 12 37 12 37 12 37 12 37 12 37 12 36 36 36 12 37 12 37 12 37 12 37 12 37 12 37 12 37 12 
lfitter 12 37 12 37 12 
obarnard 12 12 12 37 12 12 37 12 37 12 
cpickfor 12 
bmoasser 12 12 12 
bmoreno1 12 12 12 37 12 37 12 37 12 37 12 37 12 
esalina1 12 37 12 37 12 37 12 37 12 
adiederi 12 37 12 37 12 37 12 37 12 
jzelinsk 12 37 12 12 37 12 37 12 
dfabrega 12 37 12 37 12 37 12 36 12 37 12 
scrippes 12 37 12 36 36 36 12 37 12 37 12 37 12 
ewood1 12 37 12 37 12 12 37 12 12 37 12 
egeyer1 12 37 12 37 12 37 12 37 12 37 12 
dlong2 12 37 12 37 12 37 12 37 12 37 12 37 12 36 36 36 36 36 36 12 
motten1 12 37 12 37 12 37 12 
cmoreno5 12 
rwittmer 12 37 12 37 12 37 12 37 12 
rvazza 12 
nhong 12 
edebassi 12 12 8 12 12 37 12 12 8 9 12 12 37 12 
lherna11 12 37 12 
jmolumph 12 37 12 37 12 37 12 37 12 37 12 
lduggan 12 36 36 36 36 12 12 36 36 36 12 36 36 36 36 36 12 37 12 37 12 37 12 37 12 36 36 36 36 12 37 12 37 12 37 12 12 12 37 12 37 12 12 37 12 37 12 12 12 
enichol4 12 
adecker1 12 37 12 37 12 
aameen 12 8 37 12 37 12 36 36 9 37 12 
jholguin 12 12 12 8 36 36 36 12 
evandier 12 
emeara 12 37 12 37 12 
cnilsen 12 37 12 37 12 37 12 
arabbitt 12 36 36 36 36 12 36 36 36 36 12 37 12 37 12 12 37 12 12 37 12 
jhegart2 12 8 37 12 
elinares 12 
abohling 12 37 12 37 12 37 12 37 12 
mkirven 12 37 12 37 12 37 12 37 12 12 8 37 12 
lkim3 12 37 12 12 8 36 12 37 12 37 12 37 12 37 12 37 12 36 36 36 36 12 12 8 12 12 25 16 37 12 
alongsta 12 
everhey 12 37 12 37 12 37 12 37 12 37 12 37 12 
esoller 12 37 12 37 12 12 
asweet 12 37 12 
jgonnard 12 37 12 37 12 37 12 37 12 37 12 
bbrunin1 12 25 12 12 
pyoung3 12 12 8 12 37 12 20 37 12 
