dtorgers 12 12 12 12 12 37 12 12 37 12 12 12 37 12 12 12 12 8 36 36 36 36 36 12 36 36 36 36 36 12 12 37 12 12 37 12 12 36 36 12 36 36 36 36 36 36 12 37 12 12 36 36 12 12 12 12 12 12 12 36 36 36 12 36 36 36 12 36 36 36 36 36 12 37 12 12 12 36 36 36 36 36 12 37 12 37 12 12 9 36 36 12 36 36 36 36 36 12 12 12 37 12 12 12 12 12 12 8 37 12 12 
mdawson3 12 12 12 12 12 12 12 12 12 12 12 12 12 12 12 12 12 12 12 12 36 36 12 12 12 12 12 12 12 12 12 12 12 36 12 12 12 12 12 12 12 12 12 12 12 12 12 12 12 12 12 36 12 12 36 12 37 12 12 12 12 12 12 12 12 12 12 12 12 12 12 37 12 37 12 36 36 12 37 12 9 36 12 12 12 12 
cdavin1 12 12 37 12 12 9 37 12 12 12 12 37 12 37 12 37 12 37 12 9 36 36 36 12 37 12 37 12 12 37 12 12 9 37 12 12 12 37 12 12 37 15 0 19 37 12 0 36 36 12 1 15 18 19 37 12 37 12 36 36 36 12 37 12 
alebron1 12 12 36 36 36 36 36 36 12 37 12 36 36 36 12 37 12 37 12 37 12 37 12 37 12 9 37 12 
ccooper8 12 37 12 37 12 37 12 37 12 9 36 36 36 36 12 37 12 37 12 37 12 37 12 37 12 9 36 36 18 36 36 36 36 36 36 12 37 12 
nweindel 12 12 9 37 12 37 12 37 12 37 12 9 37 12 12 36 36 12 36 36 36 36 36 12 9 37 12 37 12 36 36 36 36 12 9 36 36 13 18 11 37 12 19 36 36 12 37 12 36 36 12 36 36 36 36 36 36 12 
ntownsen 12 37 12 12 12 9 20 12 19 12 12 37 12 37 12 12 37 12 37 12 
jberg2 12 37 12 37 12 12 37 12 12 6 37 12 37 12 37 12 37 12 12 37 12 
admin4 12 37 12 12 12 12 12 12 12 12 12 12 12 12 12 12 12 12 12 12 12 12 12 12 12 12 12 12 12 12 12 12 12 12 12 12 12 12 12 12 12 12 12 12 12 12 12 12 12 12 12 12 12 12 12 12 12 12 12 12 12 12 12 12 12 12 12 12 12 12 12 12 12 12 12 12 12 12 12 12 12 12 12 12 12 12 12 12 12 12 12 12 12 12 12 12 12 12 12 12 12 12 12 12 12 12 12 12 12 12 12 12 12 12 12 12 12 12 12 
fhita 12 37 12 37 12 37 12 37 12 12 37 12 36 36 36 12 36 36 36 12 18 36 36 12 37 12 12 37 12 37 12 
mmcfarli 12 12 37 12 36 36 36 12 12 37 12 37 12 
mlengwin 12 37 12 12 36 36 36 12 37 12 37 12 37 12 37 12 12 9 37 12 9 37 12 36 36 36 36 12 9 
kwurl 12 37 12 9 36 36 36 12 37 12 37 12 37 12 37 12 36 36 36 12 12 8 9 37 12 12 37 12 37 12 12 9 37 12 37 12 37 12 36 36 36 36 36 12 20 18 36 36 36 12 
ccampb20 12 25 36 36 36 12 37 12 25 19 20 19 12 37 12 37 12 37 12 12 12 36 36 36 12 
pbrown10 12 12 6 19 12 12 20 12 37 12 12 12 12 37 12 37 12 12 37 12 36 36 36 36 12 12 37 12 
rdiejoma 12 37 12 36 36 36 36 36 12 37 12 37 12 37 12 37 12 
kkalisik 12 12 12 9 37 12 12 20 19 6 36 36 36 36 36 12 37 12 37 12 37 12 37 12 37 12 
drogers1 12 37 12 36 36 36 36 12 37 12 37 12 
cdelpila 12 25 6 20 36 19 25 25 36 12 37 12 25 12 37 12 37 12 37 12 37 12 9 37 12 12 12 36 36 12 12 0 12 
cbolivar 12 37 12 25 6 37 12 12 37 12 12 36 36 36 36 12 36 36 36 36 36 15 19 20 37 12 37 12 37 12 12 37 12 37 12 
muhlenbr 12 37 12 37 12 12 37 12 9 13 11 0 36 36 21 36 36 29 1 19 6 36 36 36 36 36 12 12 12 12 12 12 
msmith75 12 19 20 6 12 25 36 36 36 12 36 36 36 36 12 37 12 37 12 37 12 9 37 12 37 12 13 18 36 36 19 37 12 
pmcguir2 12 37 12 12 15 19 20 6 37 12 37 12 37 12 36 36 36 36 12 12 37 12 
jstaten 12 37 12 37 12 12 18 0 37 12 18 13 0 37 12 9 
mgirod 12 9 37 12 12 12 12 12 12 12 12 37 12 12 12 12 12 37 12 
mdonnel6 12 36 36 36 12 37 12 12 36 12 12 37 12 37 12 37 12 37 12 12 9 37 12 12 37 12 
zgartenh 12 37 12 37 12 37 12 12 
mfitzg14 12 20 12 37 12 12 36 36 36 36 12 36 36 36 12 12 37 12 37 12 37 12 
alabella 12 12 37 12 32 17 25 37 12 37 12 12 9 37 12 
mcomunie 12 36 36 36 36 36 12 9 37 12 37 12 37 12 12 9 
bferrer1 12 37 12 37 12 37 12 37 12 37 12 12 32 25 22 28 34 12 
pcataldi 12 37 12 37 12 12 37 12 37 12 37 12 37 12 37 12 37 12 
aohri 12 37 12 36 36 36 36 36 36 12 9 37 12 37 12 37 12 37 12 37 12 12 32 12 37 12 
pklekamp 12 37 12 12 37 12 37 6 20 19 37 12 37 12 9 37 12 36 36 36 36 12 12 11 18 37 12 37 12 12 37 12 12 29 15 36 0 13 36 36 36 12 12 
amccar10 12 12 9 37 12 37 12 37 12 37 12 9 12 12 12 37 12 12 12 36 12 12 12 12 12 12 36 36 36 36 36 12 12 12 12 32 17 12 
nwamble 12 37 12 37 12 37 12 37 12 37 12 37 12 37 12 12 9 37 12 15 12 37 12 
wwu5 12 37 12 37 12 36 12 37 12 9 11 18 12 13 37 12 37 13 29 15 19 12 37 12 
wsuter2 12 37 12 36 12 37 12 18 37 12 37 12 37 12 
thowe1 12 37 12 12 37 12 37 12 12 36 36 36 36 12 9 36 36 12 36 36 36 36 12 12 37 12 36 36 36 36 36 12 37 12 12 12 37 12 37 12 
madeniyi 12 9 37 12 36 36 36 36 36 12 37 12 
mmian 12 
jsoares 12 12 37 12 37 12 19 25 6 20 37 12 12 12 9 
jhouge 12 9 12 37 12 17 12 37 12 37 12 36 36 36 36 36 12 36 12 9 
slemaign 12 12 37 12 37 12 36 36 36 36 12 9 36 36 12 37 12 37 12 36 36 36 36 36 12 37 12 37 12 37 12 37 12 37 12 37 12 37 12 
ldamoose 12 12 36 36 36 36 36 12 29 9 36 36 12 9 37 12 12 37 12 37 12 
sburnbau 12 37 12 37 12 37 12 12 37 12 37 12 37 12 12 12 36 0 
nwarren 12 37 12 37 12 37 12 37 12 9 37 12 37 12 37 12 9 36 36 12 12 18 36 36 36 12 15 19 12 
bconnol3 12 37 12 37 12 37 12 9 37 12 12 37 12 
rheitkam 12 37 12 37 12 9 
jmullike 12 37 12 12 9 37 12 12 37 12 12 37 12 9 36 36 36 36 12 37 12 
chickey3 12 37 12 36 36 36 36 36 36 12 37 12 37 12 37 12 36 36 36 36 36 36 12 37 12 37 12 36 36 36 36 12 37 12 37 12 12 9 12 32 17 12 12 37 12 37 12 
athoma24 12 12 37 12 12 37 12 9 12 11 18 12 12 13 36 36 36 12 19 29 15 36 12 36 36 36 36 36 12 12 12 32 17 37 12 32 17 36 36 36 12 37 12 
rgensler 12 37 12 37 12 36 36 36 36 36 36 12 9 0 20 37 12 37 12 37 12 
kthornt4 12 37 12 37 12 9 37 12 12 37 12 12 37 12 18 12 11 13 
pvlandis 12 12 37 12 12 9 37 12 36 36 36 12 12 
mmizraji 12 37 12 25 12 37 12 12 12 37 12 9 36 36 36 36 12 1 36 36 36 12 15 29 
zpavlin 12 37 12 12 36 36 12 37 12 37 12 37 12 12 37 12 9 36 36 12 
ydeng3 12 37 12 37 12 12 12 36 12 11 12 36 36 12 13 18 7 36 36 12 36 36 12 12 19 36 36 36 12 37 12 37 12 9 12 12 
kfox8 12 37 12 37 12 37 12 37 12 12 9 37 12 12 37 12 12 
lsulli11 12 37 12 19 20 6 37 12 9 0 15 37 12 12 
jgorman6 12 37 12 36 12 37 12 37 12 37 12 37 12 
enunez 12 25 12 20 19 6 12 37 12 37 12 12 
mtardy 12 19 20 6 25 12 37 12 9 36 36 36 36 12 9 
jdirksen 12 37 12 12 25 12 12 6 19 1 0 20 
whornby 12 37 12 12 12 37 12 37 12 
jwade5 12 12 9 12 37 12 37 12 12 22 28 34 36 36 12 37 12 12 
mblatt1 12 12 37 12 32 17 37 12 37 12 12 12 9 0 
jowusuko 12 12 36 12 12 37 12 12 12 9 36 12 25 12 12 37 12 37 12 
jcorpora 12 17 36 36 36 12 37 12 37 12 37 12 37 12 37 12 12 9 37 12 
mmang 12 12 25 20 19 
aakatu 12 37 12 20 36 36 36 6 19 37 12 12 9 31 12 37 12 37 12 36 36 12 9 
waberger 12 37 12 12 12 17 25 20 12 19 6 6 36 12 37 12 9 8 12 18 11 37 12 37 12 
llombar2 12 12 9 37 12 36 12 37 12 
gkaiser 12 37 12 32 17 25 36 36 36 12 36 36 36 12 37 12 37 12 37 12 12 9 37 12 9 
koconn27 12 12 19 20 6 37 12 
aweishan 12 37 12 25 20 6 37 19 36 36 36 36 12 37 12 
mcaskey 12 
jguarino 12 12 20 19 37 12 9 36 36 12 12 37 12 37 12 37 12 37 12 12 37 12 12 
cseymou2 12 37 12 12 25 19 20 6 25 37 12 37 12 18 
dplagenz 12 37 12 37 12 12 37 9 
csasso 12 37 12 37 12 37 12 37 12 32 25 17 37 12 37 12 37 12 
amccar11 12 37 12 37 12 9 37 12 36 36 36 12 9 37 12 12 8 37 12 12 9 36 36 12 18 19 11 
yshi6 12 37 12 37 12 37 12 36 36 12 9 37 12 
tpillai 12 36 36 36 36 36 12 12 37 12 37 12 32 17 36 36 36 12 37 12 37 12 37 12 
minoue2 12 37 12 9 37 12 36 12 37 12 9 36 36 36 12 36 36 12 
jwinebre 12 37 12 37 12 37 12 12 9 11 37 12 
tanggara 12 37 12 12 9 19 20 6 12 12 37 12 20 36 36 36 25 37 12 25 20 25 9 12 37 12 36 36 36 36 12 37 12 36 12 37 12 
sgalbens 12 12 6 37 20 36 36 36 36 19 37 12 37 12 12 37 12 9 
jlazzara 12 37 12 37 12 12 12 36 36 36 36 36 36 12 12 25 32 17 12 12 12 12 
vruesch 12 9 37 12 
nniere 12 37 12 12 12 36 36 36 36 36 12 8 37 12 37 12 37 12 
ghong 12 12 12 19 20 6 12 36 36 36 36 36 12 12 36 36 12 37 12 37 12 12 
bhogan1 12 37 12 37 12 37 12 37 12 12 12 32 12 17 36 12 9 37 12 12 13 18 36 36 12 20 0 9 
wdu 12 37 12 
tmercier 12 20 19 36 36 6 37 12 12 
mball 12 13 12 37 12 12 12 37 12 37 12 37 12 
esunshi1 12 37 12 37 12 37 12 37 12 17 37 12 12 9 
eevans9 12 37 12 
bkenney1 12 19 6 20 37 12 
asimonet 12 12 20 37 12 36 36 36 36 12 37 12 12 12 12 36 36 12 12 12 36 12 36 36 36 36 12 
cdieckma 12 37 12 37 12 37 12 37 12 9 37 12 36 36 36 12 9 36 36 36 36 36 36 12 12 
mcoggins 12 37 12 37 12 37 12 9 37 11 18 0 13 
lblitzer 12 12 37 12 
jdelledo 12 37 12 36 36 12 37 12 19 20 6 25 37 12 20 36 36 36 12 
mmoore18 12 37 12 12 9 12 20 37 12 36 36 12 12 37 12 12 17 32 
mfreedlu 12 12 37 12 9 12 12 11 0 13 18 7 12 12 9 20 19 6 29 15 21 37 12 
ymikulja 12 12 31 12 12 37 12 37 12 9 37 12 12 31 36 25 12 36 36 36 12 19 15 36 36 12 9 36 36 36 36 36 36 12 36 36 12 9 
tprice4 12 12 19 20 6 37 12 
lbarret2 12 9 36 36 12 
eralph 12 37 12 37 12 
bhalliga 12 19 20 6 37 12 37 12 12 12 12 
sroennec 12 12 12 25 20 19 6 37 12 37 12 37 12 9 36 36 36 36 12 37 12 9 18 36 36 12 6 
jmurph32 12 37 12 12 9 37 12 0 37 12 6 37 12 36 36 18 37 12 12 9 20 36 36 36 36 36 12 36 12 12 12 
cfrentze 12 37 12 37 12 9 37 12 37 12 36 36 36 36 36 12 
mnewcome 12 32 17 25 37 12 12 37 12 37 12 12 9 37 12 12 36 36 12 37 12 12 37 12 36 36 36 36 36 12 36 36 36 12 9 12 12 12 32 20 36 36 18 12 12 25 36 19 12 37 12 37 12 37 12 12 
jsitarsk 12 12 12 37 12 12 37 12 12 
tpreko 12 37 12 12 19 25 20 6 37 12 
mtreacy 12 37 12 
ccampb21 12 37 12 12 37 12 37 12 19 20 6 25 36 12 37 12 12 
rrivera8 12 20 37 12 9 12 12 8 36 12 37 12 12 9 37 12 9 36 12 19 12 19 37 12 36 12 36 18 11 13 12 
rblack4 12 37 12 37 12 
jwelsch 12 9 12 12 12 11 18 12 37 12 1 0 37 12 12 12 19 12 12 12 29 12 18 11 13 12 12 9 36 12 12 12 12 25 12 
jgately1 12 12 12 12 20 6 12 37 12 12 37 12 37 12 12 37 12 12 37 12 12 37 12 9 12 12 0 
gdean 12 37 12 9 37 12 37 12 18 6 36 36 12 36 36 36 36 12 11 9 37 12 29 37 12 
ewigutow 12 37 12 37 12 37 12 37 12 37 12 37 12 12 9 11 18 1 0 36 36 12 12 19 36 12 
dgibbon2 12 12 9 37 12 37 12 36 36 36 36 12 9 36 36 12 12 15 37 12 12 12 36 12 37 12 
cmorton2 12 37 12 9 
mrooney6 12 37 12 9 12 7 13 36 12 12 12 15 12 19 37 12 
mmoran12 12 37 12 37 12 
jwalte10 12 37 12 37 12 9 18 36 11 37 12 15 36 1 37 12 
jcarney6 12 25 20 6 36 36 36 36 36 19 37 12 37 12 
pmeyer3 12 12 25 9 37 12 12 19 20 6 37 12 9 
icallaha 12 
dtoth1 12 37 12 37 12 37 12 37 12 9 36 36 36 36 12 36 36 12 32 17 37 12 
kkostola 12 37 12 
dlee26 12 37 12 
yying 12 37 12 12 19 20 6 37 12 37 12 37 12 37 12 
swagy 12 37 12 37 12 36 36 36 12 36 36 12 9 
rroque1 12 37 12 37 12 12 37 12 9 37 12 12 36 36 36 12 20 37 12 
kdantoni 12 20 37 12 12 9 11 18 20 37 12 
wmohler 12 36 36 19 20 6 25 37 12 
lklein1 12 37 12 37 12 37 12 34 22 28 37 12 12 12 13 22 36 36 36 12 0 19 37 12 9 37 12 
jbecker9 12 37 12 37 12 37 12 9 
hrague 12 37 12 37 12 37 12 36 36 12 36 36 36 36 36 12 37 12 36 36 36 36 36 36 12 36 36 36 12 
cott 12 37 12 25 9 6 20 19 12 10 12 8 37 12 
mholzbau 12 37 12 37 12 36 36 8 21 
mhawkin3 12 12 37 12 18 0 37 12 20 
lharmon 12 
elazzaro 12 37 12 37 12 37 12 9 37 12 37 12 37 12 
tburley 12 12 37 12 19 37 12 12 19 37 12 37 12 9 
shenn 12 37 12 12 12 36 12 9 37 12 37 12 13 12 0 36 15 36 20 36 19 
jgomez5 12 37 12 12 12 37 12 12 12 9 37 12 36 36 36 36 36 12 32 12 25 17 22 28 34 
jfries3 12 
bniemoel 12 37 12 37 12 37 12 12 12 37 12 
mcontrer 12 37 12 12 20 9 12 37 12 
kriordan 12 36 36 12 9 37 12 9 36 36 36 36 36 12 9 37 12 37 12 12 9 
jmurph33 12 9 36 36 12 9 18 0 37 12 
dcorr1 12 36 36 12 9 6 20 19 37 12 37 12 37 12 37 12 12 37 12 36 36 12 
cemenalo 12 37 12 20 25 19 6 
yjung2 12 12 9 37 12 0 20 19 36 12 6 19 37 12 37 12 
rpappas 12 37 12 12 37 12 9 36 36 36 36 20 19 37 12 37 12 37 12 12 12 
mmerric1 12 37 12 31 12 37 12 37 12 37 12 37 12 37 12 12 9 37 12 
mdosch 12 12 37 12 37 12 12 37 12 9 12 
jbettag 12 37 12 37 12 9 13 36 12 18 36 36 36 36 36 13 19 6 0 12 
jbernin1 12 37 12 37 12 
hrivers 12 12 20 36 36 36 36 36 12 20 12 6 19 37 12 12 
gbruenin 12 37 12 9 37 12 9 8 36 11 37 12 0 
ddallava 12 37 12 9 37 12 
cgamboa 12 36 36 12 9 37 12 36 36 12 37 12 37 12 37 12 9 36 36 12 12 37 12 9 
nquartir 12 37 12 37 12 37 12 12 
lfaubion 12 12 25 20 36 36 36 36 36 12 19 6 37 12 
cwilso24 12 37 12 25 6 20 19 37 12 
aursino1 12 36 36 12 19 20 6 37 12 37 12 
msummer2 12 37 12 12 37 12 32 17 22 28 37 12 9 37 12 36 36 36 12 
kramm 12 36 36 36 36 36 36 12 20 6 37 12 12 
jchapple 12 37 12 20 6 19 37 12 9 37 12 37 12 12 37 12 
jbonds 12 25 32 17 36 36 12 37 12 9 
dbirzer 12 12 15 0 21 37 12 37 12 37 12 37 12 37 12 12 36 12 19 20 6 
cfish 12 12 37 12 37 12 12 36 36 36 20 25 36 12 19 37 12 12 36 36 12 6 20 
nholmes1 12 9 37 12 37 12 
ngiovino 12 12 
eherber1 12 37 12 37 12 12 12 9 37 12 36 20 12 12 37 12 12 
cgallag3 12 9 37 12 11 13 18 0 12 12 9 15 15 
wstackma 12 37 12 12 
tzheng2 12 9 
mgerber 12 9 37 12 37 12 9 36 12 21 18 29 15 12 12 0 
jcolli23 12 36 36 36 12 
awalton3 12 19 36 12 12 25 20 6 37 12 9 
vwhitmor 12 37 12 9 
rpellica 12 37 12 12 25 20 6 19 37 12 37 12 36 36 36 36 12 9 
rmyers9 12 12 36 36 36 36 12 37 12 36 36 19 25 20 6 37 12 9 
mdillon7 12 9 37 12 37 12 37 12 9 12 12 37 12 7 37 12 
jdoerer 12 12 19 20 12 6 19 12 12 12 37 12 37 12 12 37 12 
gbiltz 12 37 12 12 8 9 0 37 12 36 36 12 11 13 1 20 12 0 19 36 9 37 12 37 12 
areaves 12 37 12 12 37 12 12 36 36 12 12 20 36 36 12 37 12 37 12 12 
aheck1 12 37 12 37 12 
ucooper 12 37 12 37 12 19 6 36 36 19 37 12 12 37 12 37 12 12 37 12 12 37 12 9 
tguinan 12 37 12 37 12 12 37 12 37 12 37 12 20 12 37 12 37 12 9 12 31 
rschill1 12 37 12 37 12 37 12 36 36 36 36 12 37 12 12 12 12 9 37 12 9 
mschlic1 12 19 20 6 12 37 12 37 12 37 12 9 12 
mperry6 12 37 12 20 12 12 19 12 12 6 20 37 12 37 12 9 36 36 36 36 36 15 12 0 20 9 37 12 37 12 9 12 13 29 6 36 36 12 13 37 12 29 12 37 12 
jfenton1 12 
csauder 31 12 37 12 36 12 37 12 37 12 37 12 9 12 11 12 18 37 12 
alowney 12 12 6 20 19 37 12 12 9 36 36 36 11 18 
zkagalw1 12 37 12 6 
swilkin4 12 37 12 37 12 37 12 
imarx 12 25 19 20 6 12 37 12 36 36 36 12 
cschmid7 12 9 37 12 19 20 6 37 12 9 37 12 12 
awang4 12 37 12 20 37 12 6 19 37 12 9 
abenavi3 12 37 12 9 37 12 
sweyhmil 12 20 36 36 36 36 36 12 19 6 12 12 31 37 12 
sgenz 12 12 25 12 12 19 20 6 37 12 
mwu4 12 37 12 37 12 9 36 25 12 36 36 36 12 15 
jleporte 12 37 12 
adichris 12 32 17 25 12 12 37 12 9 37 12 37 12 
scrotty1 12 19 37 12 20 12 6 37 12 9 
pfarring 12 12 36 12 25 20 6 19 36 12 37 12 12 25 32 17 12 37 12 9 
pdesousa 12 37 12 36 36 36 36 36 36 12 0 20 19 36 36 6 37 12 
mkuehl 12 9 37 12 20 12 37 12 37 15 19 37 12 29 20 37 12 12 12 36 36 12 
lfitter 12 37 12 9 12 19 37 12 36 0 12 18 7 36 36 36 6 37 12 12 37 12 12 
kenriett 12 12 37 12 9 
jruan 12 37 12 9 37 12 12 12 13 11 37 12 37 12 36 12 12 9 
hzahour 12 12 37 12 19 25 12 6 20 37 12 12 9 
emostyn 12 12 37 12 12 37 12 9 18 11 0 37 12 9 
edohert1 12 9 
athigpen 12 20 12 19 6 12 37 12 9 12 9 36 36 36 36 12 36 36 36 36 12 37 12 
amellert 12 20 6 37 12 
aandrade 12 12 9 37 12 37 12 37 12 37 12 9 
tdann 12 12 
sielusic 12 36 36 12 12 37 12 37 12 32 17 
mlicursi 12 37 12 36 36 36 12 25 19 20 6 37 12 37 12 9 
mdrake2 12 37 12 37 12 37 12 
lhe3 12 12 37 12 37 12 12 9 
inegroro 12 37 12 37 12 12 37 12 37 12 37 12 12 9 36 36 12 
afonash 12 12 9 37 13 18 37 12 12 20 
obarnard 12 12 12 36 36 36 36 36 12 37 12 12 9 37 12 18 13 37 12 36 12 36 36 36 36 19 37 12 12 12 12 32 17 12 12 
nbenz 12 37 12 25 20 36 36 36 36 36 12 19 36 6 36 36 36 12 37 12 12 9 
lhuang3 12 37 12 
jwessele 12 12 37 12 37 12 9 11 0 36 36 36 36 36 36 12 19 12 1 37 12 
jmastron 12 19 20 6 25 36 12 37 12 37 12 9 12 17 36 36 11 18 36 36 1 0 
dmarino 12 37 12 37 12 37 12 12 
cpickfor 12 12 25 20 6 19 37 12 20 37 12 9 
bmoasser 12 12 12 12 12 
apurcel1 12 12 19 6 20 37 12 36 36 36 36 12 36 12 12 6 37 12 37 12 37 12 12 12 12 
obaitlot 12 9 37 12 
kmollenk 12 12 9 37 12 37 12 9 37 12 37 12 
ccarlso2 12 12 12 37 12 9 37 15 19 12 
bmoreno1 12 12 12 19 12 20 6 37 12 12 
smanriqu 12 9 
mmillado 12 12 15 0 21 12 37 12 37 12 37 12 25 12 20 6 19 12 
mferrel2 12 37 12 12 20 6 19 37 12 9 37 12 
ldougla3 12 19 20 6 19 37 12 12 9 
jmcconn1 12 37 12 36 36 36 36 36 12 37 9 
ecahill 12 9 37 12 12 12 32 17 37 12 12 32 17 36 12 37 12 
dshaw4 12 12 12 25 20 6 19 12 37 12 36 12 37 12 9 
alucche1 12 36 36 25 12 6 20 19 37 12 37 12 12 9 12 12 12 18 18 0 
odonnel1 12 37 12 36 36 36 36 12 
mpirko 12 25 6 20 19 12 9 37 12 37 12 9 
mlyden1 12 37 12 37 12 37 12 37 12 37 12 37 12 12 9 36 36 36 36 12 12 25 37 12 
mdekold 12 
eschnaut 12 37 12 8 12 
esalina1 12 12 25 37 12 19 20 6 25 36 36 36 36 36 12 12 20 37 12 9 37 12 
adiederi 12 12 12 19 37 12 20 6 25 19 
sholtz1 12 25 19 6 20 37 12 
sdann 12 12 25 19 6 20 12 37 12 37 12 9 0 12 12 36 36 12 
pkolek 12 37 12 12 
nhaymond 12 12 12 19 20 6 12 37 12 37 12 9 
kmuha 12 12 37 12 9 36 36 36 36 36 12 36 36 12 12 12 37 12 37 12 12 
kfeehan 12 37 12 
kalme 12 37 12 9 11 18 13 36 0 36 36 36 36 12 36 12 37 12 37 12 9 36 36 36 36 36 36 12 12 32 17 
ivaldess 12 25 12 12 19 36 20 6 37 12 9 12 37 12 37 12 12 37 12 0 36 36 36 36 36 36 12 20 12 
esmith30 12 37 12 18 11 9 15 12 20 37 12 12 
ctoudouz 12 25 37 12 
sreddy4 12 9 12 
rboylan 12 37 12 37 12 37 12 36 36 19 20 6 37 12 37 12 37 12 9 12 
ncheng 12 19 20 6 25 36 36 36 12 37 12 36 36 36 36 36 36 12 
mgelchio 12 37 12 37 12 12 
jzelinsk 12 12 9 11 18 36 36 12 37 12 12 37 12 9 11 36 36 9 
jcuji 12 12 36 36 12 9 37 12 12 9 36 36 36 12 19 36 36 12 
gworthin 12 12 9 37 12 1 36 15 6 37 12 9 
dfabrega 12 37 12 12 12 9 36 36 36 12 25 37 12 18 37 12 18 11 37 12 
angov 12 37 12 
adunniga 12 37 12 37 12 12 12 19 20 6 37 12 9 
skolda 12 12 
scrippes 12 37 12 12 20 19 6 37 12 37 12 
mschutze 12 12 12 37 12 
mpavloff 12 37 12 25 12 19 20 6 37 12 37 12 37 12 37 12 20 
losecco 12 19 6 37 12 12 37 12 20 12 20 
lnixon1 12 12 19 20 6 12 12 37 12 37 12 
kmurray7 12 9 11 37 25 12 0 37 12 7 11 0 12 9 12 
jshard 12 25 19 36 36 20 6 12 9 
hthomps4 12 9 36 36 36 36 9 
ewood1 12 9 37 12 12 
estrouse 12 37 12 9 37 12 
sekanay1 12 25 12 19 6 37 12 9 
odegnim 12 37 12 19 12 6 37 12 37 12 36 36 36 36 36 36 12 9 37 12 
kcox5 12 12 25 20 6 19 12 
kborotho 12 19 12 12 6 20 37 12 37 12 
jbertram 12 0 36 36 36 12 36 12 19 37 12 37 12 37 12 12 32 17 25 
hbyrne 12 37 12 37 12 9 
ggulyas 12 17 37 12 9 37 12 11 15 37 12 12 36 12 12 37 12 12 25 17 32 12 
ekeuler 12 37 12 37 12 12 32 17 37 12 37 12 22 28 34 37 12 37 12 12 12 
egeyer1 12 9 19 6 20 25 
dlong2 12 12 37 12 37 12 37 12 37 12 12 37 12 25 
bpierpoi 12 37 12 37 12 20 6 37 12 37 12 37 12 37 12 37 12 37 12 37 12 9 36 36 11 12 13 12 36 36 36 12 
apavelka 12 9 19 21 15 12 0 37 12 37 12 12 12 36 36 12 17 
rbartle1 12 37 12 19 20 6 37 12 9 13 37 12 12 9 12 15 12 36 12 13 12 12 12 29 12 37 12 
nyusko1 12 37 12 12 19 20 6 37 12 37 12 37 12 36 36 36 12 
motten1 12 37 12 37 12 9 36 36 18 37 12 9 12 
molsen3 12 12 37 12 12 
mdambros 12 9 
kmountf1 12 37 12 
jeversol 12 37 12 37 12 
etorrent 12 37 12 37 12 37 12 29 36 9 36 36 36 36 18 
ereynol5 12 37 12 9 8 
epark5 12 9 36 11 36 36 18 25 37 12 12 9 12 12 32 17 25 36 9 
dpatel2 12 37 12 
cmoreno5 12 12 9 19 20 6 36 12 20 37 12 36 36 36 36 36 12 19 36 36 12 37 12 
bgawel 12 12 37 12 12 9 37 12 9 37 12 13 0 18 12 19 6 29 20 
bconlon 12 37 12 37 12 37 12 12 37 12 
apanousi 12 36 36 36 36 36 36 12 37 12 12 9 37 12 37 12 12 37 12 12 9 36 36 36 19 
tngochi 12 37 12 37 12 9 
tdasso 12 12 19 20 6 37 12 37 12 9 37 12 
smcmull1 12 37 12 36 12 
rwittmer 12 37 12 36 36 36 36 36 12 9 37 12 
rvazza 12 37 12 12 9 
nhong 12 37 12 9 37 12 0 13 
mrohling 12 37 12 9 20 37 12 37 12 
edebassi 12 12 37 12 9 37 12 
dsmith53 12 12 9 19 20 6 25 36 36 12 37 12 
cdowicz 12 37 12 12 12 6 36 36 12 12 12 19 6 20 37 12 37 12 37 12 37 12 12 9 12 
bnakfoor 12 
akhemani 12 12 37 0 20 6 19 37 12 
ahughes8 12 19 12 20 6 12 
tperey 12 37 12 9 37 12 9 36 36 36 36 36 36 12 37 12 12 12 12 12 9 
pbetz 12 37 12 9 34 
mmccor15 12 25 20 37 12 19 37 12 9 20 
mgray10 12 12 6 19 20 25 37 12 
mfraizer 12 12 18 37 12 12 9 
lherna11 12 12 37 12 
jmolumph 12 37 12 37 12 9 
hzweberl 12 37 12 12 25 6 20 19 37 12 12 9 
dserafin 12 8 
bpowell4 12 37 12 37 12 12 37 12 
mdownin1 12 25 19 20 6 37 12 9 
lduggan 12 12 25 6 20 19 37 12 9 
kmclaug3 12 12 12 9 37 12 37 12 12 37 12 12 37 12 19 18 37 12 37 19 18 
kbulleit 12 25 12 12 19 37 12 12 20 6 37 12 
jplas 12 12 9 37 12 37 12 36 36 36 12 12 9 
jbrown36 12 37 12 12 9 
dkim30 12 37 12 36 36 36 36 12 9 
cpantin 12 12 9 12 19 20 6 15 37 12 37 12 9 
cmyers11 12 37 12 37 12 
amora2 12 37 12 37 12 37 12 37 12 
adrisco2 12 12 9 37 12 12 25 32 17 37 12 12 
xtsai 12 12 20 19 6 37 12 12 
wbaer 12 19 20 12 37 12 12 6 36 36 36 12 12 9 37 20 37 12 
nisakson 12 12 12 12 12 12 12 12 12 12 12 37 12 12 37 12 36 36 12 12 
lmcfadde 12 9 37 12 9 
kmurph44 12 37 12 12 
ibushue 12 36 6 37 12 19 12 37 25 
hadams3 12 12 19 20 6 32 17 22 28 34 12 12 36 36 36 12 2 26 33 37 12 
enichol4 12 9 
egroth 12 12 
aheinzma 12 36 36 36 36 36 36 12 25 12 19 20 6 
ahall2 12 9 37 12 37 12 
adecker1 12 37 12 
aameen 12 37 12 12 37 12 12 37 12 9 12 
zwall 12 9 19 20 6 12 37 12 37 12 12 13 37 12 
smonaha1 12 12 37 12 37 12 
sdeschne 12 12 25 20 6 37 19 37 12 9 36 0 11 36 36 21 
mowen 12 9 12 36 18 11 36 36 36 36 12 15 37 12 12 
lwatts1 12 9 36 36 12 18 37 12 9 18 0 36 20 37 12 37 12 9 12 
krochefo 12 37 12 37 12 37 12 37 12 
jholguin 12 20 19 6 36 36 36 20 36 36 36 36 9 37 12 37 12 
gniforat 12 12 19 6 20 12 12 12 37 12 12 19 37 12 
evandier 12 
eclapp 12 37 12 12 12 9 37 12 
awaldsch 12 37 12 36 12 19 12 37 12 
adevito1 12 37 12 37 12 37 12 
tsilva1 12 
oivan 12 36 36 12 37 12 9 
mmarti45 12 9 37 12 37 12 12 9 
mjorden 12 37 12 9 37 12 12 9 12 
ldorenko 12 25 20 19 6 36 12 37 12 9 
ktracey 12 25 20 6 19 
krothmey 12 12 37 12 12 12 9 37 12 9 36 12 13 0 19 21 29 37 12 9 11 
kbiladea 12 12 12 32 37 12 37 12 9 37 12 37 12 12 
jweas 12 37 12 
jgoldsch 12 25 19 20 6 37 12 37 12 37 12 12 9 
jdraves 12 9 19 20 6 25 
gotte1 12 37 12 12 17 32 37 12 
etruesda 12 37 12 15 21 
emeara 12 37 12 37 12 12 36 36 12 12 
cnilsen 12 37 12 9 36 36 36 12 
bmurph24 12 36 36 36 36 12 9 
azammit 12 
arabbitt 12 12 20 37 12 20 19 12 6 37 12 37 12 
wcheong 12 12 37 12 25 19 20 6 12 37 12 37 12 
kmoran11 12 37 12 9 12 12 32 17 
kgalla21 12 37 12 9 25 17 32 37 12 9 
kgalla20 12 12 12 19 12 12 6 20 37 12 12 9 
kfranz1 12 37 12 37 12 32 37 12 17 36 36 36 36 9 37 12 37 12 
jsutton3 12 12 37 12 19 12 20 6 37 12 37 12 9 
jhegart2 12 12 12 19 6 20 37 12 9 12 
japplew1 12 12 37 12 9 12 
imurrer 12 19 20 6 37 12 9 36 36 36 12 0 36 20 37 12 36 36 12 
fschemel 12 37 12 12 36 36 12 
fprimozi 12 37 12 37 12 12 9 37 12 37 12 37 12 37 12 37 12 
elinares 12 12 12 12 36 12 12 19 19 6 20 12 12 20 12 37 12 37 12 9 
cmulshin 12 12 12 9 37 12 
cmagnuss 12 37 12 12 9 12 36 18 37 12 12 
ccleary1 12 9 
abohling 12 12 9 37 12 12 37 12 12 25 32 17 36 36 36 36 36 12 12 
mscanish 12 12 19 6 20 37 12 12 9 37 12 0 18 20 
mkirven 12 12 19 37 12 
lkim3 12 37 12 
lgrabows 12 37 12 9 36 6 0 37 12 37 12 7 37 12 37 12 32 17 12 
lcaffar1 12 37 12 37 12 9 25 32 17 
kliang2 12 9 
jnowak4 12 37 12 37 12 37 12 37 12 9 
hcheng1 12 12 19 20 6 37 12 37 12 9 
bmerrick 12 25 12 19 6 20 
bgagnon 12 36 36 36 36 12 19 20 6 37 12 12 20 36 12 12 37 12 12 12 9 0 12 12 18 37 12 12 
tmansell 12 9 37 12 37 12 18 36 36 36 36 12 19 37 12 
rrocco 12 
rpuno 12 9 37 12 37 12 18 
lyan4 12 12 12 37 12 
kpresteg 12 9 12 37 12 37 12 
jbaines 12 12 12 25 9 
blemay 12 37 12 
aromano2 12 25 19 20 6 12 36 36 36 36 36 12 9 11 37 12 37 12 0 37 12 37 12 12 9 37 12 36 20 37 12 
alongsta 12 37 12 37 12 37 12 12 
szachari 12 25 20 6 19 
spalumb1 12 9 37 12 36 36 19 
pcamara 12 12 12 12 12 12 36 12 37 12 12 37 12 37 12 12 9 12 12 12 
operez2 12 37 12 37 12 9 36 36 20 37 12 37 12 37 12 
nvincent 12 20 37 19 6 36 36 12 25 37 12 9 
lgelin 12 9 37 12 9 36 36 36 29 19 0 37 12 37 12 
ldomenel 12 12 12 12 19 20 6 37 12 9 
lcho 12 
jpaul2 12 20 37 12 12 9 37 12 37 12 
ischmitz 12 12 37 12 19 6 12 20 37 12 12 9 15 12 0 12 12 37 12 37 12 37 12 
egorman5 12 25 20 6 37 19 12 
eeagle 12 37 12 9 15 6 
dallen13 12 12 12 19 20 6 12 12 12 
cdenzel 12 12 37 12 
asowell 12 9 37 12 9 36 36 36 17 36 36 36 12 15 36 36 12 9 12 
yzou2 12 37 12 
speter14 12 9 37 12 37 12 12 9 13 
pmcmonag 12 37 12 9 
kpaulsen 12 37 12 12 36 36 36 19 37 12 0 20 6 
kjacoby1 12 12 12 
jruane 12 12 
jdodig 12 37 12 9 
gcramer1 12 37 12 12 19 20 6 37 12 37 12 
esoller 12 12 19 20 36 36 6 
egorman6 12 9 12 19 20 6 
ckotseos 12 19 12 20 6 12 25 12 37 12 
cganley 12 12 12 20 19 6 25 36 36 36 12 12 
bfraser 12 12 
asweet 12 9 37 12 36 36 12 12 9 
apaik 12 12 19 6 20 9 12 25 37 12 37 12 37 12 37 12 
amonroe1 12 37 12 19 20 6 37 20 36 36 12 20 37 12 
abulaoro 12 36 17 12 37 12 
thuber1 12 37 12 19 25 6 20 37 12 37 12 9 
sincera 12 37 12 37 12 9 37 12 37 12 36 36 12 1 
phennes2 12 20 37 12 19 37 12 37 12 12 9 
msahd 12 15 25 19 6 20 37 12 18 37 12 
mcabrer1 12 37 12 19 6 20 
kkolleck 12 37 12 
kconrad2 12 37 12 9 
jreeg 12 37 12 12 12 9 37 12 11 18 0 36 12 12 37 12 12 37 12 12 9 12 12 9 
jgonnard 12 17 37 12 12 19 36 12 6 12 20 12 
hsarkey 12 9 
hholden 12 37 12 37 12 9 37 12 36 36 12 12 12 
epil 12 37 12 12 17 9 36 36 36 36 36 12 
awitte 12 37 12 19 20 6 37 12 
trogers6 12 12 37 12 12 
tfross 12 19 20 6 25 37 12 9 25 
taguirre 12 19 20 6 12 36 36 36 12 
sbindel 12 37 12 12 6 20 19 37 12 9 37 12 
rmaqbool 12 12 36 36 36 36 12 12 36 12 36 12 19 20 6 37 12 9 12 37 12 12 12 12 20 36 36 36 36 36 36 12 15 37 12 
kcockrel 12 12 25 19 6 20 37 12 12 9 37 12 9 
jphilli8 12 36 36 36 36 12 37 12 20 20 6 20 12 12 20 20 20 20 20 12 20 19 37 12 36 36 12 19 12 9 37 12 
jmarino6 19 12 37 12 9 36 36 36 11 36 36 18 12 37 12 36 36 15 
eguenthe 12 37 12 
ecaradon 12 37 12 9 37 12 36 36 36 12 37 12 11 36 36 9 12 
creid4 12 9 
carizama 12 37 12 
bbrunin1 12 9 19 6 37 12 19 12 19 6 6 20 36 36 36 36 36 36 12 9 37 12 9 
anataraj 12 37 12 9 25 20 6 12 36 36 19 37 12 9 36 11 37 12 37 12 
svukovit 12 37 12 36 36 36 36 12 37 12 9 36 36 12 37 12 37 12 9 37 12 
pyoung3 12 19 20 6 37 12 
msteph11 12 19 20 6 9 25 
mraster 12 12 25 37 12 19 20 6 
lbognar1 12 36 36 12 
lbakke 12 37 12 9 13 20 0 37 12 
jzacher 12 37 12 12 19 20 6 36 36 12 37 12 
