dtorgers 9 9 9 9 9 9 9 9 9 9 9 9 9 9 9 9 9 9 9 9 9 9 9 9 9 9 9 9 9 9 9 9 9 9 9 9 9 9 9 9 9 9 9 9 9 9 9 9 100
cdavin1 9 9 33 9 9 9 9 9 9 9 9 9 9 9 9 9 9 9 9 9 9 9 9 9 9 34 18 9 9 23 34 20 9 18 100
alebron1 9 9 9 9 9 9 9 9 9 9 33 9 9 9 9 9 9 9 9 9 9 9 33 9 9 9 9 23 20 18 34 33 9 9 9 9 100
ccooper8 9 9 9 9 9 9 34 9 9 9 9 9 9 23 20 18 100
nweindel 9 9 9 9 9 34 23 20 18 18 9 9 9 9 20 100
ntownsen 9 9 9 9 9 9 9 9 9 9 9 9 9 9 9 9 9 9 34 9 9 9 23 20 18 9 100
jberg2 9 9 9 9 9 9 9 9 9 9 9 9 18 100
fhita 9 15 19 11 9 9 15 11 9 9 9 9 9 9 100
mmcfarli 9 23 20 18 100
mlengwin 9 9 9 9 9 9 9 9 9 9 9 23 20 18 34 100
kwurl 9 9 9 9 9 9 9 9 9 34 20 23 100
ccampb20 9 15 34 11 19 9 9 9 9 23 20 18 34 9 18 100
pbrown10 9 9 11 15 19 9 9 9 9 9 9 9 9 9 9 9 18 100
rdiejoma 9 19 11 9 11 9 9 9 9 9 9 9 23 20 18 100
drogers1 9 9 9 9 9 9 9 9 9 9 9 9 9 9 9 9 34 18 9 9 9 23 20 18 9 100
cdelpila 9 9 9 9 9 9 9 9 9 9 9 34 23 20 9 18 100
cbolivar 9 9 9 9 9 9 9 9 9 34 23 9 20 18 100
muhlenbr 9 9 9 9 9 9 9 34 9 23 20 18 9 34 9 23 18 100
msmith75 9 9 9 31 9 9 9 9 9 9 34 9 9 23 20 23 18 9 100
pmcguir2 9 9 9 9 9 23 100
jstaten 9 9 34 23 20 18 9 100
mgirod 9 9 9 9 9 9 9 9 9 9 23 20 18 100
zgartenh 9 9 9 9 9 9 23 20 18 34 100
alabella 9 9 9 9 9 9 9 6 33 34 9 9 9 9 9 9 9 9 9 9 9 9 20 34 18 23 100
bferrer1 9 9 9 9 9 9 9 9 9 9 9 9 9 9 9 9 9 9 23 9 9 9 9 34 20 18 9 100
pcataldi 9 9 9 9 9 9 9 100
aohri 9 9 15 11 19 9 9 9 9 9 9 9 9 9 9 9 9 9 9 9 9 100
pklekamp 9 9 9 9 9 9 9 9 9 9 9 9 9 34 9 9 23 20 18 100
amccar10 9 11 15 19 9 9 9 9 9 9 9 34 9 9 9 9 9 9 9 100
nwamble 9 9 15 19 9 9 9 9 9 9 9 100
wwu5 9 23 20 18 100
wsuter2 9 9 9 9 9 9 9 9 23 20 18 100
thowe1 9 9 9 9 9 9 9 23 20 18 9 100
mmian 9 9 9 9 9 9 9 9 34 9 9 9 9 34 9 23 0 10 33 9 9 12 9 32 28 9 9 6 9 9 9 9 9 9 9 9 9 9 9 9 9 9 9 9 9 100
jhouge 9 15 19 11 9 9 9 9 9 9 23 20 18 100
slemaign 9 9 9 9 9 9 9 23 20 18 100
ldamoose 9 9 9 9 15 9 23 34 20 20 18 100
sburnbau 9 9 9 9 9 100
nwarren 9 100
bconnol3 9 9 9 9 9 9 23 20 18 34 9 100
rheitkam 9 9 9 9 23 20 18 34 100
jmullike 9 9 9 9 9 9 9 9 9 9 34 23 20 18 100
chickey3 9 9 9 9 9 9 9 9 9 9 9 9 9 9 9 9 9 9 9 9 9 9 9 9 11 9 15 19 11 100
athoma24 9 9 9 9 9 9 9 9 9 9 9 9 9 9 23 18 20 100
rgensler 9 9 9 9 9 9 34 9 34 23 20 18 100
kthornt4 9 9 100
pvlandis 9 9 9 9 34 9 9 18 9 9 23 9 20 18 9 9 100
mmizraji 9 9 9 9 34 9 23 20 18 9 100
zpavlin 9 9 9 9 9 34 9 9 34 20 9 100
ydeng3 9 9 9 9 9 100
kfox8 9 9 9 9 9 9 9 34 23 20 18 100
lsulli11 9 9 9 9 9 9 9 9 9 9 9 9 9 9 23 20 18 100
jgorman6 9 11 15 19 9 9 9 100
enunez 9 15 19 11 9 9 9 9 9 23 20 18 100
jdirksen 9 11 9 15 19 9 9 34 100
whornby 9 11 34 9 7 9 11 9 9 100
jwade5 9 9 9 9 33 9 9 9 9 9 18 9 9 23 20 18 100
mblatt1 9 9 9 9 23 20 18 34 100
jowusuko 9 7 29 24 34 9 9 9 9 9 9 9 9 9 9 9 34 9 9 9 9 9 9 9 100
mmang 9 9 9 9 9 9 9 9 9 100
waberger 9 9 9 9 9 34 18 23 20 9 9 34 18 100
llombar2 9 9 9 9 9 9 9 9 23 34 20 18 100
gkaiser 9 9 9 9 9 9 9 9 9 9 9 9 9 9 23 20 18 34 100
koconn27 9 11 15 19 9 9 9 9 9 9 9 18 100
aweishan 9 9 9 9 13 9 9 34 18 23 20 9 100
mcaskey 9 100
jguarino 9 11 9 9 9 9 9 9 9 9 100
cseymou2 9 9 9 9 9 9 34 23 20 18 100
dplagenz 9 9 9 23 34 20 18 100
csasso 9 9 9 9 9 9 9 9 9 9 9 9 34 23 20 18 100
amccar11 9 9 9 9 9 9 34 23 20 18 100
yshi6 9 9 9 9 100
minoue2 9 34 11 15 19 33 9 9 9 18 34 9 9 33 9 9 23 20 18 34 9 100
jwinebre 15 19 9 9 9 9 100
sgalbens 9 11 15 19 9 9 9 9 9 9 9 9 100
jlazzara 9 9 9 9 9 9 9 9 9 9 34 23 100
vruesch 9 9 9 9 9 23 20 18 100
nniere 9 9 9 9 9 100
ghong 9 23 20 18 100
bhogan1 11 9 15 19 9 9 9 100
wdu 9 9 9 9 9 9 9 5 12 9 9 9 9 100
tmercier 9 33 9 9 9 9 9 23 18 20 100
esunshi1 9 9 9 9 9 9 9 23 20 34 18 100
eevans9 9 9 100
bkenney1 9 100
cdieckma 9 9 9 9 9 18 23 20 100
mcoggins 9 9 11 9 9 23 20 18 100
lblitzer 9 9 9 9 9 23 9 9 100
jdelledo 9 34 9 18 23 20 100
mfreedlu 9 9 9 9 9 23 20 18 100
tprice4 9 9 9 23 20 18 100
lbarret2 9 9 9 9 9 23 18 20 34 100
eralph 9 9 9 9 33 9 23 20 18 9 100
bhalliga 9 100
sroennec 9 9 9 9 9 34 23 20 18 9 23 20 18 34 100
jmurph32 9 9 9 9 9 9 9 9 34 23 20 9 9 9 9 9 9 9 15 20 18 100
cfrentze 9 9 9 9 9 9 9 34 23 20 18 100
mnewcome 9 9 18 20 23 34 100
jsitarsk 19 9 9 9 9 100
tpreko 9 34 18 23 20 9 9 100
mtreacy 9 9 9 23 20 18 100
ccampb21 11 19 9 9 9 9 9 9 9 9 23 9 100
rrivera8 9 23 18 34 20 18 9 100
rblack4 9 9 9 9 9 9 9 9 9 9 23 20 18 100
jwelsch 9 9 9 9 9 9 23 20 18 100
jgately1 9 9 9 9 9 9 9 9 9 9 100
gdean 9 23 20 18 9 100
ewigutow 9 9 9 9 23 20 18 9 100
dgibbon2 9 11 9 9 9 9 9 9 9 9 100
cmorton2 9 15 19 9 9 100
mrooney6 9 9 9 34 13 22 1 21 14 9 15 9 9 23 20 18 34 100
mmoran12 9 23 20 100
jwalte10 9 18 23 20 34 9 100
jcarney6 9 9 9 20 9 9 23 20 18 100
pmeyer3 9 9 9 34 23 20 18 20 100
icallaha 9 9 34 23 20 9 9 18 9 34 23 20 100
dtoth1 9 11 9 9 9 9 100
kkostola 9 15 19 9 9 34 9 9 9 9 9 9 23 20 18 100
dlee26 9 9 9 9 9 9 9 34 23 20 18 9 100
yying 11 19 9 9 9 9 9 9 9 9 9 9 9 100
swagy 9 9 9 9 9 9 9 9 9 9 34 23 20 18 100
rroque1 9 11 15 19 9 9 9 9 9 9 100
kdantoni 9 9 34 20 18 100
wmohler 9 9 23 20 18 34 9 100
lklein1 9 9 9 23 20 18 9 100
jbecker9 9 9 9 9 9 15 19 11 9 9 9 23 20 18 100
hrague 9 9 9 9 9 9 9 34 23 20 18 100
cott 9 9 9 9 9 23 20 18 34 100
mholzbau 9 23 20 18 9 23 20 18 9 18 100
mhawkin3 9 9 9 9 23 20 18 100
lharmon 9 34 9 9 18 9 23 9 9 23 20 100
elazzaro 9 15 19 11 9 34 100
tburley 9 15 11 9 9 11 9 9 100
shenn 9 9 9 9 9 18 23 100
jgomez5 9 9 9 34 23 20 18 9 8 0 10 9 9 100
jfries3 9 9 9 9 23 20 18 100
bniemoel 9 11 9 9 19 9 9 15 9 9 9 100
kriordan 9 9 9 9 9 9 9 100
jmurph33 9 9 9 9 34 18 23 20 100
dcorr1 9 11 9 19 15 9 9 9 9 9 9 9 9 100
cemenalo 9 9 9 9 1 9 23 34 9 20 18 9 100
yjung2 9 11 15 19 9 9 11 9 9 9 18 100
rpappas 9 9 9 23 20 100
mmerric1 9 11 15 19 9 9 9 100
mdosch 9 23 20 18 100
jbettag 9 9 100
jbernin1 9 15 19 9 9 9 18 33 9 9 23 20 18 100
gbruenin 9 9 9 9 9 23 20 18 9 9 9 100
ddallava 9 9 34 23 9 18 34 23 20 9 100
cgamboa 9 9 9 9 9 9 9 9 9 23 20 18 100
nquartir 9 9 20 23 18 9 9 9 100
lfaubion 9 9 9 9 9 18 9 23 20 100
cwilso24 9 9 9 9 34 20 23 18 100
aursino1 9 9 9 9 9 9 100
msummer2 9 9 9 9 9 9 9 9 23 20 18 100
kramm 9 9 34 9 9 9 23 20 18 100
jchapple 9 15 19 11 9 33 9 9 9 9 9 9 9 34 9 9 9 23 20 100
jbonds 9 100
dbirzer 9 11 19 15 9 9 100
cfish 9 9 23 20 18 34 9 9 100
nholmes1 34 23 18 20 100
ngiovino 9 9 9 9 9 9 11 34 23 20 18 100
eherber1 9 9 9 34 23 20 18 9 9 9 100
cgallag3 9 9 34 23 20 100
tzheng2 9 9 9 9 9 23 20 18 100
mgerber 9 23 9 20 18 34 100
jcolli23 9 100
awalton3 9 11 9 9 9 9 9 9 9 23 20 18 100
vwhitmor 9 9 23 9 34 20 18 23 100
rpellica 9 9 9 11 9 19 9 9 9 9 9 9 34 23 20 18 100
rmyers9 9 23 20 18 34 9 100
mdillon7 9 9 9 9 9 34 23 100
jdoerer 11 15 19 9 9 9 9 9 9 9 9 9 9 23 100
gbiltz 9 100
aheck1 9 9 9 9 34 23 20 18 100
ucooper 9 9 9 11 15 19 9 9 100
rschill1 9 11 9 19 15 34 9 11 9 9 9 9 9 100
mschlic1 9 15 19 9 9 9 18 23 20 100
