dtorgers 0 0 0 0 0 0 0 0 0 0 0 0 0 0 0 0 0 0 0 0 0 0 0 0 0 0 0 0 0 0 0 0 0 0 0 0 0 0 0 0 0 0 0 0 0 0 0 0 0 0 0 0 0 0 0 0 0 100
cdavin1 0 0 0 0 15 0 15 16 10 19 100
alebron1 0 0 0 0 0 0 0 0 0 16 10 19 15 0 0 0 0 0 0 0 0 0 19 10 15 0 16 100
ccooper8 0 0 0 0 0 0 0 0 15 0 16 10 19 100
nweindel 0 0 0 0 0 0 15 0 0 0 0 16 10 15 19 0 0 0 15 100
ntownsen 0 0 0 0 0 0 0 0 0 0 0 0 0 0 0 0 0 0 16 16 10 10 100
jberg2 0 0 0 0 0 0 0 20 0 0 0 0 0 0 0 0 0 0 0 0 0 0 0 0 0 0 100
fhita 0 0 0 0 0 0 0 0 0 100
mmcfarli 0 0 0 0 0 0 0 0 0 0 0 0 15 0 0 0 0 0 20 0 0 0 0 0 0 0 0 0 15 16 10 19 0 0 100
mlengwin 0 0 16 10 19 0 0 0 0 0 100
kwurl 0 0 15 16 10 100
ccampb20 0 20 0 16 15 10 
pbrown10 0 0 0 0 0 0 0 0 0 0 0 0 0 16 10 0 100
rdiejoma 0 0 0 0 0 0 0 0 0 16 10 0 19 100
drogers1 0 11 2 27 0 0 0 0 0 0 0 0 0 0 2 27 15 16 10 0 0 100
cdelpila 0 0 0 100
cbolivar 0 11 27 2 0 0 0 0 0 0 0 0 16 10 19 100
muhlenbr 0 0 0 0 0 0 15 16 10 19 100
msmith75 0 0 15 0 16 10 19 0 10 0 100
pmcguir2 0 0 0 0 0 0 0 16 0 100
jstaten 0 0 0 0 20 0 0 0 0 20 0 0 0 15 0 0 20 16 15 10 19 0 100
mgirod 0 11 27 0 0 0 0 0 0 0 0 0 0 16 10 19 100
zgartenh 0 15 16 2 10 100
alabella 0 0 0 0 0 0 0 0 0 0 0 15 0 0 16 10 19 100
bferrer1 0 0 0 0 0 0 0 11 0 0 15 16 10 19 100
pcataldi 0 11 2 27 0 0 0 0 16 16 10 10 19 19 100
aohri 0 7 0 0 0 0 0 0 0 0 0 0 0 0 0 0 0 0 2 0 18 0 100
pklekamp 0 0 0 0 0 16 10 100
amccar10 0 11 0 2 27 0 0 0 100
nwamble 0 2 27 0 0 0 0 0 0 0 100
wsuter2 0 10 16 19 5 25 23 0 0 20 0 0 0 100
thowe1 0 100
mmian 0 100
jhouge 0 11 2 27 0 0 0 0 16 10 19 100
slemaign 0 0 0 0 16 10 0 19 15 0 0 0 16 100
ldamoose 0 0 0 0 0 0 0 0 0 0 16 10 15 100
sburnbau 0 0 0 0 0 0 0 0 100
nwarren 0 0 0 0 0 0 15 19 16 10 100
bconnol3 0 0 0 16 10 19 15 0 100
rheitkam 0 16 10 19 15 100
jmullike 0 
chickey3 0 11 2 27 0 0 0 100
athoma24 0 0 0 0 0 0 20 0 0 0 0 0 16 10 19 
rgensler 0 0 0 0 0 0 0 15 10 0 16 0 100
kthornt4 0 0 0 0 0 16 10 0 15 19 0 10 100
pvlandis 0 0 11 0 0 27 0 0 0 0 10 16 0 15 0 0 100
mmizraji 0 0 0 15 0 16 10 0 19 0 0 0 15 100
zpavlin 0 33 0 0 0 0 0 0 0 0 15 15 0 15 10 100
ydeng3 0 0 0 20 0 0 100
kfox8 0 0 0 0 16 10 19 100
lsulli11 0 0 0 0 0 0 0 16 19 10 100
jgorman6 0 11 2 27 0 0 0 0 0 0 16 19 10 100
enunez 0 11 2 27 0 0 16 10 100
jdirksen 11 2 27 0 0 0 100
whornby 0 0 0 100
jwade5 0 0 0 11 2 27 0 0 16 10 19 20 5 25 23 0 0 0 20 0 0 0 0 100
mblatt1 0 0 0 0 0 10 16 0 16 10 19 100
mmang 0 0 0 0 15 0 15 10 0 0 0 0 100
waberger 0 0 15 16 10 100
llombar2 0 0 0 0 0 0 0 0 0 0 15 10 16 19 100
gkaiser 0 100
koconn27 0 0 0 0 2 0 0 0 0 0 0 0 0 0 0 0 0 0 10 100
aweishan 0 0 0 20 0 15 0 16 10 19 0 100
mcaskey 0 100
jguarino 0 2 11 27 0 0 0 0 0 10 100
cseymou2 0 0 0 20 0 0 15 19 16 10 100
dplagenz 0 0 0 0 0 0 0 11 16 15 10 0 19 100
csasso 0 0 0 0 0 0 0 0 15 16 10 19 0 10 15 100
amccar11 0 0 0 16 10 19 15 0 100
yshi6 0 0 0 27 0 2 11 0 15 15 0 0 16 10 19 15 100
minoue2 0 20 0 0 15 19 16 10 100
jwinebre 0 100
sgalbens 2 27 0 0 0 0 0 100
jlazzara 0 0 0 0 0 15 16 100
vruesch 0 0 0 0 100
nniere 0 0 0 0 0 100
ghong 0 0 0 0 0 0 0 16 10 19 5 100
bhogan1 2 11 9 0 0 100
wdu 0 100
tmercier 0 0 0 16 10 100
esunshi1 0 0 0 0 0 0 19 15 16 10 100
eevans9 0 0 0 100
bkenney1 0 0 100
cdieckma 0 16 10 0 0 0 0 0 0 0 16 16 10 10 19 19 100
mcoggins 0 0 0 0 0 0 16 10 15 19 0 100
lblitzer 0 20 19 10 16 0 0 0 100
jdelledo 0 0 15 15 0 0 16 16 10 10 19 19 100
mfreedlu 0 0 16 10 19 0 100
tprice4 0 11 0 0 0 11 2 27 0 20 0 0 0 100
lbarret2 0 0 0 16 10 15 0 0 100
eralph 0 0 0 0 0 0 0 0 16 10 0 100
bhalliga 0 0 0 0 10 16 19 15 100
sroennec 0 0 0 16 10 19 15 100
jmurph32 0 0 16 10 15 100
cfrentze 0 0 0 0 15 16 10 19 0 100
mnewcome 0 100
jsitarsk 16 11 31 2 27 0 0 
tpreko 0 11 2 27 0 0 15 19 0 10 16 100
mtreacy 0 0 100
ccampb21 2 27 0 0 0 100
rrivera8 0 0 11 2 27 11 0 16 10 19 15 0 0 0 23 19 100
rblack4 0 0 16 10 19 0 15 0 0 0 0 100
jwelsch 0 0 0 0 0 0 16 10 19 100
jgately1 0 0 0 0 0 0 0 2 16 10 19 100
gdean 0 16 0 10 0 0 0 0 0 15 15 0 0 100
ewigutow 0 0 0 0 0 100
dgibbon2 0 7 0 0 0 0 0 0 0 0 0 0 0 0 0 0 0 0 0 0 0 20 0 0 0 0 0 100
cmorton2 0 11 21 2 0 2 27 0 100
mrooney6 0 0 0 20 0 0 0 0 16 16 10 10 19 19 0 15 0 16 0 0 100
mmoran12 0 0 0 0 0 0 0 0 100
jwalte10 0 0 16 10 19 15 0 100
jcarney6 0 0 0 0 15 16 19 10 0 100
pmeyer3 0 0 15 16 0 10 19 15 10 100
icallaha 0 0 0 0 15 20 16 10 19 100
dtoth1 0 100
kkostola 0 0 0 0 0 0 0 15 0 19 10 16 100
dlee26 0 0 16 10 0 0 100
yying 11 0 11 2 0 0 0 0 0 0 0 0 0 100
swagy 0 11 15 2 27 0 0 0 0 0 0 0 15 16 10 19 100
rroque1 2 27 0 16 100
kdantoni 0 0 0 0 0 0 0 0 15 16 10 100
wmohler 0 0 16 0 0 16 16 10 10 0 19 15 100
lklein1 0 0 100
jbecker9 0 11 19 10 0 2 27 0 16 10 19 100
hrague 0 0 0 0 15 16 10 19 100
cott 0 0 0 0 0 16 10 15 0 0 19 100
mholzbau 0 0 100
mhawkin3 0 0 0 16 10 19 100
lharmon 0 0 15 0 16 10 19 100
elazzaro 0 0 0 19 10 16 100
tburley 0 0 0 0 0 0 11 0 2 15 100
shenn 0 0 100
jgomez5 0 0 0 0 100
jfries3 0 0 0 0 100
bniemoel 0 19 16 10 100
kriordan 0 
jmurph33 0 0 0 0 0 0 100
dcorr1 11 2 0 0 0 0 100
cemenalo 0 0 0 0 16 10 19 15 100
yjung2 0 11 2 0 0 0 100
rpappas 0 0 0 0 0 16 10 19 100
mmerric1 0 0 0 0 11 27 2 0 100
mdosch 0 16 10 19 15 0 0 10 100
jbettag 0 0 0 20 0 0 0 0 100
jbernin1 0 11 2 27 0 16 10 0 10 19 100
gbruenin 0 16 10 19 0 100
ddallava 0 0 15 0 19 0 0 0 15 0 100
cgamboa 0 0 0 0 19 15 10 100
nquartir 0 23 0 16 10 19 0 0 0 0 0 0 0 0 100
lfaubion 0 0 0 20 16 10 0 0 10 19 100
cwilso24 0 0 0 0 0 0 0 15 10 16 100
aursino1 0 0 0 0 0 100
msummer2 11 2 27 0 0 0 0 16 10 19 100
kramm 0 0 15 0 0 0 0 16 0 10 100
jchapple 2 27 0 0 0 0 0 0 19 100
jbonds 0 15 0 16 10 19 15 100
dbirzer 7 9 14 11 2 0 0 0 100
cfish 0 16 10 19 15 100
nholmes1 0 15 19 10 16 0 15 0 0 0 15 0 0 16 10 0 19 100
ngiovino 0 0 0 16 10 0 19 15 0 100
eherber1 0 0 0 16 15 10 19 20 0 100
cgallag3 0 0 0 0 15 16 10 19 0 100
tzheng2 0 0 0 16 10 19 0 100
mgerber 0 0 100
jcolli23 0 16 10 19 100
awalton3 0 0 0 0 16 100
vwhitmor 0 0 15 0 16 10 19 0 100
rpellica 0 0 0 0 0 16 10 19 100
rmyers9 0 0 0 16 10 0 19 0 15 100
jdoerer 11 2 27 0 0 0 0 0 0 100
gbiltz 0 0 0 0 100
aheck1 0 0 0 0 16 10 19 0 19 100
ucooper 0 2 0 0 15 16 10 0 100
rschill1 0 100
mschlic1 0 0 11 27 0 0 0 0 12 0 0 23 23 0 16 10 0 19 100
