dtorgers 0 0 0 0 0 0 0 0 0 0 0 0 0 0 0 0 0 0 0 0 0 0 0 0 0 0 0 0 0 0 0 0 0 
cdavin1 0 0 0 0 0 0 0 0 0 0 15 0 0 0 0 15 0 0 0 5 23 100
ccooper8 0 0 0 0 0 0 0 0 0 0 20 0 0 0 0 15 0 0 0 0 0 5 25 23 15 100
nweindel 0 0 0 0 0 0 0 0 0 15 0 15 5 25 0 5 25 23 25 23 15 5 0 0 15 0 100
jberg2 0 0 0 0 0 0 0 0 0 0 0 
fhita 0 16 10 19 0 0 0 0 0 0 0 0 0 0 0 100
mmcfarli 0 0 0 0 0 0 0 0 0 0 0 5 25 23 100
mlengwin 0 0 0 0 0 5 25 23 0 0 20 100
kwurl 0 0 0 0 0 0 0 0 0 20 0 0 0 0 15 0 0 5 25 23 
pbrown10 0 0 0 0 0 0 0 0 0 0 0 0 0 0 100
drogers1 0 0 0 0 0 0 0 0 0 20 15 5 25 0 25 23 0 0 23 25 100
cdelpila 16 10 19 16 10 0 0 0 15 5 25 23 15 0 0 100
cbolivar 0 0 0 0 0 0 0 20 0 0 5 0 100
msmith75 0 0 0 0 30 0 15 25 23 5 0 100
pmcguir2 10 19 0 0 0 0 0 0 5 0 0 25 23 100
jstaten 0 15 0 5 25 23 0 100
bferrer1 0 0 0 0 0 0 0 0 20 0 0 0 0 5 25 23 0 100
amccar10 0 16 0 10 0 0 0 0 0 0 0 0 0 0 0 0 0 15 100
nwamble 0 16 10 19 0 0 0 0 0 0 0 0 100
wwu5 0 0 0 0 10 16 0 5 25 23 0 0 0 0 0 0 0 0 0 0 100
wsuter2 0 0 0 0 0 0 0 0 0 0 0 
thowe1 0 0 0 5 0 100
mmian 0 20 0 0 0 0 0 0 0 100
ldamoose 0 0 0 0 5 15 25 23 0 0 
sburnbau 0 0 0 0 0 0 0 0 0 0 0 0 16 
nwarren 0 0 20 0 0 15 5 25 23 100
bconnol3 0 16 10 0 0 0 0 5 25 15 0 5 25 23 15 100
jmullike 0 0 0 0 0 0 0 0 0 0 0 0 0 0 0 15 16 10 0 0 100
chickey3 16 10 0 16 0 0 0 
rgensler 0 0 0 5 23 100
pvlandis 0 0 0 0 0 0 5 23 0 100
ydeng3 0 0 0 100
jgorman6 0 0 0 0 0 0 0 100
enunez 0 0 0 0 0 0 0 0 0 0 0 0 0 0 0 0 0 0 0 0 100
jdirksen 16 10 19 0 15 0 0 15 0 0 100
jwade5 0 0 0 0 
mblatt1 0 0 0 0 0 5 25 23 0 0 100
aweishan 0 0 0 0 100
mcaskey 0 0 0 100
jguarino 0 16 0 0 100
dplagenz 0 0 0 0 0 15 5 25 23 100
csasso 0 0 0 0 15 5 25 23 
minoue2 0 0 0 0 0 0 0 0 0 0 0 0 0 15 5 25 23 0 100
jwinebre 0 0 0 100
sgalbens 16 10 19 0 10 0 0 0 0 0 0 100
vruesch 0 16 10 0 19 0 0 0 0 0 0 0 0 5 25 23 100
nniere 0 0 0 0 0 
ghong 0 0 23 25 20 0 5 0 0 100
bhogan1 16 10 0 0 0 0 0 0 15 100
wdu 0 0 0 0 0 0 20 0 100
eevans9 0 0 0 0 20 0 0 0 0 0 100
bkenney1 0 0 0 0 0 0 0 0 0 100
cdieckma 0 20 0 0 23 0 0 25 15 100
mcoggins 0 0 0 0 5 25 23 0 15 100
lblitzer 0 0 20 5 25 23 0 0 
mfreedlu 0 0 0 0 0 0 20 15 5 25 23 100
tprice4 0 19 16 10 0 0 0 0 0 0 0 0 0 0 23 25 5 100
bhalliga 0 0 16 10 0 0 0 0 0 0 23 25 5 100
jmurph32 0 0 0 0 0 0 0 0 0 0 100
cfrentze 0 0 0 5 25 23 15 100
mnewcome 0 0 0 0 0 5 25 23 15 0 0 0 0 100
tpreko 0 20 0 0 0 0 15 0 0 15 0 0 100
mtreacy 0 0 0 0 0 0 0 0 100
rblack4 0 0 0 5 25 23 0 0 100
jgately1 0 0 0 100
gdean 0 0 16 25 23 0 0 0 5 0 100
dgibbon2 0 10 0 20 0 0 
mrooney6 0 0 0 0 23 25 5 100
mmoran12 0 0 0 0 0 0 0 0 0 100
jwalte10 0 0 0 5 25 23 15 100
jcarney6 0 0 0 0 0 15 25 5 23 0 0 100
dtoth1 0 0 0 0 0 0 0 0 0 0 
kkostola 0 0 0 0 0 0 0 0 20 0 15 0 0 0 0 0 0 5 23 100
dlee26 0 0 0 0 0 0 0 0 100
yying 10 16 0 0 0 0 100
rroque1 10 19 0 0 100
kdantoni 0 0 20 0 15 5 25 23 
wmohler 0 0 0 20 5 25 23 0 15 0 15 25 23 100
lklein1 0 100
jbecker9 0 0 0 0 0 5 25 23 
cott 0 0 20 0 15 5 25 23 15 100
mholzbau 0 100
mhawkin3 0 0 0 16 0 0 0 0 0 5 25 23 100
shenn 0 10 0 0 5 25 23 100
jgomez5 0 0 0 100
rpappas 0 0 0 0 0 5 25 23 100
mdosch 0 5 25 23 15 0 0 0 100
ddallava 0 10 16 0 0 23 0 25 15 5 100
nquartir 0 0 0 23 0 5 25 100
lfaubion 0 0 0 0 0 0 0 0 16 100
cwilso24 0 0 0 0 15 5 25 23 100
msummer2 0 0 0 0 0 23 25 5 100
jchapple 0 19 10 0 0 0 0 100
jbonds 0 0 20 0 15 0 23 25 5 
cfish 0 0 25 23 16 100
ngiovino 0 0 0 0 0 0 20 15 5 25 23 0 100
eherber1 0 0 0 0 0 25 5 23 0 100
cgallag3 0 0 0 15 23 25 0 0 
mgerber 0 20 0 0 0 0 0 0 17 0 12 4 2 0 24 0 0 13 9 0 0 0 0 22 20 
jcolli23 0 0 0 15 23 20 0 15 0 25 0 0 5 15 25 100
vwhitmor 0 0 0 0 0 0 0 5 25 23 15 0 0 23 100
rpellica 0 0 0 15 5 25 23 
rmyers9 0 0 0 5 25 23 15 100
jdoerer 0 100
gbiltz 0 15 20 0 0 0 0 0 0 100
aheck1 0 0 0 23 100
rschill1 0 19 16 10 0 100
