dtorgers 12 12 12 37 12 12 37 12 12 37 12 12 37 12 12 36 36 36 36 36 36 12 12 37 12 12 12 37 12 12 12 12 9 12 37 12 36 36 12 36 36 36 36 12 12 12 36 12 12 36 36 12 12 12 12 37 12 12 12 12 12 12 12 12 36 36 36 12 12 12 37 12 37 12 12 12 12 37 12 12 12 37 12 12 36 36 36 36 36 12 12 
mdawson3 12 12 12 12 12 37 12 12 12 12 12 9 37 12 12 32 17 25 12 36 36 36 12 12 37 12 12 12 37 12 36 12 36 36 12 17 32 36 36 36 36 12 36 36 36 36 12 9 36 36 12 36 36 17 12 
cdavin1 12 37 12 12 36 36 36 36 12 37 12 37 12 37 12 37 12 37 12 12 25 12 36 36 36 12 32 17 12 37 12 12 25 36 36 12 32 12 37 12 
alebron1 12 36 36 36 36 12 37 12 9 37 12 37 12 37 12 12 25 37 12 37 12 36 36 36 12 9 37 12 9 36 36 12 37 12 32 17 25 36 36 12 36 36 36 12 37 12 12 36 36 36 36 12 36 36 36 12 36 36 36 12 37 12 37 12 37 12 37 12 37 12 36 36 36 12 
ccooper8 12 37 12 12 25 37 12 37 12 37 12 32 17 37 12 37 12 37 12 
nweindel 12 36 36 36 36 12 36 36 12 25 37 12 37 12 37 12 37 12 12 36 36 36 36 12 17 32 37 12 37 12 36 36 36 36 36 36 12 32 17 25 12 37 12 36 36 36 36 36 12 37 12 37 12 
ntownsen 12 12 12 12 37 12 12 37 12 12 9 37 12 0 36 12 36 19 12 36 12 19 37 12 12 
jberg2 12 12 12 12 34 26 22 28 37 12 12 9 36 36 12 37 12 37 12 37 12 37 12 37 12 12 37 12 
fhita 12 37 12 36 36 12 37 12 37 12 36 36 36 12 37 12 36 36 36 36 12 37 12 37 12 12 32 17 37 12 37 12 37 12 37 12 
mmcfarli 12 37 12 37 12 12 36 12 37 12 12 12 9 36 36 36 36 36 12 0 37 12 12 36 36 36 36 12 
mlengwin 12 9 15 37 12 1 36 36 18 6 12 37 12 12 37 12 37 12 36 12 37 12 36 36 36 36 36 12 37 12 37 12 36 12 32 17 25 37 12 37 12 37 12 
kwurl 12 36 36 36 36 36 36 12 25 37 12 37 12 9 37 12 37 12 37 12 12 12 36 36 36 36 36 36 12 37 12 12 12 25 32 17 37 12 12 
ccampb20 12 37 12 36 36 36 36 12 36 36 12 12 37 12 37 12 37 12 37 12 36 36 36 36 12 9 36 12 25 32 17 36 36 12 37 12 37 12 12 9 0 36 36 36 36 12 36 36 36 36 36 12 12 36 36 9 12 8 36 36 36 36 0 37 12 37 12 37 12 36 36 12 37 12 37 12 36 36 36 12 36 36 36 36 36 12 37 12 
pbrown10 12 37 12 9 36 12 12 37 12 12 36 36 36 36 12 37 12 37 12 37 12 12 12 37 12 12 12 37 12 37 12 12 
rdiejoma 12 37 12 9 37 12 37 12 12 37 12 37 12 11 36 36 15 36 12 12 36 36 12 36 36 36 12 36 36 36 12 9 37 12 12 37 12 37 12 36 36 36 12 32 17 
kkalisik 12 12 12 9 37 12 37 12 12 12 9 37 12 12 12 9 
drogers1 12 9 37 12 37 12 37 12 12 12 12 12 37 12 36 36 36 18 11 7 36 36 12 9 37 12 37 12 12 12 12 12 12 37 12 12 25 17 32 37 12 
cdelpila 12 9 36 36 36 36 12 25 12 15 36 36 36 12 9 12 12 37 12 37 12 37 12 37 12 12 12 37 12 37 12 
cbolivar 12 37 12 37 12 12 37 12 36 12 37 12 12 9 20 37 12 12 37 12 37 12 12 
muhlenbr 12 32 17 37 12 25 36 36 36 12 36 36 12 12 36 36 12 12 12 37 12 
msmith75 12 36 36 36 36 36 12 9 37 12 36 12 12 37 12 37 12 37 12 37 12 25 36 36 36 36 36 12 32 17 36 36 12 36 36 36 36 36 12 37 12 37 12 37 12 37 12 
pmcguir2 12 37 12 36 12 12 36 36 36 36 36 36 12 12 36 36 36 36 12 37 12 37 12 37 12 37 12 12 36 36 36 12 12 36 36 12 12 9 37 12 13 37 12 20 9 37 12 
jstaten 12 12 9 37 12 9 12 12 8 37 12 37 12 17 12 25 32 17 37 12 36 36 36 12 37 12 12 
mgirod 12 37 12 37 12 37 12 37 12 12 0 19 7 13 37 12 12 12 37 12 12 37 12 12 36 12 32 17 36 12 37 12 
mdonnel6 12 37 12 37 12 9 37 12 37 12 37 12 37 12 36 36 36 36 36 12 
zgartenh 12 36 36 36 36 36 12 37 12 37 12 9 12 36 36 36 36 36 36 12 36 36 36 36 36 12 37 12 37 12 12 36 18 37 12 12 32 17 25 37 12 
mfitzg14 12 36 12 37 12 12 9 37 12 12 
alabella 12 37 12 36 36 36 36 36 12 8 36 36 36 36 36 12 12 36 36 36 36 36 12 9 37 12 12 19 36 36 36 36 12 12 36 36 36 12 37 12 37 12 37 12 12 37 12 
mcomunie 12 12 9 37 12 37 12 37 12 12 32 9 12 36 36 36 12 37 12 12 12 12 32 17 
bferrer1 12 37 12 37 12 37 12 12 12 9 36 36 12 12 37 12 37 12 37 12 37 12 37 12 37 12 
pcataldi 12 37 12 12 37 12 37 12 9 32 17 25 37 12 9 36 36 36 12 0 13 36 36 36 36 36 36 15 37 12 36 36 36 36 36 12 37 12 37 12 
aohri 12 37 12 37 12 37 12 9 12 18 36 36 36 36 36 12 18 19 29 0 36 36 36 12 37 12 37 12 12 22 34 28 37 12 37 12 
pklekamp 12 37 12 37 12 37 12 37 12 36 36 36 36 12 12 25 12 8 32 17 37 12 
amccar10 12 37 12 37 12 37 12 37 12 
nwamble 12 37 12 12 37 12 37 12 19 9 12 37 12 36 36 36 12 37 12 37 12 37 12 37 12 12 17 32 
wwu5 12 12 37 12 37 12 
wsuter2 12 37 12 37 12 12 9 36 36 36 12 37 12 37 12 12 32 17 36 36 12 37 12 
thowe1 12 37 12 36 36 36 12 36 36 12 12 17 32 37 12 37 12 37 12 12 32 17 36 12 37 12 8 37 12 
madeniyi 12 32 17 25 37 12 12 12 12 12 37 12 12 36 12 34 25 22 28 37 12 12 37 12 36 36 12 36 12 31 12 37 12 
mmian 12 36 12 12 1 12 37 12 25 17 32 12 37 12 
jsoares 12 12 37 12 36 36 12 37 12 12 37 12 36 36 36 36 36 36 12 37 12 12 12 12 36 36 36 36 12 12 37 12 12 12 37 12 12 
jhouge 12 37 12 37 12 37 12 37 12 32 36 36 36 12 17 12 37 12 37 12 36 36 12 9 37 12 37 12 
slemaign 12 37 12 37 12 37 12 1 36 12 11 9 29 0 36 36 36 36 36 36 12 12 12 36 36 36 36 12 36 12 12 37 12 37 12 37 12 37 12 37 12 32 17 
ldamoose 12 37 12 36 36 36 36 36 36 12 32 37 12 17 25 37 12 37 12 37 12 36 36 36 36 36 12 
sburnbau 12 37 12 36 12 36 12 12 37 12 37 12 12 17 12 32 12 12 37 12 36 36 36 36 12 
nwarren 12 37 12 37 12 37 12 37 12 37 12 12 25 17 32 37 12 37 12 37 12 
bconnol3 12 12 37 12 37 12 9 37 12 37 12 12 37 12 9 36 36 36 12 37 12 37 12 37 12 32 17 36 25 37 12 
rheitkam 12 36 36 12 12 36 36 36 11 18 37 12 12 9 37 12 9 37 12 6 37 12 37 12 37 12 9 36 12 20 12 37 12 12 17 9 12 36 12 12 36 36 36 12 36 36 12 37 12 12 32 36 17 25 12 
jmullike 12 37 12 12 37 12 37 12 12 25 17 32 37 12 37 12 
chickey3 12 12 37 12 36 36 36 36 36 12 37 12 37 12 37 12 37 12 37 12 37 12 37 12 37 12 37 12 37 12 36 36 36 36 36 36 12 
athoma24 12 37 12 37 12 12 37 12 37 12 
rgensler 12 37 12 37 12 37 12 37 12 37 12 12 37 12 36 36 36 12 25 17 32 36 36 12 37 12 36 36 36 12 36 36 36 36 12 37 12 
kthornt4 12 37 12 0 37 12 9 37 12 12 12 32 25 17 37 12 
pvlandis 12 29 37 12 37 12 9 37 12 32 17 
mmizraji 12 37 12 9 37 12 36 12 25 32 17 
zpavlin 12 37 12 9 12 18 11 36 12 36 36 12 12 37 12 37 12 37 12 12 36 36 36 36 12 12 37 12 
ydeng3 12 37 12 37 12 18 25 37 12 37 12 
kfox8 12 37 12 37 12 37 12 12 37 12 32 17 37 12 12 32 17 37 12 
lsulli11 12 37 12 0 37 18 37 12 36 36 36 12 36 36 36 36 36 12 12 20 36 12 37 12 12 37 12 9 37 12 37 12 37 12 32 17 12 12 
jgorman6 12 12 37 12 9 36 36 36 36 36 12 12 11 18 13 36 12 12 0 20 37 12 18 11 19 12 37 12 37 12 12 36 36 36 36 36 36 12 32 17 37 12 37 12 
enunez 12 12 9 37 12 0 6 36 36 12 
mtardy 12 37 12 12 37 12 12 9 12 36 36 36 36 36 12 37 12 36 36 36 36 12 36 36 36 36 12 
jdirksen 12 9 37 12 36 36 36 12 36 36 12 15 37 18 36 15 0 11 1 37 12 37 12 6 36 36 19 36 36 36 36 36 12 12 25 36 12 37 12 
whornby 12 9 11 18 36 36 36 12 37 12 9 36 36 12 12 37 12 9 37 12 12 18 11 37 12 17 32 36 36 12 12 37 12 37 12 
jwade5 12 37 12 12 37 12 37 12 37 12 36 36 36 36 36 12 37 12 
mblatt1 12 32 37 17 36 36 12 37 12 12 12 36 12 36 12 11 12 37 12 37 12 12 37 12 
jowusuko 12 37 12 37 12 12 9 37 12 12 36 36 36 36 36 12 12 37 12 12 37 12 12 12 
jcorpora 12 12 25 37 12 12 28 22 34 37 12 37 12 22 28 37 12 36 12 34 37 12 37 12 37 12 37 12 
mmang 12 37 12 37 12 9 36 36 36 36 12 0 36 15 36 36 12 
aakatu 12 12 37 12 12 37 12 9 12 37 12 
waberger 12 37 12 37 12 12 9 37 18 36 36 36 36 36 36 12 12 12 37 12 36 36 36 12 12 13 15 37 12 36 36 12 25 17 32 37 12 36 25 36 17 32 12 
llombar2 12 9 37 12 12 37 12 32 37 12 12 9 37 12 9 36 36 36 12 37 12 37 12 12 12 25 32 17 37 12 
gkaiser 12 12 25 37 12 12 12 22 28 34 36 12 12 9 12 12 37 12 37 12 37 12 37 12 37 12 37 12 12 
koconn27 12 9 37 12 36 36 36 12 12 12 36 12 12 17 32 37 12 37 12 12 34 22 28 
aweishan 12 37 12 12 9 37 12 12 9 37 12 8 37 12 18 37 12 36 36 12 15 37 19 37 12 37 12 
mcaskey 12 25 17 32 37 12 37 12 25 32 17 37 12 
jguarino 12 12 37 12 18 15 12 12 8 37 12 12 37 12 12 9 12 12 37 12 37 12 
cseymou2 12 37 12 18 6 12 37 12 37 12 36 36 36 36 36 36 12 12 36 36 36 36 36 12 37 12 37 12 25 32 17 
dplagenz 12 0 37 12 12 9 37 12 0 12 37 12 36 36 36 36 12 32 17 25 12 37 12 37 12 
csasso 12 22 28 34 25 36 36 36 36 22 37 12 12 37 12 9 12 12 12 37 12 15 36 36 36 12 19 37 12 12 12 12 12 37 12 37 12 
amccar11 12 37 12 36 36 36 36 12 37 12 37 12 12 32 17 25 12 37 12 37 12 
yshi6 12 37 12 9 20 19 0 6 36 12 21 37 12 9 37 31 9 36 36 36 12 37 12 36 36 36 12 36 36 36 36 36 36 12 37 12 37 12 37 12 
tpillai 12 37 12 36 36 36 36 36 36 12 9 37 12 37 12 37 12 
minoue2 12 37 12 12 32 17 25 12 37 12 12 12 37 12 
jwinebre 12 37 12 37 12 9 36 12 25 12 17 32 37 12 12 37 12 37 12 36 36 12 
tanggara 12 36 36 12 25 37 12 12 37 12 12 32 17 25 37 12 12 36 36 36 12 37 12 12 
sgalbens 12 37 12 9 12 0 37 12 36 12 13 12 37 12 12 37 12 12 32 17 25 
jlazzara 12 36 36 36 36 12 12 12 12 9 12 36 12 37 12 12 9 36 12 12 37 12 37 12 
vruesch 12 9 12 12 0 37 12 12 12 37 12 37 12 32 37 12 32 17 12 12 
nniere 12 12 12 37 12 37 12 37 12 37 12 37 12 
ghong 12 12 25 9 37 12 36 18 11 37 12 37 12 12 12 12 15 37 12 
bhogan1 12 37 12 37 12 37 12 37 12 37 12 36 12 37 12 
wdu 12 12 12 9 37 12 12 11 18 13 15 37 12 19 37 12 37 12 37 12 
tmercier 12 9 37 12 9 37 12 11 36 36 36 36 36 12 31 13 0 9 36 36 36 36 13 11 18 0 37 12 37 12 12 9 37 12 18 11 36 15 36 36 12 36 36 12 20 12 11 36 36 36 36 12 18 36 12 19 12 37 12 25 
mball 12 36 36 36 12 9 37 12 8 37 12 37 12 36 36 36 12 37 12 12 37 12 37 12 12 12 12 12 2 26 33 
esunshi1 12 36 36 36 12 37 12 37 12 12 12 37 12 37 12 37 12 12 37 12 25 17 32 37 12 
eevans9 12 37 12 37 12 9 36 36 36 36 12 
bkenney1 12 9 37 12 9 36 36 12 9 36 36 36 36 36 12 12 29 15 18 1 12 12 37 12 37 12 12 37 12 12 32 17 
asimonet 12 12 12 37 12 36 36 36 36 12 12 9 37 12 37 12 37 12 37 12 12 12 12 37 12 
cdieckma 12 37 12 36 36 36 36 12 12 12 12 12 12 15 37 12 19 12 36 36 12 12 12 32 37 12 
mcoggins 12 37 12 36 36 12 37 12 13 0 37 12 29 36 36 36 36 12 37 12 32 17 37 12 
lblitzer 12 12 36 36 36 36 36 36 11 36 36 36 12 37 12 37 12 12 36 12 37 12 37 12 12 12 37 12 37 12 34 28 22 12 
jdelledo 12 37 12 37 12 9 36 36 12 37 12 19 20 13 36 36 36 12 36 36 15 21 12 37 12 12 12 25 32 17 37 12 
mmoore18 12 37 12 36 36 12 37 12 
ymikulja 12 37 12 12 31 12 20 37 12 37 12 37 12 12 37 12 36 36 36 12 12 12 12 
tprice4 12 37 12 9 37 12 37 12 12 18 0 19 36 36 36 36 36 36 12 6 20 36 36 36 36 36 36 12 36 12 36 36 36 36 12 37 12 32 17 12 12 12 12 
eralph 12 37 12 37 12 12 36 36 12 37 12 12 25 36 36 12 12 12 9 12 37 12 12 32 17 12 37 12 37 12 
bhalliga 12 12 12 36 36 36 12 20 12 12 12 37 12 9 12 37 12 37 12 37 12 17 32 36 12 
sroennec 6 37 12 37 12 37 12 32 17 25 37 12 
jmurph32 12 12 37 12 12 32 17 12 22 34 28 
cfrentze 12 37 12 37 12 37 12 9 36 36 36 36 36 36 12 37 12 37 12 37 12 32 17 12 25 
mnewcome 12 12 12 12 9 37 12 22 28 34 25 
jsitarsk 12 9 36 36 36 11 0 7 18 20 29 1 13 21 19 6 12 12 1 12 36 36 12 11 0 37 12 12 12 12 32 17 8 36 36 12 
tpreko 12 9 37 12 36 36 36 36 36 12 37 12 37 12 37 12 12 25 32 17 
mtreacy 12 37 12 37 12 
ccampb21 12 37 12 36 36 36 9 37 12 37 12 36 36 12 37 12 37 12 12 37 12 12 37 12 
rrivera8 12 12 37 12 19 11 13 12 37 12 37 12 12 32 17 36 12 12 25 37 12 37 12 
rblack4 12 21 20 6 37 12 37 12 37 12 32 17 37 12 
jwelsch 12 32 17 36 12 37 12 
jgately1 12 12 37 12 12 9 37 12 9 15 36 36 36 36 6 37 12 12 
gdean 12 37 12 37 12 9 12 6 13 19 15 29 37 12 12 12 9 12 37 12 37 12 37 12 12 12 37 12 37 12 
ewigutow 12 37 12 37 12 12 32 17 37 12 37 12 
dgibbon2 12 37 12 37 12 37 12 12 32 37 12 37 12 
cmorton2 12 37 12 37 12 12 11 18 0 12 12 13 36 12 6 37 12 12 12 37 12 36 12 37 12 12 0 12 12 15 6 12 29 37 12 12 12 36 36 12 37 12 37 12 36 12 32 17 12 
mrooney6 12 37 12 37 12 32 17 12 25 17 12 32 12 12 37 12 12 
mmoran12 12 9 37 12 37 12 12 37 12 37 12 32 37 12 37 12 37 12 17 12 
jwalte10 12 37 12 37 12 15 9 37 12 37 12 37 12 32 17 25 12 
jcarney6 12 36 36 36 12 37 12 0 36 36 12 37 12 37 12 19 12 37 12 18 37 12 
pmeyer3 12 9 12 25 37 12 37 12 25 12 36 36 36 13 12 12 15 0 19 36 1 12 29 
icallaha 12 9 37 12 9 36 18 12 12 37 12 36 36 12 36 36 36 36 12 37 12 36 36 0 18 19 12 37 12 32 17 25 36 36 12 37 12 12 
dtoth1 12 37 12 37 12 37 12 37 12 37 12 37 12 37 12 
kkostola 12 12 9 20 6 37 12 37 12 12 25 32 17 
dlee26 12 25 32 17 
yying 12 9 11 37 12 12 15 0 20 21 12 19 12 12 37 12 12 37 12 
swagy 12 12 37 12 37 12 9 20 12 11 18 0 36 36 36 36 36 36 12 12 25 32 17 37 12 37 12 
rroque1 12 37 12 12 12 12 37 12 36 36 12 37 12 37 12 12 12 32 17 
kdantoni 12 37 12 12 9 37 12 12 9 20 37 12 37 12 32 17 25 12 
wmohler 12 9 37 12 9 37 12 9 36 36 36 36 36 12 37 12 12 12 12 0 36 36 36 36 36 36 12 12 12 36 19 37 12 37 12 32 25 36 36 12 32 36 36 36 36 12 17 25 37 12 
lklein1 12 9 37 12 12 9 37 12 37 12 17 32 12 37 12 37 12 
jbecker9 12 9 37 12 15 37 12 37 12 20 11 13 12 15 12 9 37 12 36 36 36 36 12 32 17 25 12 37 12 
hrague 12 37 12 9 31 12 19 37 12 7 36 36 12 37 12 36 36 12 29 37 12 37 12 12 12 25 32 17 37 12 12 
cott 12 9 37 12 37 12 37 12 12 37 12 9 36 36 12 29 37 12 37 12 
mholzbau 12 37 12 37 12 
mhawkin3 12 12 20 37 12 37 12 37 12 9 36 36 36 36 36 32 17 25 36 36 36 36 36 36 12 9 18 0 28 22 20 12 37 12 37 12 
lharmon 12 37 12 12 12 37 12 12 20 12 36 9 37 12 0 19 20 29 37 12 12 25 17 12 32 
elazzaro 12 37 12 37 12 37 12 37 12 37 12 37 12 37 12 32 17 25 37 12 
tburley 12 9 37 12 37 12 9 37 12 37 12 37 12 12 9 18 37 12 
jgomez5 12 37 12 9 37 12 12 12 12 37 12 32 20 29 1 36 36 36 36 12 19 36 36 36 12 
jfries3 12 12 12 12 32 17 36 12 34 36 36 36 36 12 9 37 12 37 12 20 32 36 36 12 9 18 0 15 6 37 12 12 37 12 12 12 37 12 37 12 
bniemoel 12 37 12 37 12 9 37 12 37 12 37 12 37 11 12 13 36 20 0 12 36 12 15 37 12 6 36 36 36 36 36 36 19 37 12 12 37 12 37 12 37 12 32 17 
mcontrer 12 12 6 37 12 37 12 12 37 12 37 12 37 12 
kriordan 12 37 12 37 12 37 12 37 12 12 37 12 32 17 37 12 37 12 37 12 
jmurph33 12 9 12 18 6 37 12 36 36 36 36 36 12 9 37 12 12 37 12 9 0 18 13 12 6 15 12 12 37 12 25 32 12 17 
dcorr1 12 37 12 9 37 12 12 37 12 12 12 37 12 
cemenalo 12 12 9 37 12 18 11 37 12 12 9 36 36 36 0 37 12 12 12 12 12 37 12 9 15 21 19 37 12 12 37 12 37 12 
yjung2 12 9 0 37 12 12 29 9 36 36 36 12 0 21 15 29 13 36 36 12 25 13 37 12 12 12 0 18 
rpappas 12 0 36 36 36 36 36 36 12 36 36 36 36 12 37 12 37 12 37 12 32 17 
mmerric1 12 19 0 13 36 12 36 36 36 36 36 36 12 37 12 37 12 36 36 36 36 12 12 32 17 
mdosch 12 12 36 36 36 36 36 36 12 0 12 11 13 37 12 37 12 12 36 36 36 19 36 36 12 37 12 32 17 25 12 37 12 37 12 
jbettag 12 37 12 
jbernin1 12 37 12 37 12 9 37 12 36 36 36 36 36 36 12 9 37 12 0 37 12 37 12 12 36 36 32 17 37 12 
hrivers 12 32 17 36 12 37 12 36 36 12 
gbruenin 12 9 37 12 32 17 37 17 37 12 12 12 12 12 12 37 12 11 13 6 36 36 36 36 12 37 12 34 36 36 36 36 36 12 37 12 22 28 34 
ddallava 12 9 36 36 36 25 37 12 12 32 17 36 36 12 12 37 12 
cgamboa 12 12 32 12 17 36 36 0 20 18 9 36 36 36 21 
nquartir 12 32 17 37 12 37 12 37 12 36 36 36 36 36 12 37 12 36 20 37 12 37 12 
lfaubion 12 12 9 12 13 12 12 18 11 37 12 36 36 36 12 8 37 12 12 19 12 36 36 36 36 12 37 12 12 12 19 21 7 11 36 9 12 12 37 12 37 12 
cwilso24 12 36 36 36 36 12 12 9 37 12 37 12 37 12 9 11 20 32 18 0 20 36 36 12 37 12 37 12 37 12 
aursino1 12 9 25 36 36 36 36 36 36 12 9 37 12 12 36 36 18 36 36 25 37 12 36 36 7 18 11 36 36 0 36 36 32 17 37 12 
msummer2 12 32 22 28 36 36 36 18 11 36 36 36 36 36 12 37 6 19 36 36 36 12 37 12 37 12 
kramm 12 37 12 9 37 12 37 12 11 0 37 12 37 12 37 12 37 12 25 36 36 36 36 36 12 17 32 12 
jchapple 12 37 12 37 12 18 0 18 36 36 36 12 37 12 12 12 32 17 12 
jbonds 12 9 12 37 12 37 12 12 29 37 6 37 18 8 36 36 12 0 37 12 12 37 12 6 13 29 15 37 12 37 12 25 
dbirzer 12 37 12 12 37 12 12 13 11 18 29 1 37 12 12 0 9 12 37 12 12 32 17 
cfish 12 12 9 37 12 12 9 37 12 12 12 32 17 25 37 12 37 12 12 
nholmes1 12 25 32 37 12 17 32 37 12 9 12 1 37 12 25 8 19 
ngiovino 12 9 12 12 37 12 12 11 12 37 12 37 12 12 12 36 36 12 37 12 36 36 36 36 36 12 12 25 32 17 
eherber1 12 37 12 12 32 17 37 12 
cgallag3 12 37 12 12 9 37 12 9 37 12 37 12 
wstackma 12 37 12 36 36 36 12 36 36 12 37 12 12 37 12 37 12 
tzheng2 12 9 12 36 36 12 18 12 37 12 36 36 36 12 12 13 12 12 12 31 37 12 12 36 36 36 36 12 37 12 37 12 32 17 36 12 
mgerber 12 9 36 36 36 12 12 12 36 36 36 36 12 25 37 12 32 17 
jcolli23 12 37 12 37 12 9 37 12 37 12 36 36 36 36 12 37 12 25 36 36 17 36 36 32 37 12 37 12 12 25 
awalton3 12 9 12 12 9 37 12 9 37 12 7 
vwhitmor 12 9 37 12 9 12 37 12 9 36 36 36 36 36 12 37 12 32 17 25 12 37 12 12 32 17 37 12 
rpellica 12 12 37 12 37 12 18 36 36 36 12 36 12 37 12 12 37 12 12 9 36 36 36 36 36 36 19 13 36 12 12 9 37 12 37 12 37 12 
rmyers9 12 37 12 9 36 36 36 36 36 12 12 12 18 0 36 36 36 12 37 12 12 12 12 36 12 36 36 12 12 
mdillon7 12 32 17 37 12 9 36 18 11 12 25 37 12 31 36 12 12 0 1 37 12 
jdoerer 12 12 9 37 12 37 12 37 12 
gbiltz 12 37 12 
areaves 12 9 37 12 12 12 36 36 36 36 12 9 37 12 9 37 12 12 37 12 12 
aheck1 12 12 37 12 32 36 17 12 36 36 36 36 12 37 12 9 37 18 7 36 36 36 36 12 19 15 36 36 12 37 12 37 12 37 12 
ucooper 12 9 37 12 37 12 25 9 36 36 12 37 12 12 37 12 
tguinan 12 37 12 12 9 12 37 12 12 
rschill1 12 37 12 37 12 36 36 12 37 12 37 12 37 12 
mschlic1 12 12 9 37 12 9 36 36 36 36 36 12 9 37 0 36 36 12 19 37 12 
mperry6 12 37 12 37 12 
jfenton1 12 36 12 12 37 12 36 12 18 37 12 36 12 
csauder 12 0 15 21 20 37 12 12 37 12 12 12 37 12 9 
alowney 12 13 12 12 13 15 0 11 18 37 12 37 12 15 37 12 9 36 12 9 12 36 36 12 12 17 32 37 12 
zkagalw1 12 37 12 9 
swilkin4 12 9 37 12 18 0 20 37 12 36 12 12 37 12 37 12 37 12 25 32 17 
imarx 12 9 37 12 12 9 37 12 18 11 0 21 37 12 1 15 29 6 21 37 12 37 12 
cschmid7 12 12 13 37 12 37 12 12 36 36 36 36 9 0 37 12 32 17 12 
awang4 12 37 12 12 37 12 37 12 36 36 36 36 12 7 18 0 37 12 37 12 9 20 12 36 12 0 36 36 36 36 36 36 1 19 37 12 32 17 25 
abenavi3 12 37 12 12 36 36 12 37 12 37 12 37 12 20 36 36 36 12 37 12 37 12 
sweyhmil 12 37 9 36 12 37 12 18 37 12 37 12 36 36 36 12 9 2 36 36 13 20 15 29 36 36 12 12 12 12 15 37 12 
sgenz 12 9 37 12 36 0 36 36 12 12 9 12 25 12 37 12 12 32 17 25 
mwu4 12 13 37 12 12 37 12 12 12 32 17 
jleporte 12 32 17 37 12 9 37 12 36 36 36 36 12 36 12 12 17 12 32 
scrotty1 12 12 37 12 37 12 9 37 12 36 36 12 36 36 12 
pfarring 12 12 25 12 12 36 36 36 12 15 0 36 36 36 36 36 12 36 36 36 36 36 36 12 12 37 12 9 36 36 36 12 12 12 37 12 12 9 
pdesousa 12 37 12 9 12 0 36 36 12 12 12 6 
mkuehl 12 17 32 25 12 37 12 34 37 12 22 28 
lfitter 12 37 12 37 12 37 12 17 32 37 12 
kenriett 12 12 37 12 37 12 36 12 12 18 11 0 19 36 36 36 12 37 12 37 12 37 12 12 
jruan 12 37 12 11 18 36 12 12 15 19 36 36 36 12 15 37 12 25 32 17 36 36 12 37 12 22 25 34 28 
hzahour 12 37 12 36 36 9 37 12 37 12 9 36 36 36 12 
emostyn 12 9 37 12 37 12 36 36 8 37 12 12 37 12 12 32 17 25 
edohert1 12 37 12 37 12 9 37 12 12 37 12 25 32 17 36 12 12 12 
athigpen 12 36 36 36 36 36 12 9 36 36 32 17 25 
amellert 12 37 12 37 12 36 12 12 31 37 12 36 36 36 12 9 7 18 18 11 20 6 0 36 36 36 36 12 37 12 12 36 36 36 36 12 
aandrade 12 36 36 12 36 18 7 11 13 6 15 21 29 1 19 20 37 12 
tdann 12 37 12 9 37 12 36 36 12 9 37 12 37 12 37 12 37 12 17 32 
sielusic 12 9 37 12 32 17 37 12 
mlicursi 12 12 37 12 37 12 9 13 15 19 37 12 37 12 12 37 12 9 37 12 
mdrake2 12 12 36 36 12 37 12 9 37 12 37 12 12 37 12 37 12 
lhe3 12 9 36 18 37 12 18 20 36 12 12 12 37 12 12 25 32 37 12 
inegroro 12 37 12 37 12 37 12 37 12 36 36 36 36 12 12 25 32 12 12 
obarnard 12 37 12 12 
nbenz 12 37 12 9 37 12 12 36 36 36 36 36 36 12 12 37 12 12 0 37 12 31 25 20 13 12 19 37 12 
lhuang3 12 37 12 9 37 12 36 36 36 12 13 21 36 36 36 36 29 19 0 6 37 12 32 17 25 12 37 12 
jwessele 12 37 12 12 32 37 12 37 12 32 17 25 
jmastron 12 32 17 36 12 25 37 12 9 18 37 12 12 
dmarino 12 25 12 29 1 36 12 15 21 0 37 12 37 12 37 12 12 9 12 12 25 12 12 12 12 37 12 36 36 36 12 36 36 36 36 36 36 12 36 36 12 12 12 32 17 37 12 37 12 37 12 
cpickfor 12 37 12 37 12 36 36 0 37 12 36 12 36 36 36 13 12 36 36 36 12 1 18 15 21 20 37 9 37 12 
bmoasser 12 32 37 12 32 12 37 12 
apurcel1 12 37 12 37 12 37 12 37 12 12 32 
obaitlot 12 37 12 12 37 12 37 12 12 12 12 20 36 12 12 12 32 17 37 12 37 12 37 12 
kmollenk 12 37 12 37 12 12 32 17 
bmoreno1 12 37 12 37 12 12 37 12 12 36 12 18 11 37 12 
smanriqu 12 36 36 0 37 12 12 25 37 12 9 37 12 32 17 25 37 12 37 12 
mmillado 12 37 12 9 37 0 15 36 36 12 12 37 12 37 12 32 17 12 12 
mferrel2 12 12 36 36 36 36 12 36 12 36 36 36 36 11 18 7 12 37 12 15 12 12 
jmcconn1 12 37 12 37 12 12 37 12 37 12 37 12 37 12 12 36 36 36 12 32 17 
ecahill 12 37 12 32 37 12 36 36 36 12 37 12 37 12 25 34 
dshaw4 19 37 12 37 12 37 12 
alucche1 12 19 37 12 37 12 37 12 36 36 36 36 36 12 32 25 12 17 36 36 36 12 
odonnel1 12 37 12 37 12 9 37 12 12 12 12 12 36 36 36 12 0 37 12 37 12 36 36 12 12 32 17 
mpirko 12 18 0 11 18 13 12 36 36 12 21 12 37 12 37 12 12 37 12 12 25 17 32 
mlyden1 12 37 12 36 36 12 37 12 37 12 36 36 36 36 12 25 32 17 12 37 12 37 12 12 
mdekold 12 9 37 12 37 12 37 12 37 12 18 11 13 36 36 12 36 15 12 36 36 36 12 37 12 32 17 25 
esalina1 12 9 11 18 37 12 36 36 36 36 36 36 12 37 12 
adiederi 12 9 37 12 12 19 18 37 12 37 12 37 12 36 36 12 9 37 12 12 12 37 12 32 17 25 36 36 36 36 36 12 
sholtz1 12 12 9 36 36 36 36 12 8 37 12 9 37 12 32 36 25 36 12 17 36 36 36 12 
sdann 12 12 17 37 12 12 12 32 17 25 
pkolek 12 37 12 36 12 17 32 25 36 36 36 36 12 12 37 12 36 36 36 36 36 12 9 37 12 13 37 12 36 36 12 12 
nhaymond 12 37 12 31 12 37 12 31 12 12 9 37 12 36 36 12 36 36 36 12 
kmuha 12 12 37 12 25 32 17 37 12 17 12 
kfeehan 12 9 12 37 12 12 37 12 9 37 12 9 37 12 36 36 36 36 36 12 9 36 36 36 36 12 20 37 12 12 32 36 36 17 12 12 37 12 36 12 
kalme 12 37 12 12 25 34 37 12 
ivaldess 12 12 9 37 12 12 9 37 12 25 32 17 12 
esmith30 12 37 12 12 12 32 17 36 36 36 36 36 36 12 32 37 12 12 
ctoudouz 12 32 12 32 17 36 36 12 17 12 25 12 36 36 36 12 37 12 37 12 12 37 12 37 12 36 36 36 12 
sreddy4 12 37 12 37 12 37 12 20 12 9 37 12 37 12 32 17 25 12 
rboylan 12 37 12 36 36 36 12 9 37 12 12 12 12 0 37 12 12 12 29 36 36 36 36 36 36 12 12 0 37 12 12 36 36 36 12 37 12 
ncheng 12 9 12 11 18 12 37 12 11 25 18 37 12 12 13 9 36 36 12 37 12 25 17 32 
mgelchio 12 37 12 37 12 32 37 12 37 32 37 12 17 36 36 36 36 36 36 12 37 12 37 12 
jzelinsk 12 37 12 37 12 12 25 32 17 37 12 37 12 
jcuji 12 12 37 12 37 12 12 12 17 32 
gworthin 12 37 12 9 12 37 12 36 36 12 37 12 12 8 37 12 25 17 32 
dfabrega 12 12 36 36 36 36 12 9 37 12 9 37 12 37 12 25 12 32 37 12 
angov 12 37 12 37 12 9 11 18 0 20 36 6 37 12 15 36 12 37 12 37 12 36 36 36 36 12 37 12 
adunniga 12 37 12 12 18 11 36 36 36 12 9 
skolda 12 37 12 32 17 25 12 36 36 12 
scrippes 12 12 37 12 9 12 25 37 12 12 36 36 36 36 12 12 36 36 36 12 12 19 37 12 37 12 
mschutze 12 37 12 12 17 32 25 12 9 37 12 9 12 25 12 32 17 12 37 12 37 12 18 11 13 37 12 36 36 12 34 
mpavloff 12 12 9 37 12 12 36 36 36 36 36 20 37 12 32 17 12 25 
losecco 12 12 36 36 12 37 12 37 12 12 12 36 36 12 32 36 36 36 36 36 36 17 12 12 
lnixon1 12 37 12 9 11 18 7 36 36 36 36 36 12 19 6 12 12 12 
kmurray7 12 37 12 37 12 12 37 12 
jshard 12 37 12 9 36 36 12 11 0 18 36 36 12 12 12 36 36 12 36 36 36 12 12 36 36 36 20 36 36 12 12 37 12 25 32 17 36 36 12 
hthomps4 12 12 37 12 9 37 12 37 12 12 32 17 
ewood1 12 32 17 37 12 
estrouse 12 37 12 36 36 36 36 12 21 0 12 12 37 12 36 36 36 12 32 17 25 
sekanay1 12 36 36 36 12 11 36 36 36 12 9 37 12 36 12 9 37 12 12 9 37 12 36 36 36 36 36 12 25 36 32 17 
odegnim 12 37 12 37 12 37 12 37 12 1 37 12 37 12 37 12 12 
kcox5 12 9 37 12 9 37 12 20 37 12 12 37 12 
kborotho 12 37 12 9 37 12 12 37 12 37 12 37 12 
jbertram 12 37 12 25 
hbyrne 12 9 18 15 36 12 37 12 37 12 25 32 17 
ggulyas 12 12 12 37 12 
ekeuler 12 37 12 
egeyer1 12 9 37 12 9 37 12 11 18 36 36 1 0 15 20 36 36 12 12 
dlong2 12 37 12 37 12 9 36 36 36 36 36 12 12 25 12 12 12 32 17 37 12 
bpierpoi 12 37 12 37 12 37 12 37 12 12 12 12 9 36 36 36 12 37 12 37 12 37 12 37 12 37 12 
apavelka 12 12 37 12 37 12 12 32 17 25 37 12 
rbartle1 12 37 12 37 12 37 12 36 12 9 37 12 
nyusko1 12 37 12 9 36 36 36 36 36 12 37 12 12 12 19 12 0 37 12 37 12 37 12 
motten1 12 12 9 15 12 36 36 36 36 12 19 6 12 37 12 
molsen3 12 9 37 12 37 12 37 12 37 12 36 36 36 36 12 37 12 17 32 36 36 36 12 
mdambros 12 32 17 12 20 12 37 12 12 37 12 37 12 
jeversol 12 9 12 12 12 37 12 37 12 12 37 12 12 25 17 32 
etorrent 12 32 17 36 12 37 12 12 
ereynol5 12 0 36 36 36 36 36 0 12 13 37 15 19 37 9 37 12 32 17 25 12 
epark5 12 37 12 25 36 36 12 22 28 34 36 36 2 26 33 3 24 27 37 12 
dpatel2 12 36 36 12 9 37 12 9 36 12 36 36 36 20 21 15 19 0 11 37 6 37 12 37 12 25 32 17 37 12 
cmoreno5 12 37 12 9 37 12 9 37 12 12 0 12 37 12 20 37 12 37 12 12 36 12 0 12 12 
bgawel 12 8 12 9 37 12 9 37 12 37 12 36 12 9 37 12 32 17 36 36 36 12 
bconlon 12 37 12 37 12 12 12 9 12 13 12 12 21 37 12 32 12 17 37 12 37 12 37 12 
apanousi 12 12 25 12 12 37 12 12 12 17 32 37 12 37 12 
tdasso 12 9 12 8 37 12 12 12 12 36 12 19 0 15 37 12 11 36 7 12 20 18 12 37 12 37 12 37 12 12 25 12 32 17 
smcmull1 12 32 17 37 12 12 9 37 12 36 36 36 36 36 12 
rwittmer 12 12 37 12 37 12 37 12 37 12 12 12 32 33 37 12 12 
rvazza 12 37 12 37 12 12 37 12 12 11 36 36 18 20 6 36 36 19 37 12 37 12 12 12 32 17 
nhong 12 37 12 37 12 37 12 12 37 12 34 32 17 12 
mrohling 12 37 12 37 12 
edebassi 12 32 37 12 9 37 12 12 12 12 9 37 12 12 25 12 36 36 36 12 37 12 37 12 37 12 
dsmith53 12 37 12 9 37 12 12 36 36 36 36 36 12 37 12 37 12 
cdowicz 12 37 12 12 9 36 12 9 12 37 12 
bnakfoor 12 9 37 12 13 29 0 36 36 36 36 6 37 12 9 
ahughes8 12 12 9 37 12 18 12 0 37 12 13 36 12 9 12 37 12 12 12 12 12 37 12 19 29 37 12 12 32 17 36 36 12 37 12 36 12 37 12 
tperey 12 25 36 36 36 36 36 12 32 17 37 12 37 12 
pbetz 12 37 12 37 12 
mmccor15 12 37 12 37 12 25 17 32 
mgray10 12 9 12 0 36 36 12 21 37 12 36 36 20 36 25 1 29 37 12 37 12 
mfraizer 12 12 0 37 12 37 12 37 12 12 19 37 12 0 12 9 37 12 12 17 32 37 12 36 36 36 12 36 36 36 36 36 36 12 
lherna11 12 37 12 37 12 36 36 36 12 12 20 36 15 36 36 12 15 36 36 36 36 12 12 19 13 0 36 29 37 12 32 17 
jmolumph 12 12 36 36 11 37 12 36 36 36 36 15 36 36 12 37 12 37 12 36 12 25 2 26 33 37 12 17 32 
hzweberl 12 12 9 37 12 6 29 12 21 12 12 0 20 36 9 37 12 25 17 32 
dserafin 12 9 37 12 37 12 12 37 12 9 20 0 12 7 37 12 17 25 32 
bpowell4 12 37 12 37 12 9 37 12 37 12 12 25 17 32 12 12 12 
mdownin1 12 9 36 36 12 19 37 12 9 36 29 19 37 12 37 12 12 
lduggan 12 37 12 37 12 12 9 0 11 21 36 36 19 29 36 36 36 12 12 37 12 
kmclaug3 12 12 29 36 36 15 37 12 17 12 32 37 12 37 12 
kbulleit 12 37 12 12 37 12 36 36 36 12 12 9 19 29 12 12 37 12 37 12 12 37 12 
jplas 12 37 12 12 12 
jbrown36 12 9 36 36 36 12 9 37 12 9 36 36 18 11 37 12 9 36 36 36 36 31 12 11 37 12 12 12 32 37 12 12 17 32 
dkim30 12 37 12 37 12 37 12 12 9 12 12 7 36 15 37 12 12 32 17 
cpantin 12 12 9 36 12 37 12 12 37 12 9 12 
cmyers11 12 32 17 36 12 37 12 37 12 
amora2 12 22 28 12 25 12 34 36 36 36 36 36 28 37 12 37 12 9 37 12 37 12 37 12 37 12 
adrisco2 12 37 12 12 12 25 34 22 28 37 12 12 12 
xtsai 12 9 37 12 12 37 12 9 37 12 36 36 36 36 36 36 12 
wbaer 12 9 12 37 12 
nisakson 12 31 37 12 37 12 9 12 37 12 25 17 32 37 12 18 11 36 36 15 1 36 12 37 12 
lmcfadde 12 12 37 12 25 
ibushue 12 9 37 12 9 36 36 12 12 37 12 12 36 36 12 0 12 12 20 36 36 12 25 12 20 36 36 12 
hadams3 12 12 31 9 37 12 11 15 19 37 12 12 36 36 12 6 18 11 37 12 
enichol4 12 37 12 9 37 12 18 36 36 12 37 12 36 36 12 12 9 12 32 17 25 12 
aheinzma 12 9 37 12 36 18 37 12 36 36 36 36 12 37 12 25 
ahall2 12 12 37 12 12 12 12 
adecker1 12 37 12 9 37 12 37 12 12 11 18 12 0 37 12 12 37 12 25 32 17 
aameen 12 25 37 12 36 36 36 12 19 21 6 36 36 36 36 36 36 32 13 36 36 36 12 32 17 36 12 17 36 12 9 
zwall 12 37 12 37 12 37 12 37 12 12 12 32 17 12 36 12 37 12 
smonaha1 12 9 37 12 37 12 37 12 12 34 24 8 37 12 12 
sdeschne 12 9 12 1 29 18 36 36 36 36 36 12 12 15 19 37 12 12 
mowen 12 12 37 12 25 36 36 32 17 36 36 12 12 12 
lwatts1 12 9 12 12 37 12 25 32 17 
krochefo 12 37 12 37 12 9 36 36 12 13 36 12 15 20 0 1 12 37 12 37 12 12 12 32 
jholguin 12 37 12 12 12 9 37 12 12 32 17 12 37 12 36 36 36 36 12 17 37 12 
gniforat 12 9 36 36 0 19 37 12 0 19 36 36 20 36 36 12 
evandier 12 37 12 12 36 36 36 25 32 17 
eclapp 12 37 12 12 32 17 36 12 
awaldsch 12 37 12 
adevito1 12 9 37 12 36 36 36 36 12 37 12 37 12 37 12 12 37 12 32 17 12 12 
oivan 12 9 37 12 37 12 12 37 12 36 36 36 36 12 37 12 37 12 12 36 36 12 11 37 12 37 12 12 25 17 32 
mmarti45 12 37 12 12 37 12 9 12 12 9 37 12 25 32 17 12 12 37 12 
ldorenko 12 37 12 18 37 12 12 9 36 36 36 36 36 32 0 36 36 12 
ktracey 12 9 37 12 12 12 9 37 12 29 6 12 19 37 12 12 12 9 12 37 12 36 36 32 17 37 12 
krothmey 12 9 9 11 36 25 36 36 12 13 0 6 29 37 12 32 17 12 12 37 12 12 
kbiladea 12 37 12 32 17 12 22 28 34 25 12 37 12 37 12 12 37 12 
jweas 12 37 12 9 37 12 25 37 12 37 12 32 17 12 25 
jgoldsch 12 12 37 12 36 36 12 13 37 12 12 32 17 25 
jdraves 12 37 12 36 0 37 12 36 9 36 36 12 37 12 
gotte1 12 
etruesda 12 9 37 12 15 0 21 25 12 29 1 36 36 12 32 17 12 11 13 37 12 18 36 36 36 12 37 12 12 
emeara 12 36 12 32 36 17 37 12 34 37 12 
cnilsen 12 36 36 36 36 36 36 12 36 36 36 12 37 12 36 36 36 12 0 1 37 12 25 17 32 
azammit 12 37 12 
arabbitt 12 9 37 12 36 18 11 13 0 36 36 36 12 36 36 12 12 37 12 12 12 12 0 36 36 36 12 12 37 12 19 12 36 36 36 36 12 12 
wcheong 12 9 36 36 36 36 12 12 37 12 12 15 31 12 12 19 25 36 12 13 37 12 36 36 36 36 36 36 12 37 12 
kmoran11 12 25 37 12 
kgalla20 12 9 36 12 12 36 36 36 12 9 36 12 12 37 12 
kfranz1 12 0 12 15 37 12 15 36 36 12 9 36 12 37 12 32 25 17 
jsutton3 12 36 36 12 37 12 9 37 12 36 36 36 36 36 12 37 12 37 12 37 12 37 12 
jhegart2 12 37 12 12 37 12 37 12 36 36 12 12 9 37 12 36 36 36 36 36 12 12 32 17 12 
japplew1 12 18 12 12 12 0 37 12 32 17 12 37 12 19 36 36 12 37 12 37 12 12 37 12 12 12 12 12 
imurrer 12 37 12 36 36 36 12 37 12 12 32 17 
fschemel 12 9 36 36 36 11 
fprimozi 12 9 12 1 18 0 36 36 36 15 36 36 12 37 12 12 37 12 37 12 37 12 37 12 
elinares 12 37 12 12 12 12 15 12 37 12 12 12 37 12 
cmulshin 12 9 37 12 37 12 37 12 37 12 37 12 25 32 17 
abohling 12 37 12 37 12 12 37 12 
mscanish 12 37 12 12 9 37 12 
mkirven 12 12 9 37 12 9 37 12 37 12 12 12 36 36 36 12 9 37 12 
lkim3 12 37 12 9 36 36 36 21 19 12 12 36 36 12 12 32 36 36 12 12 
lgrabows 12 37 12 37 12 36 12 
lcaffar1 12 37 12 37 12 12 37 12 9 36 36 36 36 12 37 12 25 22 28 34 
kliang2 12 37 12 12 37 12 37 12 36 36 12 9 37 12 12 37 12 32 
jnowak4 12 36 36 36 18 13 11 37 12 32 17 37 12 37 12 11 36 36 36 36 36 15 12 19 6 37 12 
hcheng1 12 37 12 37 12 9 36 13 11 12 37 12 37 12 18 7 37 12 19 6 37 1 37 15 37 12 12 32 17 
bmerrick 12 36 36 36 36 36 12 9 12 37 12 37 12 9 36 36 36 36 12 12 12 12 37 12 
bgagnon 12 37 12 36 36 12 37 12 12 37 12 37 12 32 17 12 
rrocco 12 
rpuno 12 37 12 15 12 25 36 12 12 18 37 12 37 12 36 36 36 36 36 36 25 32 17 
lyan4 12 9 37 12 9 12 36 36 21 15 6 36 36 12 12 12 12 32 17 25 12 
kpresteg 12 12 9 36 36 18 37 12 37 12 12 17 32 37 12 
jbaines 12 37 12 9 12 37 12 37 12 12 25 17 32 
blemay 12 9 37 12 32 36 36 17 25 12 12 9 1 11 7 18 13 29 12 36 12 
aromano2 12 37 12 12 37 12 37 12 32 17 25 32 
alongsta 12 9 37 12 11 13 18 36 36 12 37 12 29 15 19 20 36 36 36 20 36 12 36 36 13 37 12 9 12 37 12 12 12 32 17 
spalumb1 12 32 17 25 37 25 37 12 37 12 
pcamara 12 12 37 12 37 12 32 17 12 37 12 12 34 
nvincent 12 37 12 37 12 12 9 37 12 20 36 36 12 12 37 12 9 12 37 12 
lgelin 12 37 12 32 17 36 12 19 29 0 
ldomenel 12 9 18 11 12 1 12 37 12 12 0 12 12 15 
lcho 12 9 37 12 9 37 12 32 17 12 25 37 12 9 12 37 12 12 29 0 36 36 36 36 12 36 36 36 36 12 12 9 12 29 0 37 12 
jpaul2 12 
ischmitz 12 12 36 36 12 20 37 12 37 12 
eeagle 12 37 12 12 36 36 36 36 36 36 12 19 12 12 12 37 12 37 12 32 17 37 12 22 28 12 34 12 
dallen13 12 12 9 37 12 37 12 12 12 12 12 12 12 12 17 32 12 37 12 
asowell 12 12 12 32 17 
yzou2 12 9 36 36 36 36 36 12 37 12 9 37 12 12 12 
speter14 12 12 37 12 37 12 
pmcmonag 12 37 12 37 12 9 36 36 36 36 36 36 12 12 12 0 37 12 25 36 10 4 
kpaulsen 12 9 36 0 15 12 15 12 36 36 12 29 36 36 36 12 9 36 36 36 36 36 36 20 37 12 12 12 
kjacoby1 12 12 12 25 32 17 37 12 9 37 12 36 36 36 12 37 12 11 18 37 12 12 36 12 
jruane 12 9 12 12 19 15 37 12 37 12 37 12 12 12 
jdodig 12 37 12 12 9 12 37 12 12 9 37 12 37 12 1 0 20 37 12 37 12 36 12 37 12 36 36 36 36 12 37 12 37 12 37 12 37 12 12 32 12 12 17 
gcramer1 12 37 12 12 9 37 12 12 12 12 12 12 15 37 12 12 9 37 12 12 
everhey 12 9 36 36 12 37 12 12 
esoller 12 9 12 18 11 37 12 37 12 37 12 12 9 
ckotseos 12 37 12 9 0 19 15 37 12 
cganley 12 9 36 36 36 36 12 36 36 36 36 36 12 37 12 37 12 37 12 12 37 12 37 12 32 36 17 25 
bfraser 12 12 9 37 12 25 32 17 36 36 36 12 12 12 37 12 37 12 12 12 36 36 36 36 12 9 37 12 37 12 
asweet 12 18 36 36 36 36 36 12 13 12 37 12 37 12 12 18 7 37 12 32 12 17 
apaik 12 9 12 12 37 12 37 20 37 12 
amonroe1 12 12 37 12 12 12 
abulaoro 12 9 12 12 37 12 36 36 36 36 36 12 12 9 
thuber1 12 9 12 12 12 36 36 36 36 36 36 12 25 36 36 12 21 29 12 36 36 36 36 12 12 21 29 37 12 
sincera 12 37 12 32 17 25 
phennes2 12 37 12 37 12 12 18 11 37 12 32 17 
msahd 12 9 37 12 37 12 9 11 18 36 36 36 36 36 7 13 36 36 15 37 12 
mcabrer1 12 12 9 37 12 9 36 36 12 12 37 12 36 12 15 11 13 36 19 29 7 36 12 12 37 12 
kkolleck 12 12 9 36 36 36 12 9 12 12 18 36 12 12 37 12 20 37 12 
kconrad2 12 9 37 12 37 12 12 33 26 37 12 12 9 31 37 12 12 12 9 37 12 
jgonnard 12 12 9 37 12 37 12 12 12 9 36 36 12 36 29 37 12 37 12 12 17 12 12 32 12 
hholden 12 37 12 17 32 
epil 12 34 25 37 12 25 22 28 34 36 25 37 12 12 34 12 9 36 36 36 36 36 36 12 37 12 37 12 37 12 36 12 37 12 37 12 12 24 
awitte 12 9 12 18 11 12 37 12 12 9 37 12 
tfross 12 9 36 36 36 12 18 13 7 36 36 36 36 36 12 
taguirre 12 37 12 37 12 9 12 
sbindel 12 12 12 18 37 12 37 12 9 17 19 36 8 25 37 12 
rmaqbool 12 9 31 12 36 36 12 12 12 9 
kcockrel 12 37 12 12 
jphilli8 12 37 12 37 12 
carizama 12 37 12 25 37 12 37 12 25 12 32 17 34 12 
bbrunin1 12 12 37 12 17 32 36 36 36 36 36 12 12 12 36 36 12 31 12 12 37 12 12 37 12 
anataraj 12 37 12 37 15 36 36 36 36 36 12 
svukovit 12 37 12 12 12 0 37 12 37 12 37 12 36 36 12 12 37 12 32 17 12 37 12 
pyoung3 12 37 12 
msteph11 12 12 37 12 12 9 18 0 36 12 11 36 36 12 36 36 36 1 20 36 36 12 9 12 32 17 
lbognar1 12 9 37 12 25 12 12 17 32 37 12 36 19 21 15 29 25 6 36 12 36 36 36 12 
lbakke 12 9 37 12 15 1 16 36 36 36 12 0 12 9 37 12 32 17 
