dtorgers 12 37 12 12 12 37 12 36 36 36 36 12 12 37 12 12 37 12 12 36 36 12 12 37 12 12 12 12 12 12 36 36 36 36 12 12 12 12 9 12 12 12 12 12 12 36 36 36 36 12 36 36 36 36 36 36 12 36 36 12 37 12 37 12 37 12 37 12 36 36 36 36 36 12 12 12 12 
mdawson3 12 31 12 12 12 12 12 36 36 36 36 12 36 36 36 36 36 12 36 12 12 31 37 12 12 31 37 12 12 37 12 37 12 12 12 1 36 36 36 36 36 36 12 12 31 12 36 36 36 36 12 
cdavin1 12 36 36 12 36 36 36 36 12 37 12 25 31 36 36 12 37 12 12 37 12 36 36 36 36 36 12 36 36 12 12 12 18 37 12 12 25 36 36 36 36 36 12 18 37 12 12 25 37 12 37 12 29 25 1 37 12 
alebron1 12 36 36 36 36 12 12 29 36 36 36 36 36 12 36 36 36 36 36 12 37 12 36 36 36 36 12 36 36 36 36 12 31 36 36 12 37 12 36 36 36 36 36 12 12 29 1 25 36 36 36 12 12 37 12 37 12 12 37 12 36 36 36 36 36 12 37 12 37 12 36 36 36 12 37 12 37 12 36 12 37 12 37 12 37 12 37 12 37 12 37 12 
ccooper8 12 12 31 12 37 12 36 36 36 12 25 37 12 37 12 37 12 12 12 25 37 12 37 12 37 12 12 12 36 36 36 36 36 36 12 37 12 37 12 37 12 12 12 36 36 36 36 12 12 12 25 12 29 1 12 12 12 12 37 12 
nweindel 12 36 36 36 12 12 36 36 36 36 36 36 12 37 12 37 12 37 12 37 12 37 12 25 29 1 37 12 12 12 37 12 36 36 36 36 12 37 12 37 12 37 12 37 12 25 36 36 12 37 12 36 12 0 12 25 
ntownsen 12 37 12 31 12 25 18 36 36 36 12 9 8 37 12 12 36 36 36 12 37 12 12 37 12 12 25 37 12 37 12 37 12 25 37 12 37 12 36 36 36 36 36 12 25 
jberg2 12 37 12 37 12 37 12 37 12 37 12 12 15 37 12 12 12 0 21 36 36 36 12 37 12 36 36 12 
fhita 12 37 12 37 12 37 12 37 12 12 12 29 1 37 12 37 12 37 12 37 12 37 12 37 12 
mmcfarli 12 37 12 12 37 12 37 12 12 25 37 12 37 12 29 1 36 12 12 
mlengwin 12 37 12 37 12 37 12 37 12 29 1 36 36 36 12 12 25 37 12 12 15 0 21 36 36 0 36 36 25 19 20 6 37 12 12 37 12 
kwurl 12 37 12 12 25 37 12 37 12 37 12 37 12 12 12 37 12 12 25 1 29 36 12 9 12 8 33 26 25 36 36 36 12 
ccampb20 12 18 25 36 36 36 36 12 37 12 37 12 37 12 25 31 37 12 31 12 12 12 1 29 36 36 36 36 36 12 29 25 1 
pbrown10 12 12 12 7 12 37 12 37 12 37 12 
rdiejoma 12 37 12 37 12 37 12 12 31 29 1 12 25 
kkalisik 12 12 37 12 37 12 37 12 12 12 12 12 36 36 12 37 12 37 12 12 37 12 37 12 37 12 12 12 12 29 37 1 21 36 36 12 
drogers1 12 31 12 12 25 18 7 36 36 36 12 37 12 37 12 37 12 
cdelpila 12 31 7 25 36 36 36 36 36 36 12 25 36 36 36 12 36 36 12 37 12 25 37 12 37 12 37 12 25 12 12 18 25 12 
cbolivar 12 37 12 37 12 7 18 12 37 12 37 12 37 12 37 12 37 12 
muhlenbr 12 37 12 37 12 29 25 1 12 36 36 12 31 12 12 12 12 12 12 12 
msmith75 12 12 31 37 12 37 12 12 25 12 37 12 37 12 25 1 29 37 12 37 12 12 25 
pmcguir2 12 36 36 36 36 12 37 12 37 12 37 12 36 36 36 36 36 36 12 37 12 36 36 36 36 36 12 37 12 12 36 36 36 12 12 37 12 36 36 36 36 12 37 12 37 12 12 29 1 
jstaten 12 37 12 31 37 12 12 12 29 1 37 12 37 12 31 12 
mgirod 12 37 12 31 12 29 12 1 36 12 12 37 12 12 
mdonnel6 12 12 12 37 12 12 18 12 12 37 12 18 12 12 37 12 12 31 1 37 12 37 12 31 36 36 36 36 12 37 12 
zgartenh 12 37 12 37 12 37 12 37 12 37 12 1 37 12 37 12 37 12 31 12 12 25 36 36 36 36 36 1 29 37 12 12 37 12 
mfitzg14 12 18 36 7 25 37 12 37 12 12 12 12 
alabella 12 37 12 25 29 1 37 12 37 12 37 12 37 12 
mcomunie 12 12 25 36 36 36 36 12 29 12 36 15 21 19 6 37 12 26 22 28 34 2 37 12 37 12 25 12 12 36 36 12 12 12 12 31 12 15 0 21 
bferrer1 12 37 12 37 12 37 12 
pcataldi 12 12 37 12 12 37 12 29 1 
aohri 12 37 12 37 12 37 12 37 12 37 12 12 15 36 0 21 
pklekamp 12 12 18 7 36 36 36 36 36 12 37 12 37 12 
amccar10 12 37 12 12 29 1 
nwamble 12 37 12 37 12 36 36 12 36 36 12 36 12 37 12 36 36 36 12 37 12 37 12 36 36 12 37 12 29 1 37 12 36 36 12 
wwu5 12 37 12 12 37 12 37 12 37 12 37 12 31 12 25 29 1 12 37 12 37 12 12 
wsuter2 12 37 12 37 12 37 12 36 36 36 12 29 1 37 12 
thowe1 12 36 36 36 36 12 37 12 37 12 36 36 12 37 12 12 29 1 37 12 37 12 37 12 
madeniyi 12 36 36 12 37 12 12 12 12 12 12 37 12 36 36 12 31 36 12 37 12 
mmian 12 37 12 37 12 25 12 31 12 12 29 18 1 12 
jsoares 12 12 12 25 36 36 36 12 37 12 12 36 12 18 36 36 36 12 36 12 36 36 12 12 37 12 12 
jhouge 12 37 12 12 36 36 12 36 36 36 36 36 12 37 12 12 12 37 12 36 36 36 36 12 37 12 29 36 36 12 1 36 36 12 36 36 36 36 12 37 12 12 37 12 
slemaign 12 12 12 37 12 12 37 12 37 12 37 12 36 36 12 12 29 1 25 
ldamoose 12 37 12 37 12 37 12 37 12 36 12 
sburnbau 12 12 37 12 12 36 36 36 36 36 12 37 12 37 12 12 29 12 1 12 15 
nwarren 12 37 12 36 36 36 12 37 12 37 12 37 12 36 12 12 12 25 29 1 37 12 37 12 
bconnol3 12 12 37 12 37 12 25 1 29 12 37 12 
rheitkam 12 37 12 37 12 37 12 12 12 12 29 25 1 37 12 12 
jmullike 12 
chickey3 12 37 12 37 12 37 12 37 12 37 12 37 12 37 12 37 12 37 12 36 36 36 36 36 12 37 12 37 12 12 12 29 1 36 36 36 36 36 12 37 12 37 12 
athoma24 12 12 37 12 12 29 1 36 36 12 12 37 12 12 
rgensler 12 37 12 37 12 37 12 36 36 36 36 36 12 37 12 25 12 12 12 12 25 29 1 12 31 37 12 
kthornt4 12 12 37 12 37 12 37 12 37 12 12 12 12 12 12 12 12 12 12 36 36 36 12 37 12 37 12 29 1 12 12 12 36 36 36 25 36 36 12 12 
pvlandis 12 25 37 12 12 12 
mmizraji 12 12 37 12 12 31 37 12 25 37 12 36 36 36 36 12 1 29 37 12 25 37 12 
zpavlin 12 37 12 12 37 12 37 12 12 25 29 1 
ydeng3 12 37 12 37 12 12 21 0 12 37 12 
kfox8 12 12 37 12 37 12 12 12 37 12 12 29 1 12 12 37 12 
lsulli11 12 37 12 12 31 18 7 12 12 37 12 37 12 37 12 
jgorman6 12 37 12 12 37 12 37 12 37 12 37 12 12 31 12 29 12 1 37 12 
enunez 12 12 31 12 1 25 29 37 12 37 12 37 12 37 12 
mtardy 12 12 37 12 18 25 37 12 1 29 37 12 
jdirksen 12 12 18 7 25 36 36 12 
whornby 12 37 12 12 29 12 12 1 37 12 
jwade5 12 12 15 0 21 37 0 37 12 37 12 36 36 12 37 12 12 37 12 
mblatt1 12 37 12 37 12 15 37 0 21 25 36 12 
jowusuko 12 37 12 37 12 31 12 31 37 12 
jcorpora 12 37 12 37 12 37 12 37 12 37 12 37 12 12 25 37 12 1 29 21 0 15 25 
mmang 12 37 12 36 36 12 37 12 12 25 36 36 36 12 12 37 12 12 12 12 12 31 12 12 12 37 12 12 12 37 12 37 12 
aakatu 12 18 31 7 25 12 37 12 
waberger 12 37 12 12 36 36 36 25 37 12 37 12 37 12 
llombar2 12 25 29 1 12 31 37 12 
gkaiser 12 12 37 12 12 7 12 25 29 1 37 12 37 12 
koconn27 12 37 12 12 31 12 1 37 12 37 12 1 29 36 36 36 12 37 12 
aweishan 12 25 36 36 18 36 36 36 12 37 12 37 12 37 12 12 25 
mcaskey 12 37 12 37 12 12 12 37 12 36 36 36 36 12 12 37 12 12 12 25 0 12 37 12 37 12 36 36 36 12 36 36 12 0 36 12 21 12 12 12 25 37 12 37 12 
jguarino 12 37 12 36 36 36 36 36 12 37 12 36 36 36 12 37 12 
cseymou2 12 37 12 12 31 12 7 18 12 12 25 37 12 37 12 37 12 
dplagenz 12 18 36 7 25 7 36 36 36 36 12 31 37 12 37 12 37 12 29 25 1 37 12 1 29 
csasso 12 37 12 25 1 29 
amccar11 12 37 12 25 1 36 36 36 36 29 12 37 12 
yshi6 12 37 12 37 12 37 12 37 12 36 36 36 36 12 
tpillai 12 12 0 12 12 37 12 36 36 36 1 37 12 36 12 37 12 37 12 12 12 12 37 12 12 12 12 
minoue2 12 12 37 12 36 36 36 36 12 36 36 12 25 29 37 12 25 1 37 12 12 12 36 12 12 37 12 12 
jwinebre 12 37 12 36 36 36 36 12 12 25 12 29 1 37 12 
tanggara 12 12 18 12 37 12 31 18 7 25 36 12 36 36 12 37 12 12 37 12 31 37 12 
sgalbens 12 12 37 12 12 18 7 37 12 12 37 12 37 12 37 12 
jlazzara 12 31 12 12 12 12 25 12 29 1 37 12 12 
vruesch 12 37 12 12 12 31 12 12 37 12 12 25 12 12 37 12 12 12 29 1 
nniere 12 37 12 36 36 12 31 37 12 37 12 
ghong 12 12 37 12 37 12 
bhogan1 12 7 36 12 31 37 12 37 12 37 12 37 12 12 37 12 37 12 
wdu 12 37 12 37 12 12 37 12 37 12 37 12 
tmercier 12 25 37 12 12 31 12 12 37 12 37 12 37 12 
mball 12 12 12 36 36 31 
esunshi1 12 36 36 36 36 36 36 12 37 12 37 12 37 12 37 12 37 12 12 31 
eevans9 12 37 12 12 1 37 12 29 37 12 37 12 37 12 12 15 0 37 21 
bkenney1 12 31 12 12 18 
asimonet 12 12 18 37 12 25 36 36 12 37 12 37 12 12 29 1 25 
cdieckma 12 31 12 36 36 36 12 34 37 12 37 12 37 12 1 37 12 
mcoggins 12 37 12 37 12 31 12 29 12 25 1 12 37 12 
lblitzer 12 37 12 37 12 
jdelledo 12 12 31 12 18 7 36 36 12 12 
mmoore18 12 18 36 12 37 12 12 18 25 12 36 36 36 36 36 12 37 12 36 12 29 1 25 12 
mfreedlu 12 37 12 12 12 1 29 36 36 12 12 
ymikulja 12 37 12 12 37 12 12 25 12 18 11 
tprice4 12 37 12 18 7 36 12 18 12 37 12 12 37 12 
lbarret2 12 37 12 12 37 12 25 37 12 37 12 1 37 12 29 36 12 
eralph 12 37 12 31 12 29 36 36 1 
bhalliga 12 12 12 37 12 12 29 1 37 12 
sroennec 12 7 31 12 12 18 25 37 12 25 37 12 37 12 25 12 12 12 
jmurph32 12 37 12 12 12 12 25 12 29 1 12 36 36 36 36 12 
cfrentze 12 12 25 29 1 37 12 37 12 37 12 
jsitarsk 12 12 31 12 29 1 37 12 
tpreko 12 12 12 7 36 36 36 36 36 12 12 25 37 12 37 12 37 12 12 12 25 29 
mtreacy 12 37 12 37 12 36 12 29 36 36 1 12 37 12 
ccampb21 12 37 12 36 36 12 18 
rrivera8 12 1 37 12 29 12 25 36 36 36 27 25 
rblack4 12 37 12 37 12 29 1 37 12 
jwelsch 12 31 12 12 29 1 37 12 37 12 12 12 
jgately1 12 31 12 18 7 37 12 37 12 12 1 12 29 
gdean 12 12 31 36 36 36 36 12 12 12 37 12 37 12 12 37 12 12 37 12 37 12 37 12 12 37 12 12 37 12 37 12 37 12 37 12 
ewigutow 12 37 12 37 12 12 12 29 1 37 12 
dgibbon2 12 12 37 12 37 12 12 12 29 36 12 12 1 
cmorton2 12 37 12 37 12 31 12 37 12 12 29 1 
mrooney6 12 12 31 12 1 25 29 37 12 37 12 12 37 12 
jwalte10 12 
jcarney6 12 12 36 36 36 36 12 37 12 37 12 12 31 36 36 36 12 37 12 12 
pmeyer3 12 31 36 12 12 18 25 37 12 
icallaha 12 12 12 1 25 29 1 12 
dtoth1 12 37 12 37 12 37 12 37 12 37 12 37 12 29 1 37 12 37 12 
kkostola 12 37 12 37 12 31 12 25 29 1 
dlee26 12 12 25 29 1 
yying 12 37 12 37 12 
swagy 12 37 12 37 12 36 36 36 36 36 12 25 37 12 12 29 12 1 37 12 37 12 
rroque1 12 12 37 12 37 12 37 12 12 37 12 12 29 1 
kdantoni 12 12 31 12 25 29 1 
wmohler 12 7 18 36 36 36 25 37 12 12 36 36 29 1 25 12 
lklein1 12 29 1 37 12 37 12 37 12 
jbecker9 12 37 12 
hrague 12 37 12 37 12 37 12 12 37 12 25 29 1 
cott 12 31 12 12 12 18 36 36 7 25 37 12 
mholzbau 12 37 12 12 37 12 
mhawkin3 12 37 12 12 18 7 25 37 12 37 12 12 37 12 
lharmon 12 37 12 31 12 12 37 12 37 12 25 37 12 29 1 
elazzaro 12 37 12 37 12 37 12 12 1 29 37 12 36 12 
tburley 12 37 12 25 37 12 37 12 37 12 12 12 1 29 25 
shenn 12 12 37 12 12 37 12 37 12 36 36 36 36 36 12 12 29 37 12 12 12 12 12 1 36 12 25 
jgomez5 12 37 12 12 37 12 12 25 
jfries3 12 12 31 12 29 1 
bniemoel 12 37 12 12 29 36 12 1 
mcontrer 12 12 11 25 37 12 12 18 36 36 7 12 25 37 12 
kriordan 12 37 12 37 12 12 37 12 37 12 29 1 25 
jmurph33 12 12 25 18 7 37 12 
dcorr1 12 37 12 37 12 37 12 
cemenalo 12 7 18 25 37 12 18 
yjung2 12 31 12 7 25 37 12 
rpappas 12 37 12 37 12 37 12 12 29 1 37 12 
mmerric1 12 37 12 37 12 37 12 37 12 12 12 29 1 37 12 
mdosch 12 29 1 25 12 36 12 12 12 
jbettag 12 37 12 
jbernin1 12 12 37 12 12 31 37 12 29 1 
hrivers 12 25 12 37 12 
gbruenin 12 37 12 36 12 12 12 37 12 12 37 12 15 0 21 37 12 
ddallava 12 1 25 29 36 36 36 36 12 12 37 12 25 36 0 37 15 0 21 
cgamboa 12 37 12 37 12 12 29 37 12 1 25 
nquartir 12 12 1 37 12 12 12 29 
lfaubion 12 18 12 36 36 12 37 12 37 12 
cwilso24 12 37 12 7 25 37 12 31 12 37 12 12 12 
aursino1 12 25 37 12 37 12 1 29 37 12 
msummer2 12 37 12 37 12 29 1 12 37 12 37 12 37 12 12 0 
kramm 12 12 25 37 12 12 37 12 7 12 25 36 36 12 12 31 37 12 
jchapple 12 18 7 25 
jbonds 12 12 25 29 1 36 12 12 12 37 12 37 12 
dbirzer 12 36 36 36 12 36 36 36 36 12 36 36 36 36 36 36 12 37 12 12 31 12 29 1 37 12 
cfish 12 12 1 25 29 37 12 36 36 36 36 36 12 
nholmes1 12 25 0 31 12 36 36 36 36 12 29 1 
ngiovino 12 12 25 29 1 12 37 12 
eherber1 12 37 12 25 31 37 12 29 1 37 12 
cgallag3 12 37 12 36 12 29 25 12 36 36 36 1 
wstackma 12 12 12 12 36 36 12 13 25 12 18 37 12 37 12 37 12 12 1 25 12 
tzheng2 12 37 12 36 36 36 36 12 18 37 12 12 12 29 36 12 1 12 
mgerber 12 19 36 36 20 36 36 36 6 36 36 36 36 36 12 12 
jcolli23 12 25 1 37 12 37 12 37 12 37 12 29 25 1 37 12 12 31 12 
awalton3 12 31 25 37 12 25 
vwhitmor 12 37 12 36 36 12 36 36 12 29 25 1 
rpellica 12 7 25 37 12 37 12 25 12 
rmyers9 12 12 31 12 7 37 12 18 36 36 36 12 25 37 12 36 36 36 36 12 
mdillon7 12 12 29 1 
jdoerer 12 37 12 12 12 36 36 12 37 12 
gbiltz 12 37 12 12 31 37 12 36 12 37 12 12 12 12 31 
areaves 12 12 37 12 12 36 36 12 12 36 12 
aheck1 12 37 12 25 37 12 1 29 12 29 
ucooper 12 31 37 12 18 12 37 12 
tguinan 12 18 7 37 12 12 25 37 12 37 12 25 37 12 
rschill1 12 12 18 12 31 37 12 37 12 12 1 29 1 12 
mschlic1 12 37 12 18 7 
mperry6 12 36 36 13 25 37 12 12 12 37 12 18 36 36 12 36 36 36 36 12 7 18 
jfenton1 12 12 18 25 12 18 36 12 1 29 
csauder 12 18 7 36 12 37 12 37 12 36 36 12 
alowney 12 37 12 12 29 37 12 12 29 1 
zkagalw1 12 12 36 36 36 36 36 12 37 12 37 12 37 12 31 12 12 1 36 36 36 12 29 12 1 36 36 36 12 37 12 
swilkin4 12 37 12 37 12 
imarx 12 31 37 12 37 12 12 18 36 36 31 
cschmid7 12 37 12 31 18 7 12 37 12 37 12 
awang4 12 12 31 12 12 12 12 18 7 25 
abenavi3 12 12 31 12 18 7 12 25 37 12 37 12 37 12 37 12 36 36 36 36 12 1 25 29 
sweyhmil 12 18 7 37 12 37 12 36 36 12 
sgenz 12 18 7 25 31 12 12 12 36 36 12 37 12 25 
mwu4 12 37 12 37 12 12 31 37 12 36 36 36 12 12 37 12 12 1 29 36 12 
jleporte 12 31 12 12 29 1 12 
adichris 12 37 12 1 29 1 
scrotty1 12 7 25 12 18 37 12 37 12 12 37 12 
pfarring 12 25 36 36 36 36 36 12 36 12 13 11 12 37 12 37 12 12 7 18 12 25 12 36 36 12 31 12 
pdesousa 12 31 18 7 25 37 12 12 12 18 37 12 37 12 
mkuehl 12 0 36 36 15 21 12 
lfitter 12 12 37 12 12 12 29 1 37 12 37 12 12 12 
jruan 12 31 12 37 12 25 12 37 12 37 12 25 36 29 1 
hzahour 12 12 31 12 12 7 36 12 37 12 12 29 37 12 25 12 1 
emostyn 12 25 37 12 12 25 12 29 1 37 12 
edohert1 12 12 37 12 37 12 31 1 25 37 12 12 29 37 12 37 12 
athigpen 12 37 12 18 36 12 18 37 12 37 12 12 
amellert 12 37 12 37 12 37 12 37 12 37 12 
aandrade 12 12 37 12 31 29 1 36 12 29 
tdann 12 37 12 37 12 12 31 12 12 29 1 
sielusic 12 31 1 37 12 31 29 12 1 1 12 
mlicursi 12 18 25 36 36 36 12 12 37 12 37 12 31 12 25 1 29 37 12 
mdrake2 12 37 12 12 12 36 36 36 12 31 12 12 12 7 37 12 12 36 36 12 12 37 12 36 36 12 25 12 12 37 12 37 12 
lhe3 12 12 31 25 36 36 12 31 12 37 12 12 12 25 37 12 25 36 29 1 
afonash 12 37 12 12 37 12 12 25 
obarnard 12 37 12 37 12 29 1 37 12 36 36 12 37 12 
nbenz 12 31 12 25 18 7 
lhuang3 12 37 12 12 36 36 12 29 1 
jwessele 12 37 12 18 7 37 12 37 12 37 12 37 12 37 12 12 36 36 36 36 12 25 29 1 
jmastron 12 25 29 1 36 36 36 36 36 12 12 12 1 37 12 12 
cpickfor 12 7 25 37 12 31 
bmoasser 12 12 37 12 12 29 1 12 12 31 12 12 36 36 36 36 36 36 12 12 12 12 37 12 12 
apurcel1 12 37 12 37 12 
obaitlot 12 37 12 37 12 29 1 37 12 
kmollenk 12 37 12 37 12 25 37 12 29 1 12 31 
ccarlso2 12 31 37 12 25 37 12 0 15 36 21 37 12 12 
bmoreno1 12 18 12 37 12 37 12 37 12 37 12 
smanriqu 12 37 12 12 37 12 29 1 12 25 37 12 29 36 12 1 31 
mmillado 12 12 37 12 12 12 12 29 1 12 
mferrel2 12 37 12 0 15 37 12 
ldougla3 12 18 7 12 36 12 37 12 
jmcconn1 12 37 12 37 1 
ecahill 12 12 25 37 12 12 15 0 21 37 12 12 
dshaw4 12 37 12 37 12 37 12 25 29 1 12 37 12 12 37 12 12 12 
alucche1 12 12 31 12 25 7 37 12 37 12 
odonnel1 12 12 12 29 1 
mpirko 12 12 37 12 31 12 25 36 29 1 
mlyden1 12 37 12 37 12 31 25 12 12 29 1 
mdekold 12 25 36 36 12 18 12 31 36 36 12 12 
eschnaut 12 37 12 12 36 36 36 36 36 12 29 12 1 
esalina1 12 37 12 7 36 36 12 37 12 31 29 1 25 
adiederi 12 12 31 12 25 1 37 12 29 25 1 
sholtz1 12 12 25 37 12 18 36 36 36 36 36 12 31 
sdann 12 12 25 36 36 36 12 29 1 12 
pkolek 12 37 12 12 36 36 36 12 12 1 29 37 12 
nhaymond 12 37 12 37 12 37 12 12 25 29 37 1 
kmuha 12 36 36 36 36 12 25 37 12 37 12 12 25 29 1 
kfeehan 12 37 12 12 36 12 29 1 
kalme 12 12 31 37 12 37 12 12 29 1 37 12 37 12 37 12 12 25 0 37 12 15 21 37 12 37 12 
esmith30 12 37 12 37 12 7 12 12 37 12 37 12 37 12 
ctoudouz 12 37 12 25 36 36 12 12 
sreddy4 12 12 36 12 37 12 25 37 12 29 1 36 36 36 31 12 12 
rboylan 12 37 12 18 7 37 12 37 12 37 12 
ncheng 12 12 31 18 7 12 37 12 12 37 12 
mgelchio 12 37 12 12 1 36 36 36 29 
jzelinsk 12 12 37 12 12 12 25 18 29 1 
jcuji 12 37 12 12 12 31 12 36 36 36 12 12 12 29 1 12 37 12 12 12 0 37 12 12 15 21 
gworthin 12 12 25 37 12 
dfabrega 12 37 12 37 12 
angov 12 37 12 37 12 37 12 12 37 12 25 29 37 12 
skolda 12 31 12 37 12 25 1 29 12 
scrippes 12 37 12 18 7 37 12 
mschutze 12 13 11 25 37 12 31 36 12 1 29 12 25 37 12 
mpavloff 12 12 37 12 
losecco 12 36 36 12 29 1 37 12 36 36 12 
lnixon1 12 18 36 7 36 12 37 12 37 12 37 12 12 37 12 31 12 12 29 1 37 12 12 
kmurray7 12 25 29 1 37 12 
hthomps4 12 12 29 1 
ewood1 12 1 29 12 31 37 12 
estrouse 12 25 1 29 37 12 31 
sekanay1 12 7 25 36 36 36 36 36 36 12 37 12 25 1 29 37 12 
odegnim 12 25 7 18 37 12 37 12 37 12 37 12 37 12 
kcox5 12 25 
kborotho 12 18 12 7 36 36 36 36 36 25 
jbertram 12 6 37 12 31 18 7 25 37 12 29 1 25 37 12 
hbyrne 12 29 1 25 37 12 
ggulyas 12 29 25 1 37 12 
ekeuler 12 12 29 1 37 12 37 12 15 0 21 37 12 
egeyer1 12 31 18 7 12 12 18 25 
dlong2 12 12 25 36 36 36 29 1 37 12 
bpierpoi 12 12 7 37 12 37 12 
apavelka 12 37 12 31 12 12 29 1 25 
rbartle1 12 37 12 37 12 36 36 36 36 12 31 12 12 29 1 
nyusko1 12 31 12 37 12 
motten1 12 12 36 36 36 12 31 12 29 29 1 
molsen3 12 31 37 12 36 36 12 12 1 29 12 36 36 25 
mdambros 12 37 12 12 12 1 29 37 12 12 36 1 
kmountf1 12 12 37 12 31 29 1 25 36 12 12 31 
jeversol 12 37 12 37 12 
etorrent 12 37 12 1 37 12 29 18 36 12 37 12 37 12 
ereynol5 12 12 37 12 12 25 37 12 37 12 29 1 25 37 12 
epark5 12 12 37 12 12 1 25 29 37 12 31 37 12 
dpatel2 12 12 7 36 36 36 25 37 12 31 37 12 12 31 25 29 36 1 37 12 25 12 31 
cmoreno5 12 25 37 12 31 12 37 12 12 
bgawel 12 12 37 12 12 29 1 
bconlon 12 37 12 25 37 12 12 25 31 12 29 1 37 12 
apanousi 12 29 25 12 1 37 12 37 12 37 12 
tngochi 12 12 31 29 1 25 36 25 
tdasso 12 31 12 12 18 7 
smcmull1 12 12 12 25 37 12 
rwittmer 12 37 12 12 12 29 1 
rvazza 12 37 12 12 29 1 12 37 12 
nhong 12 37 12 31 
mrohling 12 7 25 37 12 37 12 31 12 
edebassi 12 12 12 12 36 12 37 12 0 21 15 1 29 
dsmith53 12 12 18 7 37 12 36 12 
cdowicz 12 
bnakfoor 12 12 31 12 
akhemani 12 36 36 36 12 37 12 12 37 12 12 29 1 12 12 12 
ahughes8 12 37 12 37 12 12 37 12 36 36 36 36 36 29 12 1 12 
tperey 12 25 36 36 36 36 12 29 1 12 37 12 12 37 12 25 15 
pbetz 12 12 12 31 12 
mmccor15 12 36 12 12 37 12 37 12 37 12 12 37 12 31 12 29 1 36 12 
mgray10 12 31 12 18 7 
mfraizer 12 37 12 37 12 12 1 29 37 12 
lherna11 12 37 12 29 1 25 12 29 37 12 36 12 
jmolumph 12 37 12 37 12 12 12 29 1 
hzweberl 12 37 12 37 12 37 12 25 29 36 1 36 36 12 
dserafin 12 25 12 31 12 7 18 37 12 37 12 37 12 12 25 1 29 
bpowell4 12 37 12 29 1 25 12 
mdownin1 12 12 31 12 18 25 7 37 12 12 25 29 1 12 
lduggan 12 31 7 25 
kmclaug3 12 12 12 12 12 29 12 29 1 12 
kbulleit 12 37 12 
jplas 12 37 12 
jbrown36 12 36 36 36 36 36 12 37 12 37 12 1 37 12 31 12 
dkim30 12 37 12 37 12 12 29 1 
cpantin 12 36 36 12 31 12 12 12 
cmyers11 12 37 12 25 31 12 12 29 1 
amora2 12 36 36 36 29 37 12 
adrisco2 12 12 25 0 21 37 12 36 36 36 36 12 15 
xtsai 12 37 12 12 7 18 25 36 12 
wbaer 12 37 12 36 36 36 36 12 37 12 37 12 
nisakson 12 37 12 37 12 12 37 12 31 12 37 12 
lmcfadde 12 36 36 36 12 25 37 12 7 37 12 18 12 31 
kmurph44 12 25 12 37 12 37 12 36 36 36 36 36 12 12 12 
ibushue 12 
hadams3 12 13 11 31 18 7 29 1 
enichol4 12 29 1 
egroth 12 12 25 1 29 
aheinzma 12 18 25 36 7 36 36 36 36 12 12 12 36 36 36 12 36 36 12 12 37 12 12 31 37 12 
ahall2 12 12 36 36 36 12 
adecker1 12 37 12 1 29 
aameen 12 1 29 25 36 36 36 12 12 12 
zwall 12 12 7 18 37 12 36 36 12 12 37 12 1 
smonaha1 12 37 12 12 
sdeschne 12 37 12 18 25 7 36 36 12 31 37 12 
mowen 12 12 29 1 37 12 12 12 
lwatts1 12 37 12 12 12 12 25 29 1 
krochefo 12 37 12 12 12 31 29 12 1 
jholguin 12 37 12 37 12 37 12 
gniforat 12 36 12 37 12 7 12 18 12 12 37 12 37 12 
evandier 12 37 12 
eclapp 12 37 12 29 36 36 36 36 36 12 1 
awaldsch 12 37 12 37 12 12 31 37 12 29 1 36 36 36 12 
adevito1 12 12 37 12 31 12 18 7 37 12 12 
tsilva1 12 18 12 12 15 0 21 12 29 1 12 37 12 
oivan 12 12 18 37 12 7 36 36 36 36 25 37 12 12 1 25 36 36 12 
mmarti45 12 25 1 37 12 29 12 12 
mjorden 12 29 1 25 
ldorenko 12 37 12 25 37 12 31 12 18 12 25 36 36 36 36 12 36 36 36 12 31 
ktracey 12 31 12 7 37 12 25 37 12 37 12 31 12 25 12 29 1 
krothmey 12 12 31 29 1 37 12 29 1 
kbiladea 12 37 12 37 12 
jweas 12 37 12 12 31 12 12 29 1 37 12 12 29 1 12 25 37 12 
jgoldsch 12 25 18 36 36 12 12 31 12 37 12 
jdraves 12 37 12 37 12 31 12 12 18 7 12 37 12 37 12 37 12 
gotte1 12 
etruesda 12 37 12 
emeara 12 15 0 21 12 37 12 
cnilsen 12 37 12 25 31 12 29 1 37 12 
bmurph24 12 12 31 37 12 25 29 1 
azammit 12 24 37 16 37 12 37 12 26 2 3 27 37 12 12 16 5 23 37 12 37 12 37 12 
arabbitt 12 31 12 18 7 37 12 
wcheong 12 37 12 37 12 37 12 18 7 
kmoran11 12 12 29 1 
kgalla21 12 37 12 31 12 25 12 29 1 
kgalla20 12 37 12 31 7 25 36 36 36 36 12 37 12 
kfranz1 12 31 12 18 7 25 37 12 
jsutton3 12 25 37 12 18 25 
jhegart2 12 18 7 25 
japplew1 12 12 37 12 12 12 29 12 1 37 12 12 
imurrer 12 25 12 29 
fschemel 12 37 12 37 12 
fprimozi 12 37 12 12 37 12 37 12 
elinares 12 12 36 31 12 18 7 36 36 12 37 12 
cmulshin 12 25 37 12 29 1 12 31 12 12 
cmagnuss 12 25 37 12 37 12 37 12 36 36 36 1 37 29 
ccleary1 12 1 12 29 12 12 
abohling 12 37 12 37 12 37 12 
mscanish 12 37 12 1 29 
lkim3 12 37 12 
lgrabows 12 37 12 31 12 29 1 37 12 
lcaffar1 12 37 12 25 29 1 37 12 15 25 0 36 21 12 
kliang2 12 37 12 12 25 37 12 29 1 37 12 
jnowak4 12 37 12 12 12 
hcheng1 12 31 36 12 1 12 29 
bmerrick 12 12 7 37 12 12 36 36 12 25 37 12 37 12 37 12 
bgagnon 12 31 12 18 7 25 37 12 
tmansell 12 37 12 31 12 12 12 29 12 1 
rrocco 12 31 12 7 25 37 12 
rpuno 12 37 12 37 12 12 25 29 1 
lyan4 12 12 12 31 12 12 12 1 25 29 
kpresteg 12 37 12 37 12 12 12 29 36 36 36 12 1 
jbaines 12 37 12 29 36 36 1 37 12 31 
blemay 12 37 12 1 36 36 12 25 31 12 36 12 1 12 29 36 36 12 
aromano2 12 12 18 7 12 25 36 36 12 25 12 37 12 12 
alongsta 12 37 12 37 12 12 25 29 1 36 36 36 36 12 
szachari 12 37 12 25 12 36 29 1 
spalumb1 12 29 25 1 
pcamara 12 12 12 12 29 1 37 12 37 12 12 
operez2 12 37 12 37 12 37 12 25 29 1 36 36 36 12 12 
nvincent 12 18 36 7 25 37 12 37 12 37 12 
lgelin 12 15 0 21 12 37 12 31 
ldomenel 12 
lcho 12 25 37 12 12 25 29 37 12 1 37 12 
ischmitz 12 31 37 12 
egorman5 12 12 25 37 12 12 
eeagle 12 37 12 37 12 36 36 12 37 12 15 0 21 37 12 
dallen13 12 12 37 31 12 29 1 
cdenzel 12 25 36 12 12 31 37 12 12 12 25 29 1 
asowell 12 31 12 12 12 29 1 12 12 
yzou2 12 37 12 12 12 37 12 37 12 37 12 37 12 18 
speter14 12 31 29 1 25 37 12 37 12 37 12 15 0 21 25 
pmcmonag 12 31 12 36 12 18 36 7 25 
kpaulsen 12 18 7 37 12 37 12 31 12 25 37 12 29 36 36 1 12 
kjacoby1 12 37 12 31 12 25 12 36 12 12 
jruane 12 31 12 12 18 7 12 37 12 29 1 12 12 12 
jdodig 12 37 12 37 12 1 37 12 29 
gcramer1 12 36 36 36 12 36 36 12 31 18 37 12 
everhey 12 12 12 31 37 12 12 12 29 36 36 36 36 36 36 12 36 36 12 1 21 12 12 12 12 37 12 15 0 25 12 
esoller 12 31 12 12 18 7 25 
egorman6 12 12 18 7 36 36 36 12 
ckotseos 12 31 18 7 12 
cganley 12 18 7 25 36 36 36 36 12 
bfraser 12 12 25 31 12 12 29 1 
asweet 12 25 29 12 1 
apaik 12 12 7 12 12 25 37 12 12 
amonroe1 12 12 37 12 25 36 36 36 36 12 12 12 12 12 12 37 12 12 12 12 12 
abulaoro 12 37 12 
thuber1 12 12 25 36 36 36 36 36 12 7 
sincera 12 31 12 37 12 
phennes2 12 37 12 37 12 12 37 12 25 12 1 29 
msahd 12 
mcabrer1 12 12 37 7 31 12 12 18 
kkolleck 12 
kconrad2 12 37 12 12 31 12 37 12 36 36 12 37 12 12 36 36 36 36 36 12 
jgonnard 12 37 12 25 12 37 12 12 18 12 31 12 
hsarkey 12 
hholden 12 37 12 29 36 36 36 36 36 12 25 29 1 12 
epil 12 25 37 12 
awitte 12 37 12 12 
trogers6 12 12 18 37 12 31 12 12 29 12 25 1 
tfross 12 18 7 31 25 37 12 25 29 1 
taguirre 12 18 7 36 36 36 12 12 
sbindel 12 18 7 36 36 36 36 36 36 12 25 37 12 
rmaqbool 12 37 12 
kcockrel 12 12 37 12 8 37 12 12 29 1 
jphilli8 12 36 36 36 12 31 37 12 25 12 36 12 12 
jmarino6 12 25 12 31 12 12 18 7 36 12 37 12 37 12 
eguenthe 12 12 37 12 37 12 37 12 36 36 12 29 1 
ecaradon 12 37 12 12 12 25 12 37 12 37 12 12 29 12 1 37 12 37 12 37 12 
creid4 12 25 37 12 37 12 25 29 1 
carizama 12 31 12 25 1 29 
anataraj 12 12 25 37 12 12 
svukovit 12 31 12 37 12 29 1 37 12 
pyoung3 12 37 12 12 1 31 25 12 
msteph11 12 12 12 25 36 36 36 29 1 12 
mraster 12 
lbognar1 12 12 1 37 12 29 
lbakke 12 31 12 12 12 12 7 25 37 12 37 12 29 1 
jzacher 12 12 29 1 
