dtorgers 9 9 9 9 9 9 9 9 9 33 9 9 9 9 9 9 9 9 9 9 9 9 9 9 9 9 9 9 9 9 9 9 7 9 9 9 9 9 9 9 9 9 9 9 9 9 9 9 100
cdavin1 9 9 9 9 9 9 9 9 9 9 9 9 9 9 9 9 9 9 9 9 9 9 34 11 9 9 9 9 9 9 9 9 9 9 9 9 9 9 34 11 15 19 100
alebron1 9 100
ccooper8 9 9 9 9 9 9 9 9 9 9 9 9 34 9 9 9 9 9 9 9 9 9 9 9 15 19 11 34 100
nweindel 9 9 9 9 9 9 9 9 9 9 9 9 9 9 9 34 34 11 15 19 9 9 34 11 15 19 100
ntownsen 9 29 24 9 9 9 9 9 9 9 9 9 34 9 9 9 9 11 15 19 100
jberg2 9 9 9 9 9 9 11 20 15 19 9 9 7 9 9 9 9 100
fhita 9 29 24 9 9 9 9 9 9 9 9 9 9 9 9 9 9 100
mmcfarli 9 9 9 9 9 9 9 34 11 9 9 9 9 34 15 19 100
mlengwin 9 9 9 9 9 9 9 9 9 9 15 19 11 34 9 100
kwurl 9 9 9 9 9 9 9 9 9 9 9 9 9 9 9 9 9 9 34 15 19 11 100
ccampb20 7 9 33 26 9 9 9 9 9 9 9 9 9 9 9 9 9 9 9 9 9 9 9 9 9 9 9 9 9 9 9 34 11 15 19 33 9 19 34 9 100
pbrown10 9 9 9 9 9 9 9 9 9 9 9 9 9 9 9 9 9 9 9 34 9 100
rdiejoma 9 9 9 9 9 9 9 9 9 9 9 9 9 9 9 9 9 9 9 9 9 9 9 9 9 15 20 18 100
cdelpila 9 9 9 9 9 9 9 9 11 9 34 15 19 15 100
cbolivar 9 9 9 9 11 34 15 19 100
muhlenbr 9 9 9 9 9 9 9 34 15 19 11 9 9 100
msmith75 9 9 9 9 34 9 29 24 9 9 9 9 9 9 9 9 9 9 9 9 9 9 9 11 34 15 19 9 100
pmcguir2 9 29 24 9 9 9 9 9 9 9 9 9 9 9 15 19 11 100
jstaten 9 9 9 9 9 9 9 9 9 9 33 9 7 9 9 9 9 9 9 9 9 9 7 9 9 9 9 9 9 9 24 29 9 34 15 11 19 9 100
mgirod 9 9 9 9 9 9 9 9 9 9 15 19 11 9 9 100
zgartenh 9 9 9 9 9 9 9 9 9 9 9 15 19 11 34 100
alabella 9 9 9 9 9 9 9 9 9 9 9 34 11 15 19 9 100
bferrer1 9 9 9 9 29 34 15 19 11 9 100
pcataldi 9 100
aohri 9 100
pklekamp 9 9 9 9 9 9 9 9 9 9 9 34 11 15 19 100
amccar10 9 29 24 9 9 9 9 9 9 9 9 9 9 100
nwamble 9 9 9 9 9 9 9 24 29 9 9 9 9 9 9 9 9 9 9 11 100
wwu5 9 9 9 9 9 9 9 34 29 24 34 9 9 9 9 9 9 34 11 19 15 100
wsuter2 9 9 9 9 9 33 9 9 9 9 9 9 9 9 9 9 9 9 29 24 15 19 11 9 34 9 100
thowe1 9 9 33 9 9 9 9 9 9 9 9 9 9 9 9 11 9 9 15 19 11 34 100
jhouge 9 9 9 9 9 9 100
slemaign 9 9 9 9 9 9 9 9 15 19 11 34 100
ldamoose 9 9 9 9 9 34 19 15 11 100
sburnbau 9 24 9 29 9 9 9 9 9 9 9 9 9 100
nwarren 9 9 9 9 9 9 9 9 9 9 9 9 9 9 9 34 11 15 19 100
bconnol3 9 29 9 9 9 9 9 9 9 15 19 11 9 34 100
rheitkam 9 9 9 9 9 9 9 9 9 9 9 9 9 9 9 9 11 34 9 15 19 100
jmullike 9 9 9 9 9 9 9 9 9 34 11 15 19 100
chickey3 9 100
athoma24 9 9 9 9 9 9 9 9 9 9 9 9 33 9 9 9 9 9 11 9 11 15 19 100
rgensler 9 9 9 9 9 9 9 9 9 9 9 9 9 9 9 9 9 9 9 34 11 15 19 100
kthornt4 9 9 11 34 9 9 9 15 19 9 100
pvlandis 9 9 9 9 9 9 9 9 9 9 11 34 15 19 9 100
mmizraji 9 9 34 9 11 15 19 9 9 9 9 34 9 100
zpavlin 9 9 9 9 9 9 11 34 15 19 100
ydeng3 9 9 9 31 34 9 9 100
kfox8 9 9 29 24 9 9 9 9 9 9 9 9 15 19 11 100
lsulli11 9 9 9 9 9 9 9 9 9 9 9 9 9 15 19 11 9 7 100
jgorman6 9 29 24 9 9 9 9 9 9 9 9 100
enunez 9 9 9 12 9 9 9 9 9 9 9 9 9 9 9 9 9 9 9 9 9 9 100
jdirksen 9 9 9 9 34 100
whornby 24 29 9 9 9 9 9 9 9 9 9 9 11 11 9 100
jwade5 9 15 19 11 9 9 9 9 9 9 9 9 9 100
mblatt1 9 9 9 9 9 9 9 9 15 19 11 100
jowusuko 9 9 9 9 9 29 24 34 9 100
mmang 9 9 9 9 9 9 9 9 34 11 9 15 19 100
waberger 9 9 9 9 9 9 9 9 34 11 15 19 100
llombar2 9 9 9 9 9 9 9 9 11 15 9 15 19 34 11 100
gkaiser 9 9 9 9 9 7 9 7 9 9 34 9 9 100
koconn27 9 24 29 9 9 100
aweishan 9 9 9 34 11 9 9 15 19 9 100
mcaskey 9 9 9 34 11 100
jguarino 24 29 9 9 9 9 9 9 9 9 9 9 9 100
cseymou2 9 9 9 9 9 9 9 9 9 9 9 9 34 11 15 19 100
dplagenz 9 9 9 9 9 9 9 9 9 9 9 9 9 9 9 9 34 11 15 19 9 100
csasso 9 9 9 9 15 19 11 34 15 100
amccar11 9 9 9 9 9 9 9 15 9 34 19 11 100
yshi6 9 9 9 9 9 9 9 9 100
minoue2 9 9 9 9 9 9 9 9 9 9 100
jwinebre 24 29 9 9 9 9 9 9 9 9 9 9 9 9 9 9 9 9 9 34 11 9 100
sgalbens 9 9 9 29 24 34 9 9 9 9 9 100
jlazzara 9 9 9 9 9 9 9 100
vruesch 9 9 9 9 9 9 9 9 9 9 9 15 9 19 11 100
nniere 9 9 9 9 9 9 9 9 9 9 9 9 9 9 33 9 9 9 100
ghong 9 9 15 19 11 9 9 100
bhogan1 9 9 9 9 9 9 9 9 9 9 9 9 9 9 9 9 9 9 9 9 9 100
wdu 9 100
tmercier 9 9 9 9 33 9 33 9 9 9 34 9 11 9 15 19 100
esunshi1 9 9 9 9 9 9 9 9 9 9 11 34 9 9 15 9 19 11 34 9 100
eevans9 9 9 100
bkenney1 9 9 29 9 24 9 9 9 9 9 9 15 19 11 100
cdieckma 9 9 9 15 19 11 100
mcoggins 9 9 9 9 9 9 9 9 9 9 34 15 19 11 100
lblitzer 9 9 9 9 9 9 9 11 19 15 100
jdelledo 9 9 9 9 9 9 9 9 9 9 34 9 9 11 15 19 100
mfreedlu 9 9 9 9 15 19 11 34 100
tprice4 9 9 9 9 9 9 9 9 9 15 19 11 100
lbarret2 9 9 9 9 9 9 9 9 15 19 11 34 100
eralph 9 9 9 9 9 9 9 15 19 11 9 100
bhalliga 9 9 9 9 25 9 9 9 9 7 9 9 9 9 24 29 9 9 9 11 15 19 100
sroennec 9 9 9 9 9 9 9 9 9 9 15 34 19 11 100
jmurph32 9 15 11 19 100
cfrentze 9 9 9 9 9 9 9 9 9 9 34 19 11 100
mnewcome 9 9 100
jsitarsk 9 29 24 33 9 9 9 9 11 15 100
tpreko 9 9 9 9 34 11 9 15 19 9 100
mtreacy 9 9 9 9 9 15 11 19 9 100
ccampb21 9 9 24 29 9 9 9 9 9 9 9 9 15 100
rrivera8 9 9 9 9 9 11 15 9 34 19 9 100
rblack4 9 9 9 11 9 9 9 9 15 19 9 100
jwelsch 34 9 9 29 24 9 9 9 9 9 15 19 11 9 34 100
jgately1 9 9 9 9 9 11 100
gdean 9 9 9 15 19 11 9 9 9 9 9 100
ewigutow 9 9 9 9 9 9 9 9 15 19 11 100
dgibbon2 9 29 9 9 9 9 9 9 9 9 100
cmorton2 9 29 24 9 9 9 9 11 100
mrooney6 9 9 9 9 34 9 11 9 15 19 9 100
mmoran12 9 9 9 9 9 9 9 9 9 9 11 15 19 9 100
jwalte10 9 9 9 15 19 11 34 100
jcarney6 9 9 11 34 9 11 15 15 19 19 100
pmeyer3 9 9 9 9 9 9 34 9 34 11 32 15 9 9 19 9 34 100
icallaha 9 9 9 9 9 9 9 9 9 34 11 15 19 9 100
dtoth1 9 9 9 9 9 9 9 9 9 9 9 9 9 7 9 9 9 9 9 9 9 9 9 9 9 9 9 9 100
kkostola 9 11 9 9 9 100
dlee26 9 9 34 24 29 11 19 100
yying 24 29 9 9 9 9 7 9 9 9 9 9 9 9 9 9 100
swagy 9 9 9 9 9 9 9 9 9 9 34 11 15 19 100
rroque1 9 9 9 9 9 9 9 100
kdantoni 9 9 9 9 9 9 9 9 9 9 34 15 19 11 100
wmohler 9 9 9 9 9 9 9 15 19 11 34 9 34 11 100
lklein1 9 9 9 100
jbecker9 9 29 24 34 100
hrague 9 9 9 9 9 9 9 9 9 34 19 15 11 100
cott 9 9 9 33 9 9 9 9 9 9 9 9 34 11 15 19 100
mholzbau 9 9 9 9 9 9 33 9 34 9 11 9 15 19 100
mhawkin3 9 9 100
lharmon 9 9 9 9 34 11 15 19 100
elazzaro 9 9 9 9 9 9 9 9 9 9 9 9 9 9 9 9 9 9 9 9 9 100
tburley 9 9 9 29 24 9 100
shenn 9 11 19 9 15 100
jgomez5 9 100
jfries3 9 9 9 9 9 9 9 9 9 15 19 11 100
bniemoel 9 9 9 15 100
kriordan 9 100
jmurph33 9 9 9 34 11 15 9 19 100
dcorr1 29 24 9 9 9 9 9 9 100
cemenalo 9 9 9 9 9 34 15 19 11 100
yjung2 9 29 24 9 9 9 9 9 9 100
rpappas 9 9 9 9 9 9 9 9 9 9 9 9 9 9 15 19 11 100
mmerric1 9 29 24 9 9 9 9 9 9 9 9 100
mdosch 9 9 9 9 9 9 15 19 11 34 9 9 9 9 100
jbettag 9 9 9 9 9 100
jbernin1 9 9 9 9 9 9 9 9 9 9 11 100
gbruenin 9 11 9 9 15 19 11 9 9 100
ddallava 9 9 9 34 9 9 9 34 11 15 19 9 100
cgamboa 9 9 9 9 11 34 100
nquartir 9 9 9 9 9 9 11 9 9 9 15 19 11 9 9 9 15 19 100
lfaubion 9 9 9 9 29 24 9 9 9 9 9 9 9 15 19 11 100
cwilso24 9 9 9 9 9 9 9 34 11 9 9 15 19 100
aursino1 29 24 9 9 9 9 9 9 9 34 9 11 15 19 100
msummer2 9 100
kramm 9 9 9 9 9 11 34 100
jchapple 9 9 29 24 9 9 9 9 100
jbonds 9 34 9 11 9 33 15 34 19 100
dbirzer 9 29 24 9 9 9 9 100
cfish 9 9 9 34 100
nholmes1 9 100
ngiovino 9 9 9 24 11 34 15 19 100
eherber1 9 9 9 9 34 9 9 9 11 15 19 100
cgallag3 9 9 9 9 9 9 34 11 100
tzheng2 9 9 9 9 9 15 19 11 9 9 100
mgerber 9 29 24 9 9 15 19 11 34 100
jcolli23 34 24 29 9 9 9 34 9 9 9 9 9 34 9 11 9 9 9 15 19 100
awalton3 9 9 9 9 9 9 9 11 100
vwhitmor 9 9 9 9 11 34 15 19 9 9 9 100
rpellica 9 29 24 9 9 9 9 9 9 33 9 9 9 9 100
rmyers9 9 9 9 15 19 11 9 34 100
mdillon7 9 9 15 9 9 34 11 19 100
jdoerer 24 9 9 9 9 9 9 9 9 9 9 9 9 9 9 9 9 100
gbiltz 9 9 9 9 9 9 9 9 9 9 9 9 9 34 15 19 11 23 20 18 8 10 0 34 5 12 2 28 32 6 100
aheck1 9 9 9 9 9 9 15 19 11 9 100
ucooper 9 9 9 9 9 9 9 7 9 9 9 100
rschill1 9 24 29 34 9 9 9 9 9 9 9 9 10 9 100
mschlic1 9 9 9 9 9 34 11 100
