dtorgers 12 12 36 36 36 36 12 36 36 36 12 36 36 36 36 12 12 37 12 
mdawson3 12 12 37 12 8 37 12 37 12 
cdavin1 12 12 36 12 12 12 12 12 12 37 12 37 12 
alebron1 12 37 12 
ccooper8 12 37 12 36 36 12 
nweindel 12 12 37 12 
ntownsen 12 12 12 12 12 12 16 
jberg2 12 37 12 37 12 
fhita 12 37 12 12 37 12 
mmcfarli 12 12 23 5 36 16 
mlengwin 12 37 12 
kwurl 12 37 12 25 12 12 23 5 16 37 12 
ccampb20 12 25 16 37 23 
rdiejoma 12 
kkalisik 12 37 12 37 12 
drogers1 12 37 12 16 5 12 37 12 12 
cdelpila 12 
cbolivar 12 12 8 37 12 12 23 37 12 12 
muhlenbr 5 
msmith75 12 37 12 
pmcguir2 12 12 5 16 
jstaten 12 25 12 23 5 16 36 36 12 
mgirod 12 37 12 37 12 
mdonnel6 12 12 5 16 12 37 12 23 
zgartenh 12 37 12 37 12 12 37 12 36 36 12 
mfitzg14 12 
alabella 12 37 12 37 12 37 16 
bferrer1 12 12 37 12 12 37 12 
pcataldi 12 
aohri 12 12 37 12 12 37 12 37 12 
pklekamp 12 37 12 
amccar10 12 
nwamble 12 37 12 37 12 
wwu5 12 12 
wsuter2 12 37 12 12 12 
thowe1 12 8 
madeniyi 12 12 
mmian 12 12 8 37 12 
jsoares 12 36 12 12 
jhouge 12 16 37 5 
slemaign 12 37 12 10 30 37 12 4 25 12 37 12 37 12 10 12 
ldamoose 12 37 12 37 12 37 12 37 12 
sburnbau 12 
nwarren 12 
bconnol3 12 12 37 12 23 5 25 37 12 23 5 16 25 
rheitkam 12 10 30 4 25 
jmullike 12 37 12 12 37 12 37 12 37 12 
chickey3 12 23 5 16 12 
athoma24 12 
rgensler 12 
kthornt4 12 12 37 12 37 12 12 10 30 37 12 25 4 37 12 30 
pvlandis 12 12 12 12 12 12 37 12 12 23 16 37 12 12 
mmizraji 12 12 
zpavlin 12 12 25 23 5 16 
ydeng3 12 37 12 
kfox8 12 12 37 12 12 10 30 4 12 37 12 37 12 37 12 
lsulli11 12 8 37 12 
jgorman6 12 12 
enunez 12 36 36 36 36 36 36 12 12 12 12 12 12 12 12 12 12 37 12 12 37 12 37 12 12 37 12 12 5 23 16 37 12 12 37 12 8 
mtardy 12 12 24 12 30 4 10 25 37 12 24 30 
jdirksen 12 25 36 36 12 37 12 37 23 
whornby 12 
jwade5 12 12 37 12 12 37 12 37 12 37 12 12 12 8 
mblatt1 12 12 23 5 16 37 12 12 12 
jowusuko 12 
jcorpora 12 37 12 
mmang 12 
waberger 12 12 
llombar2 12 
gkaiser 12 12 37 16 36 36 36 36 23 37 12 37 12 8 
koconn27 12 36 36 36 36 36 36 12 37 12 
aweishan 12 
mcaskey 12 12 12 37 12 
jguarino 12 37 12 
cseymou2 12 37 5 16 
dplagenz 12 
csasso 12 37 12 
amccar11 12 36 36 36 36 36 5 16 
yshi6 12 
tpillai 12 37 12 
minoue2 12 12 36 36 36 36 12 12 37 12 37 12 12 37 12 37 12 25 36 36 23 5 16 12 12 8 
jwinebre 12 25 36 36 36 12 12 23 5 12 16 
tanggara 5 16 36 36 36 36 12 
jlazzara 23 
vruesch 12 12 37 12 37 12 12 37 12 23 5 16 
nniere 12 12 37 12 
ghong 12 
bhogan1 12 37 12 36 36 36 36 36 36 12 
wdu 12 12 37 12 
tmercier 12 37 12 10 30 
esunshi1 12 
bkenney1 12 16 36 36 12 23 5 25 37 12 
asimonet 12 37 5 37 12 
cdieckma 12 16 37 12 12 5 25 
mcoggins 12 37 12 37 12 12 23 5 16 12 25 
jdelledo 12 
mmoore18 12 
mfreedlu 12 12 12 8 25 23 5 16 
ymikulja 12 10 30 12 12 4 37 12 
tprice4 12 
eralph 12 37 12 
bhalliga 12 12 12 10 30 36 36 36 12 12 12 37 12 12 12 16 5 23 36 36 12 
sroennec 12 12 8 
jmurph32 12 37 12 12 36 12 37 12 37 12 12 12 23 37 12 23 16 
cfrentze 12 8 
mnewcome 12 37 12 37 12 
tpreko 12 25 37 12 12 25 12 12 12 23 5 12 12 16 
mtreacy 12 
ccampb21 12 37 16 
rrivera8 12 10 30 4 25 36 12 12 36 36 36 12 16 4 
rblack4 12 12 8 
jwelsch 12 30 8 
jgately1 12 12 12 37 12 
gdean 12 
ewigutow 16 
dgibbon2 12 8 12 37 12 37 12 12 37 12 
cmorton2 12 12 10 36 36 30 4 37 12 
mrooney6 12 12 16 5 23 
mmoran12 12 37 12 37 12 37 12 12 8 37 12 37 12 37 12 37 12 
jwalte10 12 12 10 30 4 25 37 12 12 12 37 12 23 5 16 25 
pmeyer3 12 37 12 37 12 25 16 
icallaha 12 37 12 
dtoth1 12 
kkostola 12 12 36 36 12 36 36 12 8 37 12 25 37 12 36 12 37 12 36 36 36 36 36 12 12 12 23 16 
dlee26 12 37 12 37 12 
yying 12 37 12 23 5 16 
rroque1 12 12 23 5 16 
wmohler 12 25 5 16 
lklein1 12 36 36 36 36 36 36 12 37 12 
jbecker9 12 
hrague 12 12 12 37 12 25 10 30 4 
cott 12 25 23 5 16 25 
mholzbau 12 12 12 37 12 37 12 
mhawkin3 12 
lharmon 12 37 12 25 36 12 10 30 4 12 
elazzaro 12 
tburley 12 37 12 12 37 12 
shenn 12 37 12 23 5 16 36 12 12 
jgomez5 12 37 12 
jfries3 12 12 
bniemoel 12 
kriordan 12 37 12 
jmurph33 12 12 8 25 
dcorr1 12 37 12 
cemenalo 12 25 
rpappas 12 37 12 12 
mmerric1 12 
mdosch 12 
jbettag 12 
jbernin1 12 
hrivers 16 36 36 36 36 12 12 25 
gbruenin 12 10 30 4 37 12 37 12 37 12 23 5 16 37 12 37 12 8 
ddallava 12 12 16 36 12 5 25 36 36 23 12 
nquartir 12 
lfaubion 12 12 12 12 10 12 37 12 5 12 16 
cwilso24 12 12 8 
aursino1 12 
msummer2 12 37 12 12 16 5 23 
kramm 12 8 37 31 9 
jchapple 12 12 36 12 37 12 
jbonds 12 25 37 12 36 36 36 16 5 36 23 37 12 
dbirzer 12 37 12 37 12 37 12 10 30 27 
cfish 12 10 30 4 25 37 12 12 5 16 10 36 12 23 36 36 36 36 36 12 8 
nholmes1 12 25 4 30 10 37 12 25 12 12 12 25 12 12 10 30 12 4 
ngiovino 12 36 36 36 36 36 12 12 12 8 25 23 5 16 12 12 
eherber1 12 
cgallag3 12 37 12 12 
wstackma 12 
tzheng2 12 12 10 30 4 12 
jcolli23 12 23 25 5 37 12 
awalton3 12 16 
vwhitmor 12 12 37 12 12 37 12 37 12 37 12 23 5 16 25 37 12 12 16 36 12 
rpellica 12 12 12 25 23 5 16 36 12 
rmyers9 12 12 37 12 36 36 36 36 23 5 36 36 16 25 
mdillon7 12 
jdoerer 12 12 37 12 12 25 12 10 30 12 12 30 10 4 37 12 37 12 
gbiltz 12 12 37 12 
areaves 12 25 37 12 36 12 
aheck1 16 
ucooper 12 37 12 23 5 16 37 12 
tguinan 12 23 5 16 37 12 37 12 16 
mschlic1 12 12 16 16 37 12 10 30 37 12 4 37 12 37 12 37 12 37 12 37 12 
mperry6 12 16 12 37 12 5 16 23 37 12 23 12 
jfenton1 12 
csauder 12 
alowney 12 
zkagalw1 12 12 23 5 
swilkin4 12 12 12 
imarx 12 12 8 8 37 12 25 37 12 10 30 37 12 
cschmid7 12 36 12 37 12 12 10 30 4 37 12 23 5 16 
abenavi3 12 
sweyhmil 12 37 12 6 5 16 37 12 23 37 12 
sgenz 12 12 37 12 12 25 37 12 10 30 4 12 37 12 37 12 12 
mwu4 12 10 30 4 12 36 36 10 
adichris 12 8 
scrotty1 12 
pdesousa 12 12 16 23 8 
mkuehl 12 12 8 37 12 23 32 36 36 12 36 36 8 32 20 37 12 
lfitter 5 
kenriett 12 5 16 12 12 23 37 12 
emostyn 12 37 5 16 37 12 
edohert1 12 37 12 37 12 25 10 37 12 30 10 
amellert 16 
aandrade 12 10 30 4 36 36 12 37 12 
tdann 12 
sielusic 12 12 37 12 12 24 12 3 27 12 12 37 12 10 30 12 12 12 36 36 12 37 12 12 4 12 
mlicursi 12 37 12 23 5 16 
mdrake2 12 
lhe3 12 12 10 10 12 12 37 12 37 12 37 12 12 37 12 25 23 36 36 12 5 37 12 12 16 
inegroro 12 25 23 16 37 12 
afonash 12 10 30 25 37 12 37 12 25 12 16 5 23 
obarnard 12 37 12 5 16 23 
nbenz 12 23 5 
lhuang3 12 25 37 12 12 23 5 16 37 12 
jwessele 12 23 5 16 25 
jmastron 12 25 10 30 12 4 
cpickfor 12 
bmoasser 12 
obaitlot 12 37 12 37 12 12 4 10 30 12 36 12 12 37 12 12 
kmollenk 12 36 36 36 36 36 12 8 
bmoreno1 16 
smanriqu 12 
ldougla3 12 36 36 36 36 12 37 12 10 30 4 37 12 12 37 12 12 12 25 
jmcconn1 12 
ecahill 12 25 5 37 12 12 23 
dshaw4 12 12 25 10 30 4 37 12 12 37 12 
alucche1 12 25 23 16 
odonnel1 12 
mpirko 12 
mlyden1 12 
mdekold 12 
esalina1 12 12 12 12 10 10 30 30 4 4 25 25 12 12 37 12 12 12 12 37 12 
adiederi 12 23 5 16 25 
sholtz1 12 5 25 37 12 16 37 12 
sdann 12 10 37 12 37 12 37 12 5 16 8 23 36 12 
pkolek 12 37 12 25 10 30 12 4 36 12 12 
nhaymond 12 
kmuha 12 12 8 37 5 
kfeehan 12 
kalme 12 37 12 
ivaldess 12 25 37 12 23 36 16 
esmith30 12 12 23 23 5 5 16 16 
sreddy4 12 37 8 23 5 16 25 37 12 12 12 12 
rboylan 12 12 
ncheng 12 23 5 16 25 
mgelchio 12 37 12 10 37 12 37 12 37 12 
jzelinsk 12 37 12 25 23 5 16 
gworthin 12 12 37 12 37 12 12 25 23 16 
dfabrega 12 37 12 25 37 12 
adunniga 12 37 12 23 5 16 
scrippes 12 23 12 5 16 
mschutze 12 12 37 12 12 25 12 25 10 30 4 
mpavloff 12 10 30 4 12 25 36 36 12 12 
losecco 23 5 
lnixon1 5 16 
kmurray7 12 30 37 12 12 23 5 16 
jshard 12 
hthomps4 12 12 16 5 23 
estrouse 12 12 
odegnim 12 23 5 16 
kcox5 12 25 12 12 12 23 36 36 36 36 36 16 12 8 
kborotho 12 37 12 23 12 
jbertram 12 37 12 
ekeuler 12 37 12 
egeyer1 12 23 5 16 25 37 12 23 5 16 25 
dlong2 12 
bpierpoi 12 12 12 25 36 36 36 36 12 12 12 12 10 30 37 12 37 12 
apavelka 12 
rbartle1 12 23 5 16 25 36 12 12 
nyusko1 12 
motten1 12 25 23 5 16 
kmountf1 12 37 12 10 30 4 37 12 36 36 12 10 30 4 
jeversol 12 12 25 4 37 12 8 12 25 23 16 5 37 12 
ereynol5 12 37 12 23 5 16 25 37 12 23 5 16 
dpatel2 12 12 25 
bgawel 12 37 12 
apanousi 12 12 
tngochi 12 10 30 4 25 37 12 
tdasso 12 25 12 10 30 4 37 12 37 12 12 23 5 16 
rwittmer 12 12 37 12 37 12 37 12 10 30 
rvazza 12 
nhong 12 12 12 
mrohling 12 12 12 36 36 23 5 16 37 12 37 12 12 37 12 12 
edebassi 23 25 12 
dsmith53 12 5 
cdowicz 12 
bnakfoor 12 23 
akhemani 12 12 12 12 36 36 10 23 5 16 12 8 
ahughes8 12 10 30 4 12 36 36 12 
pbetz 12 
mmccor15 12 
mgray10 12 25 23 5 16 
mfraizer 12 37 12 8 
lherna11 12 10 10 4 25 
jmolumph 12 10 30 4 37 12 37 12 30 12 8 12 23 5 16 
hzweberl 12 25 23 36 16 
bpowell4 12 37 12 
mdownin1 16 
lduggan 12 36 36 36 36 12 
kmclaug3 12 12 12 12 16 
kbulleit 12 12 25 12 30 10 12 37 12 8 12 
jplas 12 12 4 30 10 37 12 
jbrown36 12 12 5 23 37 12 12 23 16 
dkim30 12 37 12 37 12 
cmyers11 12 12 12 23 5 16 12 37 12 
amora2 12 37 12 23 5 16 12 
xtsai 12 10 36 36 36 25 12 12 30 4 37 12 37 12 
nisakson 23 
lmcfadde 12 8 37 12 8 
kmurph44 12 12 
hadams3 12 10 30 37 12 
enichol4 12 37 12 
egroth 12 
aheinzma 12 37 12 23 
ahall2 12 
adecker1 12 12 8 37 12 
aameen 12 10 30 36 25 4 36 36 36 36 12 12 12 
zwall 12 37 12 12 12 25 37 12 37 12 23 5 16 
sdeschne 12 37 12 37 5 12 
lwatts1 12 16 25 36 36 36 36 36 36 23 5 
krochefo 12 37 12 12 10 30 4 
jholguin 12 12 36 36 36 12 12 36 36 12 12 37 12 
evandier 12 37 12 12 36 36 36 0 0 36 36 8 37 12 37 12 
eclapp 12 37 12 37 12 37 12 12 12 4 10 
awaldsch 12 37 12 
adevito1 12 37 12 12 23 
tsilva1 12 
oivan 12 12 37 12 37 12 37 12 37 12 12 25 10 
mmarti45 12 37 12 8 37 12 
mjorden 12 12 12 12 36 36 36 12 37 12 
ldorenko 12 25 23 
ktracey 12 12 25 37 12 12 25 
krothmey 12 10 30 4 
kbiladea 12 23 5 25 12 10 30 4 36 36 36 36 12 12 
jweas 12 10 30 4 12 25 
jgoldsch 12 12 15 15 10 10 25 25 30 30 4 4 12 12 37 12 37 12 37 12 25 23 5 16 
jdraves 12 37 12 10 30 4 25 36 12 36 12 37 12 
gotte1 12 12 37 12 
emeara 12 
bmurph24 12 
azammit 12 
kgalla21 12 25 37 12 37 12 10 30 36 36 36 4 36 36 12 
kgalla20 12 
kfranz1 12 12 12 12 25 25 10 10 30 30 4 4 37 12 37 12 25 37 12 23 5 16 
jsutton3 12 25 36 36 36 5 
jhegart2 12 37 12 37 12 8 
japplew1 12 37 12 8 
fschemel 12 37 12 12 25 23 5 16 
elinares 12 37 12 10 37 12 12 4 30 12 12 
cmulshin 12 12 12 12 12 25 23 8 5 16 
cmagnuss 12 
ccleary1 12 12 37 12 37 12 12 25 23 37 12 5 12 16 
abohling 12 37 12 37 12 12 
mscanish 12 12 12 12 5 16 23 
mkirven 12 12 37 12 37 12 12 10 30 37 12 37 12 12 
lkim3 12 12 37 12 12 37 12 
lgrabows 12 12 12 25 12 16 
jnowak4 12 12 37 12 12 10 30 4 
bmerrick 12 37 12 23 
bgagnon 12 12 10 10 30 30 4 4 
tmansell 12 25 5 23 16 37 12 12 
rrocco 12 37 12 
rpuno 12 
kpresteg 12 37 12 10 30 4 25 37 12 37 12 23 5 16 25 
jbaines 12 37 12 
blemay 12 12 12 
aromano2 12 12 4 4 25 25 10 10 30 30 36 36 12 37 12 16 23 5 
alongsta 12 
szachari 12 12 12 10 30 25 37 12 25 12 23 5 16 
spalumb1 12 37 12 25 23 36 36 36 12 16 36 36 12 37 12 8 
pcamara 12 37 12 12 8 
operez2 12 
nvincent 12 19 23 36 36 36 36 36 5 36 36 16 
lgelin 12 37 12 30 8 37 12 23 36 36 36 12 5 16 36 36 12 
ldomenel 12 12 12 12 12 12 36 36 36 36 36 36 12 12 10 10 30 30 37 12 12 12 
jpaul2 12 
ischmitz 12 16 37 12 23 
egorman5 12 
eeagle 12 12 12 12 10 10 30 30 12 12 37 12 37 12 30 4 12 12 37 12 37 12 
dallen13 12 37 12 12 30 
cdenzel 12 25 23 5 16 12 
asowell 12 37 12 12 
yzou2 12 37 8 
speter14 12 37 12 12 12 12 12 12 37 12 12 
pmcmonag 12 37 12 23 5 36 16 25 
jruane 12 12 12 12 37 12 23 5 36 16 
everhey 12 23 5 16 
esoller 12 37 12 
egorman6 12 12 16 5 
ckotseos 12 12 12 3 10 12 23 12 12 5 12 16 
cganley 12 8 
asweet 12 12 
sincera 10 30 4 37 12 
phennes2 12 37 12 8 
msahd 12 12 10 10 37 12 30 4 37 12 37 12 37 12 5 23 16 12 
kkolleck 12 12 25 12 8 12 5 23 16 12 
kconrad2 12 36 36 36 12 12 37 12 
jgonnard 12 4 
hsarkey 12 36 36 36 36 12 23 16 
hholden 12 10 30 4 25 
epil 5 
tfross 12 12 3 3 24 24 27 27 10 10 30 30 4 4 25 25 37 12 
sbindel 12 12 25 5 37 12 23 16 
rmaqbool 12 37 12 37 12 16 5 23 
kcockrel 12 
jphilli8 12 37 12 16 37 12 37 12 
jmarino6 12 12 25 8 23 5 16 
eguenthe 12 
ecaradon 12 37 12 12 25 12 12 23 5 16 
creid4 12 8 
carizama 12 
bbrunin1 12 25 37 10 23 5 16 37 12 37 12 37 12 12 
svukovit 12 37 12 
msteph11 12 10 30 4 25 36 12 37 12 
mraster 12 37 12 25 
jzacher 12 37 12 10 30 4 37 12 12 37 12 23 5 16 37 12 12 12 
