dtorgers 12 12 12 12 12 12 12 8 36 36 12 12 12 12 12 12 37 12 12 37 12 12 12 37 12 12 36 36 12 37 12 12 37 12 12 12 37 12 12 36 36 12 12 37 12 12 37 12 12 36 36 36 12 37 12 12 12 37 12 12 36 36 12 12 37 12 12 12 36 12 12 12 12 
mdawson3 12 36 36 36 36 12 12 37 12 37 12 12 36 36 36 36 12 37 12 12 12 37 12 36 12 2 33 26 25 36 36 36 12 37 12 12 
cdavin1 12 37 12 12 36 36 36 12 36 36 36 36 36 12 12 12 37 12 12 12 12 37 12 37 12 37 12 37 12 
alebron1 12 37 12 8 37 12 37 12 12 12 2 26 33 25 8 37 12 12 12 12 12 37 12 12 8 
ccooper8 12 37 12 37 12 37 12 37 12 37 12 25 36 12 37 12 37 12 37 12 37 12 36 36 12 2 26 33 37 12 12 37 12 
nweindel 12 37 12 25 36 36 36 36 2 26 36 36 33 33 36 36 12 12 37 12 36 36 36 12 26 37 12 37 12 
ntownsen 12 37 12 12 37 12 34 22 28 12 12 37 12 37 12 37 12 12 36 36 36 36 36 36 12 12 12 12 12 12 12 37 12 12 37 12 37 12 12 25 37 12 12 12 2 26 33 12 
jberg2 12 12 12 37 12 37 12 12 12 36 36 36 36 12 37 12 37 12 37 12 12 37 12 
fhita 12 37 12 37 12 37 12 37 12 36 36 12 2 26 33 37 12 
mmcfarli 12 12 37 12 37 12 12 37 12 37 12 12 25 8 37 12 12 37 12 12 37 12 3 36 24 36 36 36 27 36 12 36 36 36 36 12 
mlengwin 12 37 12 37 12 37 12 37 12 37 12 37 12 36 36 36 36 12 2 26 33 25 37 12 37 12 
kwurl 12 37 12 12 37 12 12 37 12 37 12 37 12 12 25 26 2 37 12 
ccampb20 12 28 25 37 12 12 22 25 34 28 36 36 12 
pbrown10 12 12 37 12 25 12 12 12 34 22 28 12 37 12 12 37 12 12 37 12 37 12 37 12 12 
rdiejoma 12 36 36 36 12 22 26 33 12 28 34 37 12 34 37 12 36 36 36 36 36 12 12 37 12 37 12 37 12 12 2 26 33 12 37 12 12 
kkalisik 12 12 12 37 12 12 37 12 36 36 12 22 36 28 36 36 36 12 34 37 12 37 12 
drogers1 12 37 12 37 12 12 12 12 25 37 33 37 12 37 12 
cdelpila 12 34 12 25 22 28 22 12 12 12 12 36 36 36 36 36 36 12 37 12 37 12 37 12 
cbolivar 12 34 25 36 36 36 36 22 28 36 36 36 36 12 37 12 
muhlenbr 12 25 37 12 2 26 33 37 12 25 12 2 33 12 12 37 12 12 
msmith75 12 37 12 37 12 12 25 
pmcguir2 12 37 12 37 12 37 12 37 12 2 26 33 37 12 
jstaten 12 37 12 25 2 26 33 37 12 
mgirod 12 37 12 37 12 37 12 37 12 37 12 37 12 37 12 12 2 26 33 
mdonnel6 12 36 12 34 37 12 22 28 37 12 28 37 12 37 12 12 37 12 12 33 12 37 12 2 26 
zgartenh 12 37 12 37 12 37 12 37 12 2 26 33 36 25 37 12 12 25 3 24 27 37 12 
mfitzg14 12 37 12 36 36 36 36 12 36 36 12 12 37 12 36 12 12 37 12 33 25 
alabella 12 37 12 12 37 12 37 12 37 12 26 25 33 2 37 12 37 12 
mcomunie 12 37 12 12 37 12 36 12 37 12 12 36 36 36 36 12 9 36 36 12 
bferrer1 12 37 12 12 12 2 12 12 12 12 25 26 33 12 37 12 37 12 37 12 37 12 
pcataldi 12 37 12 12 12 26 2 33 37 12 
aohri 12 37 12 12 37 12 12 22 2 26 33 37 12 36 36 12 12 2 37 12 36 36 36 12 
pklekamp 12 12 37 12 37 12 37 12 12 37 12 37 12 37 12 
amccar10 12 12 36 36 36 36 12 12 37 12 37 12 12 12 8 2 12 33 26 37 12 
nwamble 12 37 12 36 36 36 36 36 12 37 12 37 12 12 37 12 12 2 26 33 37 12 37 12 
wwu5 12 37 12 
wsuter2 12 37 12 37 12 37 12 37 12 37 12 37 12 12 2 26 33 37 12 
thowe1 12 37 12 22 28 34 25 12 37 12 37 12 12 37 12 36 36 36 36 36 12 37 12 2 26 33 36 36 36 36 36 12 
madeniyi 12 37 12 12 26 33 25 37 12 36 36 12 37 12 36 36 12 12 2 37 12 12 12 37 12 12 
mmian 12 37 12 37 12 37 12 37 12 37 12 12 37 12 37 12 37 12 
jsoares 12 12 12 12 37 12 22 28 34 12 12 36 36 12 37 12 36 36 36 36 12 
jhouge 12 36 2 26 33 37 12 37 12 12 37 12 12 
slemaign 12 12 37 12 37 12 37 12 12 2 26 33 12 
ldamoose 12 37 12 37 12 37 12 37 12 12 37 12 37 12 25 
sburnbau 12 37 12 37 12 37 12 37 12 37 12 36 36 36 36 12 12 27 12 26 12 33 
nwarren 12 37 12 37 12 37 12 37 12 37 12 12 25 2 26 
bconnol3 12 37 12 37 12 
rheitkam 12 37 12 37 12 2 26 33 25 
jmullike 12 37 12 25 2 26 33 37 12 37 12 12 33 37 12 
chickey3 12 2 26 33 36 36 36 36 12 37 12 37 12 37 12 
athoma24 12 12 37 12 37 12 37 12 37 12 2 33 26 36 36 12 36 12 12 37 12 12 37 12 12 3 12 24 36 27 
rgensler 12 37 12 37 12 37 12 36 36 36 36 36 12 37 12 25 37 12 25 2 26 33 37 12 37 12 
kthornt4 12 37 12 
pvlandis 22 28 37 12 12 12 12 37 12 25 37 12 36 12 33 
mmizraji 12 12 12 25 12 12 37 12 
zpavlin 12 37 12 12 12 12 25 
ydeng3 12 18 31 11 25 
kfox8 12 37 12 37 12 37 12 12 25 2 26 33 37 12 
lsulli11 12 37 12 22 28 34 12 9 12 12 36 12 37 12 12 37 12 37 12 37 12 12 37 12 12 
jgorman6 12 12 12 34 22 28 37 12 36 12 37 12 12 2 33 12 
enunez 12 37 12 37 12 12 22 28 34 
mtardy 12 22 28 34 36 36 36 36 36 12 8 12 37 12 9 37 12 
jdirksen 12 25 12 34 12 22 28 37 12 
whornby 12 37 12 12 2 12 26 33 
jwade5 12 12 37 12 12 37 12 12 37 12 37 12 37 12 36 36 12 12 12 37 12 12 12 36 36 36 36 12 3 24 27 37 12 12 10 30 4 8 23 5 16 
mblatt1 12 37 12 
jowusuko 12 37 12 37 12 37 12 25 37 12 12 37 12 37 12 37 12 37 12 
jcorpora 12 37 12 37 12 37 12 
mmang 12 36 36 12 36 12 37 12 37 12 36 36 36 36 36 12 25 34 37 12 22 28 37 12 12 12 12 37 12 
aakatu 12 22 28 34 37 12 17 36 36 36 36 12 37 12 37 12 33 26 2 2 2 2 12 12 25 
waberger 12 37 12 12 12 25 34 22 28 37 12 
llombar2 12 37 12 37 12 37 12 36 36 36 36 36 12 12 37 12 37 12 2 25 26 33 
gkaiser 12 37 12 2 26 33 25 37 12 12 37 12 37 12 
koconn27 12 37 12 37 12 37 12 37 12 12 33 36 12 12 36 36 36 36 2 26 37 12 37 12 
aweishan 12 25 34 37 12 12 22 28 37 12 37 12 37 12 
mcaskey 12 12 12 25 36 36 36 36 36 12 33 12 2 26 12 12 26 37 12 37 12 
jguarino 12 12 34 37 12 37 12 12 37 12 12 
cseymou2 12 12 37 12 36 36 36 25 34 22 28 36 36 12 36 36 36 36 12 12 36 36 36 36 36 12 37 12 
dplagenz 22 28 12 37 12 37 12 37 12 2 25 26 33 
csasso 12 37 12 25 2 26 33 37 12 37 12 37 12 37 12 
yshi6 12 37 12 
tpillai 12 37 12 37 12 37 12 37 12 37 12 37 12 12 2 33 
minoue2 12 12 8 37 12 37 12 2 26 33 25 37 12 
jwinebre 12 37 12 12 2 26 36 36 33 37 12 12 25 36 36 36 36 36 12 
tanggara 12 
sgalbens 12 12 12 37 12 
jlazzara 12 12 36 36 12 37 12 12 12 25 2 36 12 36 36 36 36 12 37 12 
vruesch 12 12 12 37 12 2 26 33 12 12 12 3 27 24 25 4 36 36 23 8 37 12 37 12 12 
nniere 12 12 37 12 37 12 37 12 12 8 37 12 
ghong 12 37 12 12 12 37 12 12 12 
bhogan1 12 34 12 22 28 37 12 37 12 37 12 26 2 33 37 12 
wdu 12 37 12 12 23 5 36 36 36 36 36 16 37 12 
tmercier 12 37 12 25 12 34 12 22 28 37 12 8 37 12 37 12 
mball 12 12 
esunshi1 12 37 12 37 12 37 12 12 12 2 26 25 33 
eevans9 12 37 12 37 12 37 12 
bkenney1 12 22 28 34 37 12 12 2 26 33 
asimonet 12 22 37 12 34 12 28 37 12 12 
cdieckma 12 22 28 34 37 12 37 12 37 12 12 12 33 2 26 
mcoggins 12 37 12 2 26 33 37 12 
lblitzer 12 12 37 12 37 12 37 12 
mmoore18 12 22 28 34 37 12 37 12 
mfreedlu 12 12 12 37 12 12 2 26 33 
ymikulja 12 12 37 12 12 9 36 36 12 37 12 34 37 12 12 12 36 36 36 36 12 34 
tprice4 12 37 12 2 26 33 12 2 37 12 
lbarret2 12 37 12 12 37 12 12 2 33 26 25 37 12 12 
eralph 12 8 37 12 2 26 33 12 12 12 37 12 12 37 12 37 12 37 12 
bhalliga 12 12 33 2 26 37 12 2 
sroennec 12 22 25 28 34 37 12 37 12 12 
jmurph32 12 12 37 12 37 12 12 37 12 12 22 26 33 
cfrentze 12 25 28 34 37 12 37 12 12 37 12 36 36 36 12 37 12 37 12 25 2 26 33 12 
mnewcome 12 37 12 25 37 12 37 12 3 24 27 25 37 12 12 12 
jsitarsk 12 12 2 26 33 
tpreko 12 25 36 36 36 36 34 37 12 22 28 12 
mtreacy 12 16 23 5 37 12 37 12 
ccampb21 12 37 12 12 22 34 28 12 12 36 36 36 36 36 36 12 37 12 37 12 37 12 37 12 
rrivera8 12 2 33 25 26 33 37 12 
rblack4 12 37 12 37 12 2 26 33 
jwelsch 12 12 12 12 12 2 26 33 37 12 12 37 12 
jgately1 12 34 37 12 12 37 12 37 12 12 37 12 12 
gdean 12 37 12 2 36 36 36 36 36 26 33 
ewigutow 12 12 2 26 33 12 37 12 
dgibbon2 12 37 12 37 12 12 37 12 12 12 12 2 
cmorton2 12 37 12 37 12 37 12 12 2 26 33 
mrooney6 12 12 25 13 29 15 21 19 12 22 12 36 36 12 2 26 33 25 
mmoran12 12 37 12 37 12 12 37 12 37 12 37 12 
jwalte10 12 12 22 28 34 25 
jcarney6 12 34 25 12 34 22 22 28 28 37 12 
icallaha 12 25 2 26 37 12 12 33 12 25 2 26 36 36 12 
dtoth1 12 36 36 36 36 36 12 12 12 36 36 36 36 36 12 12 34 37 12 37 12 37 12 12 12 33 12 8 
kkostola 12 37 12 25 36 36 12 37 12 37 12 12 37 12 37 12 2 26 36 33 
dlee26 12 37 12 25 2 26 33 37 12 12 
yying 12 12 37 12 34 28 37 12 12 36 36 36 36 12 37 12 37 12 37 12 12 
swagy 12 12 37 12 37 12 37 12 36 36 12 37 12 12 25 2 26 33 37 12 
rroque1 12 12 12 37 12 37 12 37 12 2 26 33 12 
kdantoni 12 12 25 26 33 12 
wmohler 12 25 36 34 37 12 
lklein1 12 
jbecker9 12 22 28 34 37 12 37 12 37 12 2 26 33 
hrague 12 37 12 37 12 12 25 2 26 33 
cott 12 12 37 12 25 34 22 28 36 12 
mholzbau 12 2 26 33 37 12 33 12 37 12 8 25 37 12 37 12 12 
mhawkin3 12 2 26 33 37 12 12 
lharmon 12 25 12 37 12 33 37 12 2 37 12 12 2 26 
elazzaro 12 37 12 12 36 36 12 37 12 37 12 2 36 36 36 36 12 26 33 12 
tburley 12 12 34 36 36 36 12 37 12 
shenn 12 12 33 2 12 26 12 37 12 12 
jfries3 12 37 12 2 26 33 
bniemoel 12 37 12 12 12 2 33 26 37 12 12 
mcontrer 12 37 12 12 12 37 12 22 28 34 25 37 12 2 12 22 25 34 37 12 37 12 36 12 33 
kriordan 12 36 36 12 12 12 12 2 26 33 37 12 37 12 37 12 
jmurph33 12 25 34 22 12 28 12 12 37 12 37 12 25 33 2 26 12 
dcorr1 12 36 36 36 12 37 12 12 34 12 28 22 37 12 36 36 12 12 37 12 
cemenalo 12 25 22 28 34 37 12 
rpappas 12 12 22 28 34 37 12 37 12 12 2 26 37 12 37 12 
mdosch 12 22 28 34 25 12 12 12 12 37 12 2 26 33 
jbettag 12 37 12 12 37 12 12 
jbernin1 12 37 12 36 36 36 33 8 37 12 37 12 2 26 33 37 12 
hrivers 12 37 12 37 12 12 8 37 12 2 26 
gbruenin 12 2 26 33 12 36 36 36 12 37 12 37 12 8 
ddallava 12 33 25 2 26 12 
cgamboa 12 12 37 12 2 26 33 37 12 37 12 37 12 
nquartir 12 12 22 28 37 12 37 12 26 2 33 36 36 36 36 36 12 12 37 12 
lfaubion 12 37 12 22 28 34 37 12 37 12 
cwilso24 12 25 34 12 37 12 22 28 37 12 37 12 
msummer2 12 12 12 36 36 36 36 36 12 2 26 33 
kramm 12 37 12 12 34 25 37 12 37 12 25 
jchapple 12 12 37 12 37 12 37 12 36 36 36 12 
jbonds 12 25 33 36 2 36 36 36 36 26 
cfish 12 2 26 33 25 37 12 37 12 37 12 
ngiovino 12 12 12 12 12 34 25 2 26 33 36 12 
eherber1 12 37 12 37 12 37 12 
cgallag3 12 12 25 2 26 
wstackma 12 12 12 12 12 12 36 36 36 12 12 12 12 37 12 12 
awalton3 12 
vwhitmor 12 2 12 25 26 33 2 37 12 
rpellica 12 36 36 36 36 12 12 12 34 12 28 37 12 12 
rmyers9 12 22 28 34 37 12 25 
mdillon7 12 12 25 2 12 26 33 37 12 12 
jdoerer 12 12 37 12 36 36 36 12 36 36 36 36 36 12 12 12 37 12 12 34 22 28 37 12 37 12 37 12 12 37 12 37 12 
gbiltz 12 
areaves 12 12 12 37 12 12 12 34 12 
aheck1 12 37 12 37 12 25 2 26 33 37 12 
ucooper 12 37 12 12 34 22 28 37 12 
tguinan 12 12 9 37 12 12 22 28 34 37 12 12 12 25 37 12 37 12 37 12 37 12 
rschill1 12 12 34 36 36 12 37 28 22 25 12 34 37 12 12 12 37 12 
mschlic1 12 25 34 36 36 36 36 12 22 36 28 37 12 
mperry6 12 12 12 37 12 37 12 2 26 33 
jfenton1 12 28 12 12 26 33 12 12 
csauder 12 37 12 37 12 12 12 2 26 33 12 
alowney 12 37 12 
zkagalw1 12 8 37 12 
swilkin4 12 12 25 34 22 28 37 12 37 12 37 12 36 36 36 36 36 12 25 22 2 26 33 
imarx 12 25 34 28 22 12 37 12 12 
cschmid7 12 37 12 37 12 22 28 34 
awang4 12 37 12 36 12 37 12 36 36 12 2 37 12 
abenavi3 12 
sweyhmil 12 37 12 37 12 37 12 2 26 33 36 36 36 36 36 12 37 12 37 12 37 12 3 27 
sgenz 12 37 12 
mwu4 12 37 12 37 12 2 26 33 36 36 36 36 36 12 
adichris 12 25 22 28 34 36 12 37 12 25 37 12 2 26 33 
scrotty1 12 37 12 37 12 28 34 12 
pfarring 12 36 25 34 36 22 28 
pdesousa 12 36 36 36 36 12 22 28 34 37 12 37 12 
mkuehl 12 37 12 36 36 12 24 36 36 36 3 37 12 
lfitter 12 37 12 37 2 26 33 37 12 
kenriett 12 12 2 36 36 36 36 12 26 33 37 12 37 12 12 3 24 27 37 12 12 36 36 36 36 36 12 25 8 
jruan 12 12 25 37 12 12 2 36 36 26 33 
hzahour 12 12 37 12 12 12 12 37 12 2 26 33 12 
edohert1 12 37 12 12 25 8 37 12 12 
athigpen 12 36 36 36 22 28 36 36 36 36 36 34 12 37 12 36 36 12 
amellert 12 37 12 37 12 37 12 34 22 28 37 12 37 12 37 12 
aandrade 12 37 12 37 12 2 26 33 36 12 
tdann 12 37 12 37 12 26 2 
mlicursi 12 12 34 36 25 22 36 36 36 28 37 12 37 12 37 12 
mdrake2 12 12 25 34 37 12 
lhe3 12 37 12 12 25 37 12 37 12 25 37 12 25 33 
inegroro 12 37 12 37 12 25 34 12 37 12 
obarnard 12 12 2 26 12 33 24 3 27 12 
nbenz 12 25 34 36 36 12 22 28 
lhuang3 12 2 26 33 37 12 37 12 
jwessele 12 22 28 34 25 37 12 12 
jmastron 12 25 26 2 33 
dmarino 12 25 36 36 36 36 24 36 12 12 26 2 33 37 12 37 12 
cpickfor 12 12 34 25 37 12 22 28 37 12 
apurcel1 12 25 34 12 28 36 36 36 36 12 36 36 12 37 12 37 12 
kmollenk 12 12 33 25 8 16 37 12 37 12 12 25 37 12 2 36 12 36 26 37 12 12 33 2 
ccarlso2 12 37 12 37 12 12 25 3 24 27 
bmoreno1 12 12 12 34 22 28 37 12 
smanriqu 12 37 12 12 33 37 12 25 2 26 33 
mmillado 12 37 12 12 2 26 33 36 36 12 
mferrel2 12 34 12 37 22 28 36 36 36 36 12 37 12 37 12 
ldougla3 12 37 12 22 28 34 37 12 37 12 
jmcconn1 12 37 12 37 12 37 12 12 2 26 2 
ecahill 12 12 12 2 26 37 12 33 36 36 36 36 36 12 37 12 
alucche1 12 12 25 36 12 34 12 28 22 37 12 37 12 25 2 26 33 
odonnel1 12 37 12 12 37 12 37 12 36 12 2 26 12 33 
mpirko 12 28 22 37 12 
mlyden1 12 25 2 26 33 
mdekold 12 12 8 
eschnaut 12 12 12 37 12 37 12 12 8 37 12 
esalina1 12 12 12 12 12 25 37 12 32 22 28 37 12 37 12 2 26 33 25 
adiederi 12 37 12 37 12 2 26 33 25 
sholtz1 12 25 22 28 34 
sdann 12 34 12 25 22 28 36 36 36 12 37 12 25 33 12 36 36 2 26 12 37 12 12 
pkolek 12 12 37 12 12 37 12 2 26 36 33 36 12 
nhaymond 12 28 22 34 12 37 12 37 12 2 26 33 36 36 36 12 12 
kfeehan 12 37 12 37 12 37 12 37 12 12 37 12 2 26 33 
kalme 12 12 12 25 2 26 33 37 12 37 12 
ivaldess 12 12 25 37 12 34 22 33 28 12 12 37 12 25 2 36 36 36 26 12 
esmith30 12 12 37 12 12 33 26 2 
ctoudouz 12 33 12 37 12 36 36 36 36 36 12 37 12 3 24 27 37 12 25 
sreddy4 12 22 28 34 25 36 36 36 12 12 37 12 2 26 33 37 12 12 12 36 36 36 12 12 12 12 
rboylan 12 12 12 36 36 12 2 26 33 37 12 37 12 
ncheng 12 25 34 22 28 12 37 12 37 12 
mgelchio 12 37 12 37 12 33 37 12 
jcuji 12 12 34 12 37 12 12 9 
gworthin 12 37 12 25 36 36 36 26 33 
dfabrega 12 12 12 37 12 37 12 25 33 
angov 12 37 12 25 34 22 28 37 12 20 37 12 37 12 37 12 
adunniga 12 37 12 34 22 28 37 12 12 37 12 
skolda 12 33 26 2 12 37 12 12 12 
scrippes 12 34 22 28 37 12 
mschutze 12 25 2 26 33 
mpavloff 12 22 28 34 25 12 37 12 
losecco 12 2 36 26 33 25 37 12 
lnixon1 12 22 12 28 34 12 8 
kmurray7 12 22 12 12 25 37 12 12 25 26 2 25 33 
jshard 12 
ewood1 12 12 12 12 34 37 12 37 12 12 37 12 
estrouse 12 
sekanay1 12 37 12 25 34 37 12 22 28 
odegnim 12 34 36 36 22 12 28 37 12 
kcox5 12 25 36 36 36 34 22 28 12 
kborotho 12 37 12 22 12 28 12 34 12 
jbertram 12 34 22 28 8 2 12 34 26 12 33 12 3 27 36 36 24 4 10 23 37 12 12 8 30 10 5 16 23 
hbyrne 12 8 37 12 37 12 
ggulyas 12 37 12 
ekeuler 12 37 12 37 12 12 36 12 37 12 12 12 37 12 37 12 23 5 16 37 12 37 12 
egeyer1 12 37 12 22 28 34 25 12 
dlong2 12 12 25 12 12 2 33 37 12 12 3 25 24 
bpierpoi 12 12 34 37 12 37 12 37 12 37 12 
apavelka 12 12 37 12 2 26 33 25 
rbartle1 12 22 28 34 12 37 12 12 12 12 37 12 37 12 37 12 2 26 33 
nyusko1 12 37 12 22 28 37 12 37 12 
motten1 12 12 37 12 
molsen3 12 37 12 12 25 2 26 33 
mdambros 12 37 12 12 36 12 
kmountf1 12 28 37 12 37 12 12 36 36 2 26 33 37 12 2 26 
jeversol 12 37 12 12 2 26 25 12 12 37 12 37 12 
etorrent 12 2 26 33 37 12 
ereynol5 12 22 28 34 25 
cmoreno5 12 34 36 36 22 28 34 25 12 12 
bgawel 12 12 2 26 33 36 12 
bconlon 12 37 12 12 2 12 33 26 37 12 
apanousi 12 12 12 12 2 26 33 
tngochi 12 37 12 37 12 37 12 25 2 26 36 36 36 36 33 12 25 2 36 12 33 
tdasso 12 12 25 37 12 22 28 34 
rwittmer 12 12 12 37 12 12 12 36 36 36 36 12 37 12 37 12 37 12 37 12 12 2 26 33 
rvazza 12 37 12 2 26 33 
nhong 12 
mrohling 12 12 12 12 33 26 
dsmith53 12 12 34 22 28 12 37 12 12 37 12 
cdowicz 12 12 22 12 28 34 37 12 
bnakfoor 12 37 12 12 25 34 36 36 12 22 28 37 12 
akhemani 12 37 12 12 12 12 12 12 34 22 28 37 12 12 
ahughes8 12 37 12 22 12 28 36 36 36 34 
tperey 12 37 12 25 2 26 33 37 12 
pbetz 12 12 37 12 12 12 34 12 22 28 37 12 12 37 12 37 12 37 12 12 12 
mmccor15 12 12 8 37 12 
mgray10 12 22 28 34 25 37 12 
mfraizer 12 12 2 26 33 37 12 
lherna11 12 2 26 25 33 
jmolumph 12 37 12 12 12 2 26 33 
hzweberl 12 
dserafin 12 25 34 22 28 37 12 25 8 2 36 36 26 
bpowell4 12 12 25 34 28 37 12 37 12 37 12 37 12 25 26 25 12 
mdownin1 12 37 12 25 34 22 28 12 37 12 37 12 
lduggan 12 12 34 25 22 
kbulleit 12 28 25 36 36 36 12 22 37 12 37 12 
jplas 12 
jbrown36 12 12 12 12 34 22 37 12 2 36 36 36 36 12 8 25 36 36 2 36 33 3 37 12 34 
dkim30 12 36 12 37 12 37 12 37 12 37 12 37 12 12 2 26 33 
cpantin 12 31 25 17 12 20 36 36 12 37 12 12 17 32 22 34 
amora2 12 12 12 37 12 36 12 2 26 33 33 37 12 
xtsai 12 25 34 12 12 37 12 36 36 36 36 36 36 12 28 37 12 
wbaer 12 22 34 28 
nisakson 12 37 12 37 12 2 
lmcfadde 12 25 36 36 36 34 37 12 22 28 34 25 37 12 8 9 37 12 37 12 33 25 
kmurph44 12 37 12 25 2 26 33 37 12 12 
ibushue 12 
hadams3 12 37 12 25 34 28 22 37 12 12 2 26 33 
enichol4 12 2 37 12 26 25 33 12 
egroth 12 37 12 37 12 25 2 26 12 33 25 
aheinzma 12 12 37 12 25 22 28 34 36 36 36 12 
ahall2 12 22 37 12 34 36 36 36 36 22 
adecker1 12 37 12 37 12 25 2 26 
aameen 12 37 12 37 12 12 37 25 2 26 33 
zwall 12 37 12 36 36 12 2 26 33 12 
smonaha1 12 37 12 37 12 37 12 12 12 37 12 
sdeschne 12 37 12 34 25 37 12 25 36 36 36 36 36 12 25 22 28 12 
mowen 12 12 12 
krochefo 12 25 2 26 33 
jholguin 12 12 37 12 
gniforat 12 37 12 25 37 12 22 28 34 12 
evandier 12 25 2 26 33 
eclapp 12 2 36 12 26 33 
awaldsch 12 37 12 37 12 2 26 33 37 12 
adevito1 12 12 37 12 12 34 36 36 36 22 28 
tsilva1 12 37 12 37 12 2 26 33 37 12 12 
oivan 12 12 25 12 34 28 37 12 37 12 36 36 36 36 36 12 37 12 25 33 26 2 37 12 
mmarti45 12 
mjorden 12 36 36 36 36 36 36 12 32 37 12 2 26 33 25 36 36 36 12 
ldorenko 12 12 25 25 22 28 36 36 12 34 25 37 12 
ktracey 12 25 34 22 28 
krothmey 12 2 26 33 
kbiladea 12 12 22 28 34 2 12 26 33 37 12 
jdraves 12 37 22 28 34 25 25 36 36 36 12 12 37 12 
gotte1 12 37 12 12 26 2 33 37 12 12 12 12 12 
etruesda 12 22 28 34 25 
emeara 12 12 
cnilsen 12 37 12 12 12 25 
azammit 12 8 37 12 12 8 37 12 36 12 8 
arabbitt 12 22 28 34 
wcheong 12 36 36 36 12 25 12 34 36 22 28 37 12 12 37 12 37 12 
kmoran11 12 37 12 2 26 33 37 12 37 12 
kgalla21 12 25 37 12 26 37 2 33 
kgalla20 12 34 37 12 22 28 34 37 12 12 
kfranz1 12 25 22 28 34 37 12 37 12 12 25 37 12 2 
jsutton3 12 25 37 12 34 36 36 36 12 25 36 36 36 36 36 36 12 22 28 25 37 12 
jhegart2 12 37 12 25 12 2 26 33 12 
imurrer 12 32 22 28 34 37 12 12 37 12 2 26 33 36 36 36 36 12 3 24 27 
fschemel 12 37 12 25 34 28 
fprimozi 12 37 12 37 12 37 12 
elinares 12 37 12 22 28 34 
cmulshin 12 25 2 33 26 
cmagnuss 12 37 12 37 12 12 26 2 33 37 12 
ccleary1 12 22 28 34 12 37 12 25 2 26 33 37 12 12 
abohling 12 37 12 37 12 12 26 
mscanish 12 25 36 36 36 36 36 22 28 34 37 12 
mkirven 12 12 22 28 12 34 37 12 
lkim3 12 
lgrabows 12 
lcaffar1 12 
kliang2 12 37 12 2 26 33 37 12 
jnowak4 12 37 12 37 12 12 2 26 33 36 12 37 12 12 12 37 12 
bmerrick 12 25 28 22 34 37 12 37 12 37 12 25 26 
bgagnon 12 22 28 34 12 
tmansell 12 25 2 36 36 26 33 37 12 
rrocco 12 8 37 12 25 2 26 33 
rpuno 12 37 12 2 26 33 25 
kpresteg 12 12 34 12 22 28 37 12 12 2 26 33 
jbaines 12 37 12 25 36 36 36 12 36 36 36 36 36 2 26 33 12 
aromano2 12 22 28 37 12 36 12 36 36 12 37 12 37 12 2 26 33 25 12 
alongsta 12 37 12 37 2 26 33 
szachari 12 25 36 36 36 36 12 34 22 28 12 37 12 
spalumb1 12 37 12 2 25 26 33 25 12 
pcamara 12 12 2 26 33 
nvincent 12 22 28 34 25 12 
ldomenel 12 12 12 12 32 34 37 12 22 12 28 25 
ischmitz 12 12 37 12 12 22 28 34 37 12 37 12 
eeagle 12 2 26 33 37 12 
dallen13 12 12 12 12 37 12 12 26 
cdenzel 12 37 12 37 12 12 25 2 26 12 37 12 33 
asowell 12 2 26 33 37 12 
yzou2 12 37 12 
speter14 12 37 12 37 12 37 12 
pmcmonag 12 37 12 2 26 
kpaulsen 12 22 25 37 12 12 25 34 12 22 28 37 12 36 36 36 12 2 26 33 
gcramer1 12 12 34 22 28 
esoller 12 12 2 36 36 12 12 22 28 37 12 34 
egorman6 12 36 36 36 12 12 34 28 36 36 36 22 37 12 
ckotseos 12 22 26 28 34 12 12 12 36 36 12 12 37 12 
bfraser 12 12 25 12 2 26 33 
asweet 12 36 36 12 25 2 12 26 33 37 12 37 12 12 8 
apaik 12 12 34 12 37 12 
amonroe1 12 22 28 34 
abulaoro 12 37 12 34 37 12 12 37 12 37 12 36 2 26 33 
thuber1 12 25 34 28 22 37 12 
sincera 12 2 26 33 37 12 12 
msahd 12 37 12 34 36 36 36 36 12 12 12 
mcabrer1 12 12 34 22 28 
kkolleck 12 25 22 28 34 36 36 12 
jreeg 12 34 28 22 37 12 33 26 2 
jgonnard 12 37 12 37 12 25 22 28 34 36 12 12 
hsarkey 12 12 32 12 12 12 12 34 22 28 
hholden 12 2 26 36 36 33 
epil 12 25 26 2 12 37 12 
awitte 12 22 28 34 25 37 12 
tfross 12 25 28 22 34 
taguirre 12 12 37 12 12 22 28 34 37 12 
sbindel 12 12 25 12 34 28 22 37 12 
rmaqbool 12 12 34 36 36 22 28 37 12 12 2 
kcockrel 12 25 22 28 34 
jphilli8 12 12 32 12 
jmarino6 12 34 12 22 28 37 12 
ecaradon 12 37 12 25 2 26 33 
creid4 12 25 2 36 36 26 33 
carizama 12 37 12 12 25 33 26 
bbrunin1 12 36 36 36 36 36 12 22 34 28 12 37 12 2 26 33 3 24 27 
anataraj 12 25 34 37 12 37 12 
svukovit 12 2 26 33 12 37 12 
pyoung3 12 12 22 28 34 12 25 36 36 12 37 12 
msteph11 12 12 25 2 26 36 33 
mraster 12 37 12 37 12 2 12 26 33 
lbognar1 12 25 37 12 25 12 26 37 12 9 36 12 
lbakke 12 37 12 
jzacher 12 28 34 37 12 37 12 
