dtorgers 0 0 0 0 0 5 25 23 0 0 0 0 0 0 0 0 0 0 0 0 0 0 0 0 0 0 0 0 0 0 0 0 0 0 0 0 100
cdavin1 0 0 15 31 0 0 0 0 0 0 0 0 0 0 0 0 0 0 0 0 15 0 0 0 0 0 0 0 0 15 28 0 0 0 0 0 0 0 0 0 0 0 15 0 0 15 0 0 0 0 0 0 0 0 0 0 0 0 15 0 0 0 0 0 0 0 0 0 0 0 0 15 29 0 100
alebron1 0 0 15 0 15 0 28 24 0 0 0 0 0 0 0 0 0 0 0 0 0 0 0 0 0 15 12 0 0 0 0 0 0 29 0 0 0 0 0 29 0 0 0 29 0 0 15 12 29 100
ccooper8 0 0 0 0 0 0 0 0 0 0 15 0 0 28 24 0 0 0 0 0 0 0 0 0 0 15 29 0 0 33 0 0 0 12 0 0 12 0 0 100
nweindel 0 0 100
ntownsen 0 15 12 100
fhita 0 0 0 0 28 24 0 15 0 0 28 0 0 0 0 0 0 0 33 0 0 0 0 0 100
mmcfarli 0 12 0 0 33 15 100
mlengwin 0 15 24 28 0 0 0 28 24 12 0 15 0 15 0 0 0 0 0 0 0 0 0 0 0 0 0 15 0 12 33 0 0 100
kwurl 0 33 12 15 100
ccampb20 0 0 0 0 0 0 0 0 15 0 24 15 0 0 0 0 0 0 0 0 0 0 24 0 15 0 0 0 12 15 100
pbrown10 0 0 0 0 15 0 0 0 0 24 15 0 28 0 0 0 0 0 0 0 0 0 0 33 0 100
rdiejoma 0 12 33 15 100
drogers1 0 0 15 12 33 100
cdelpila 0 0 0 0 28 0 0 100
cbolivar 0 15 0 0 0 33 20 0 0 24 0 28 24 0 0 0 0 0 0 0 0 0 0 0 0 0 0 0 0 0 0 33 12 100
muhlenbr 0 0 0 0 15 28 24 0 0 0 0 0 0 0 0 0 15 12 0 29 0 0 0 33 0 0 0 0 0 0 0 0 0 100
msmith75 0 0 0 15 100
pmcguir2 0 0 0 0 0 0 0 0 0 0 0 0 0 100
jstaten 0 0 28 24 15 0 28 0 15 0 0 12 15 0 100
mgirod 0 0 28 0 24 0 0 0 0 15 0 0 0 0 0 0 0 0 0 100
zgartenh 0 0 0 0 0 0 28 15 0 24 0 0 0 0 0 0 0 0 0 0 0 12 33 15 0 0 100
alabella 0 15 0 24 0 0 15 24 28 0 0 0 0 0 0 12 33 15 0 0 0 0 0 0 100
bferrer1 0 0 28 0 24 15 0 0 0 0 29 100
pcataldi 0 0 0 0 0 0 0 0 0 24 28 0 0 28 24 12 0 15 100
aohri 0 0 0 0 24 28 0 100
pklekamp 0 12 33 100
amccar10 0 33 100
nwamble 0 0 0 0 0 0 28 24 0 0 0 0 0 0 0 0 0 0 0 100
wwu5 0 15 24 28 0 0 20 0 0 0 0 0 0 29 0 33 12 15 100
wsuter2 0 12 33 0 15 100
thowe1 0 100
mmian 0 0 0 0 0 15 0 0 0 0 28 0 24 0 0 0 0 24 12 33 15 100
jhouge 0 0 0 0 0 0 0 0 0 28 0 0 0 0 0 100
slemaign 0 0 0 0 28 0 0 0 24 0 15 0 0 0 28 0 0 0 29 15 0 0 0 0 12 33 100
ldamoose 0 28 15 24 0 0 29 0 33 12 0 0 0 0 15 24 0 0 0 0 0 0 0 12 15 0 100
sburnbau 0 0 0 0 0 0 28 0 0 0 0 100
nwarren 0 0 100
bconnol3 0 12 33 15 0 100
rheitkam 0 0 28 0 0 24 15 0 0 28 0 0 0 0 0 0 0 0 0 0 0 12 33 15 0 100
jmullike 0 0 0 15 0 28 0 15 100
chickey3 33 12 0 100
athoma24 0 12 33 100
rgensler 0 0 0 0 0 0 0 15 0 0 15 0 24 28 0 0 0 0 0 0 0 0 0 0 100
kthornt4 0 0 0 0 0 28 24 0 0 0 0 0 12 33 0 15 100
pvlandis 0 0 0 24 0 28 0 15 0 0 0 15 0 0 0 15 0 33 0 15 0 0 100
mmizraji 0 0 0 0 28 15 24 0 0 0 28 15 0 0 15 0 0 33 0 15 0 100
zpavlin 0 0 15 28 0 0 0 0 0 0 29 0 29 0 15 100
ydeng3 0 0 0 0 15 15 28 0 24 0 0 0 0 33 0 32 0 0 100
kfox8 0 12 33 100
lsulli11 0 100
jgorman6 0 0 0 28 0 0 0 0 0 0 100
jdirksen 0 0 0 0 0 0 0 0 28 24 15 0 15 0 0 12 33 15 100
whornby 0 0 0 0 0 28 0 24 0 0 0 100
jwade5 0 15 0 0 28 24 0 28 0 0 12 33 0 0 12 33 0 0 29 0 0 29 100
mblatt1 0 28 24 15 0 0 0 29 0 0 0 0 12 33 100
jowusuko 0 0 0 0 0 0 0 0 0 28 0 0 0 0 0 24 0 0 0 24 0 0 29 0 0 100
mmang 0 0 0 0 0 0 28 0 0 0 0 0 0 0 0 33 0 100
waberger 0 0 0 0 15 0 0 15 24 28 0 12 0 0 15 0 0 0 0 0 0 0 0 0 0 0 0 15 0 0 0 0 15 100
llombar2 0 0 0 0 28 0 28 24 15 0 0 0 33 15 100
gkaiser 0 0 0 28 0 0 15 24 0 0 0 0 0 29 100
koconn27 0 0 0 0 0 0 29 0 0 0 100
aweishan 0 15 24 0 28 0 0 28 20 0 0 0 15 0 0 0 0 0 0 15 12 0 0 100
mcaskey 32 0 22 0 0 32 0 15 0 0 0 0 0 100
jguarino 0 0 15 0 0 100
cseymou2 0 33 12 0 0 15 100
csasso 0 0 0 0 15 0 0 24 28 0 0 29 0 15 0 0 0 12 33 15 0 100
amccar11 0 0 0 28 15 24 0 0 0 29 0 0 29 100
minoue2 0 0 33 0 0 15 0 0 0 0 0 0 0 0 29 0 12 15 0 100
jwinebre 0 15 0 0 28 15 0 29 33 15 100
sgalbens 0 0 0 0 0 0 28 24 0 0 0 0 100
jlazzara 0 0 0 0 0 15 0 28 0 0 0 0 0 0 0 0 29 33 15 0 0 0 0 15 100
vruesch 0 100
nniere 0 15 0 0 28 24 12 33 32 22 3 8 18 0 34 31 6 17 4 0 0 26 13 21 0 7 9 14 11 2 27 16 10 19 5 25 23 24 0 12 0 0 0 0 100
ghong 0 15 0 0 100
bhogan1 0 28 0 0 0 0 0 24 0 0 0 0 0 0 0 0 29 33 15 0 33 100
wdu 0 0 28 15 0 0 0 32 22 0 0 3 8 18 0 0 0 0 0 0 0 0 0 0 15 34 31 6 0 17 4 0 0 0 15 26 13 21 100
tmercier 0 0 0 0 0 0 15 0 28 24 0 0 0 15 100
esunshi1 0 12 33 0 100
eevans9 0 0 0 0 24 0 28 0 0 0 100
bkenney1 0 0 12 100
cdieckma 0 0 0 0 0 28 24 15 0 0 0 28 0 33 12 15 4 0 0 0 33 12 15 0 29 0 0 21 0 100
mcoggins 0 0 0 24 28 0 0 0 0 0 24 15 12 0 100
jdelledo 0 12 33 0 0 100
mfreedlu 0 0 0 12 0 100
tprice4 0 0 0 0 28 24 0 0 0 0 12 33 100
lbarret2 0 0 15 0 0 24 0 0 0 28 24 15 0 0 0 12 33 15 0 0 100
eralph 0 0 0 0 0 0 28 24 15 0 0 0 0 12 33 0 100
bhalliga 0 0 24 33 0 0 28 24 0 15 29 12 33 0 0 0 0 29 0 0 12 100
sroennec 0 0 0 0 0 0 0 0 0 0 0 0 0 0 0 28 15 0 24 0 33 29 0 100
jmurph32 0 12 0 33 15 100
cfrentze 0 12 15 100
mnewcome 0 0 28 24 0 33 0 0 24 0 15 28 0 15 24 28 0 12 0 0 0 29 0 33 0 15 100
jsitarsk 0 28 24 0 0 0 28 24 0 0 0 0 0 0 0 33 12 15 100
tpreko 0 33 0 0 15 100
mtreacy 0 15 0 100
ccampb21 0 100
rrivera8 0 12 33 15 0 0 100
rblack4 0 0 28 24 0 0 0 0 0 0 28 24 0 0 0 0 0 0 0 0 0 29 12 33 100
jwelsch 0 0 0 0 28 24 0 0 0 12 33 29 100
jgately1 12 33 100
gdean 0 0 0 15 0 0 0 0 0 0 100
dgibbon2 0 0 0 0 0 0 100
cmorton2 0 0 0 28 0 24 0 0 0 0 0 33 100
mrooney6 0 28 24 15 0 0 0 0 0 12 33 15 0 0 0 100
mmoran12 0 0 0 0 0 15 28 0 24 0 0 12 0 33 0 100
jwalte10 0 12 33 15 100
jcarney6 0 0 0 0 0 0 0 0 28 24 0 15 28 0 0 15 0 0 0 0 0 0 0 0 100
pmeyer3 0 0 12 15 100
icallaha 0 12 33 15 0 100
dtoth1 0 0 28 24 0 0 0 0 0 0 0 0 0 0 29 0 0 33 15 0 0 0 12 15 100
kkostola 0 0 15 24 28 0 100
dlee26 0 0 15 0 0 0 0 28 0 0 0 0 29 100
yying 0 0 0 0 28 24 0 0 0 0 0 0 100
swagy 0 28 24 0 0 0 0 0 12 33 15 100
rroque1 0 24 0 28 0 0 0 0 0 0 0 0 0 12 100
kdantoni 0 0 0 0 0 15 28 0 0 0 33 29 0 15 100
wmohler 0 33 0 0 0 33 12 15 100
lklein1 0 0 15 0 24 28 0 0 0 24 0 0 0 29 0 0 0 100
jbecker9 0 0 0 0 0 0 0 28 24 0 0 0 0 0 0 0 0 0 100
hrague 0 12 100
cott 0 12 33 15 100
mholzbau 0 15 12 33 100
mhawkin3 0 0 0 0 0 0 0 0 24 28 15 0 24 0 29 0 0 0 0 12 33 15 100
lharmon 0 15 24 0 0 28 0 0 29 0 0 33 15 0 0 0 0 0 100
elazzaro 0 12 33 15 0 100
tburley 0 0 24 15 0 28 0 0 0 15 0 24 15 0 0 0 0 0 0 15 0 32 0 0 22 22 100
shenn 0 0 0 0 0 0 0 0 0 0 0 0 28 15 0 0 33 0 0 0 0 0 0 0 0 100
jgomez5 0 0 15 0 28 24 0 0 0 15 12 0 0 33 100
jfries3 0 0 15 0 0 24 28 0 0 0 29 12 33 0 15 100
bniemoel 0 0 28 0 0 0 0 33 15 100
jmurph33 0 0 0 0 15 24 28 0 0 0 15 12 33 100
dcorr1 0 0 0 0 0 24 28 0 0 0 0 0 0 0 100
cemenalo 0 0 15 0 0 0 0 0 0 0 0 28 24 15 0 0 0 0 33 12 15 100
yjung2 0 33 15 100
rpappas 0 12 100
mmerric1 0 12 100
mdosch 0 0 0 100
jbettag 0 0 0 0 24 15 28 0 29 0 0 0 100
jbernin1 0 0 0 0 0 0 0 24 28 0 0 33 12 0 29 100
gbruenin 0 0 15 24 28 0 0 0 0 0 12 33 29 0 100
ddallava 0 0 15 0 0 15 28 24 0 0 15 28 0 15 0 0 15 0 100
cgamboa 0 0 0 0 0 0 0 28 0 0 0 0 0 0 29 0 15 0 12 100
nquartir 0 0 24 0 0 28 24 0 0 33 0 15 100
lfaubion 0 0 28 15 24 0 12 0 100
cwilso24 0 15 28 0 0 0 33 15 100
aursino1 0 0 15 0 0 24 28 0 0 0 29 0 100
msummer2 0 0 0 28 24 0 28 0 0 0 0 0 0 29 0 100
kramm 0 0 0 0 15 0 0 24 15 0 28 0 0 15 0 0 0 33 0 15 0 100
jchapple 0 0 0 0 15 24 0 0 0 0 28 24 15 0 0 12 33 15 100
jbonds 0 0 0 24 0 15 28 3 18 0 0 0 15 12 29 0 0 33 12 15 100
cfish 0 0 0 0 0 0 28 24 15 0 28 24 0 15 0 0 0 0 0 24 0 24 0 24 0 0 28 12 24 15 100
nholmes1 0 0 15 0 0 28 0 28 0 24 15 0 0 0 0 15 0 15 12 0 15 100
ngiovino 0 0 0 0 0 15 24 28 0 0 0 0 12 15 33 100
eherber1 0 28 24 0 0 0 0 0 12 33 0 100
cgallag3 0 0 15 28 0 0 29 12 33 100
tzheng2 0 0 0 0 0 0 28 0 0 100
mgerber 0 0 28 24 15 0 29 0 0 12 33 15 0 0 32 22 0 0 0 0 0 3 0 100
jcolli23 0 0 0 15 24 0 15 28 0 0 0 15 0 100
awalton3 0 15 28 0 0 0 15 28 0 29 15 0 15 100
vwhitmor 0 12 33 15 100
rpellica 0 0 0 0 0 0 15 28 0 0 33 15 100
rmyers9 0 33 0 12 0 15 100
mdillon7 0 0 0 0 28 0 0 0 15 0 0 0 0 0 0 29 0 100
jdoerer 0 0 0 0 28 0 0 100
gbiltz 0 0 0 0 100
aheck1 0 0 0 0 0 0 15 28 24 0 0 0 0 0 0 0 0 0 29 0 0 12 33 15 0 100
ucooper 0 21 0 0 0 15 0 28 0 0 29 100
rschill1 0 0 12 0 29 100
mschlic1 0 0 0 0 0 0 0 0 0 24 0 28 24 0 0 0 0 12 33 100
