mdawson3 0 0 0 0 0 0 0 0 0 0 0 24 28 0 0 0 0 24 28 0 0 0 0 0 0 0 28 0 0 29 0 0 0 0 0 0 29 20 0 0 0 0 0 0 0 0 0 0 30 0 30 0 0 0 0 0 0 0 0 0 0 0 0 0 29 0 0 0 0 0 0 0 0 0 29 0 0 29 0 0 0 0 0 0 22 0 0 29 0 0 0 0 29 0 0 0 0 0 0 0 0 0 0 0 0 0 0 0 0 0 0 0 0 0 0 0 0 0 0 0 0 0 0 0 0 0 0 0 0 0 0 0 0 0 0 0 0 0 0 0 8 15 18 0 0 0 0 0 0 0 0 0 0 0 0 0 0 0 0 0 0 0 0 0 0 0 0 0 0 31 6 34 0 0 30 0 0 0 0 0 0 0 30 0 0 0 0 0 0 0 0 0 0 0 0 0 0 0 0 0 0 0 0 0 0 0 0 0 0 0 0 0 0 0 0 0 0 0 0 0 0 0 0 0 0 0 0 0 0 0 0 0 0 0 0 0 0 0 0 0 0 0 0 0 0 0 0 0 0 0 0 0 30 0 0 0 0 0 0 0 0 0 0 0 0 0 0 30 0 0 17 4 15 0 0 0 0 0 0 0 0 0 4 17 0 0 30 0 4 0 0 0 0 0 0 21 13 26 0 0 0 15 0 0 0 0 0 0 0 0 0 0 0 0 0 0 0 0 0 0 0 0 0 0 0 0 0 0 0 30 0 0 0 0 0 0 0 0 0 0 0 0 0 0 0 0 22 0 0 0 0 0 0 0 0 0 0 0 0 0 0 7 14 9 15 0 0 0 0 0 0 2 0 0 0 0 0 0 0 0 0 0 0 0 0 2 11 0 0 0 0 0 0 0 0 0 0 0 0 20 0 0 0 16 10 0 0 20 0 0 0 0 0 0 20 0 0 0 24 33 12 0 0 0 0 0 0 0 0 0 20 0 0 20 0 0 0 0 0 0 0 0 0 0 0 0 0 0 0 0 0 0 0 0 0 0 0 0 0 0 0 0 0 0 0 0 0 0 0 0 0 0 0 0 0 0 0 0 0 15 0 0 0 0 0 15 
admin4 0 0 0 0 0 0 0 0 0 0 0 0 0 0 0 0 0 0 0 0 0 0 0 0 0 0 0 0 0 0 0 0 0 0 0 0 0 0 0 0 0 0 0 0 0 0 0 0 0 0 0 0 0 0 0 0 0 0 0 0 0 0 0 0 0 0 0 0 0 0 0 0 0 0 0 0 0 0 0 0 0 0 0 0 0 0 0 0 0 0 0 0 0 0 0 0 0 0 0 0 0 0 0 0 0 0 0 0 0 0 0 0 0 0 0 0 0 0 0 0 0 0 0 0 0 0 0 20 0 0 0 0 0 0 0 0 0 0 0 0 0 0 0 0 0 0 0 0 0 0 0 0 0 0 0 0 0 0 0 0 0 0 0 0 0 0 0 0 0 0 0 0 0 0 0 0 0 0 0 0 0 0 0 0 0 0 0 0 0 0 0 0 0 0 0 0 0 0 0 0 0 0 0 0 0 0 0 0 0 0 0 0 0 0 0 0 0 0 0 0 0 0 0 0 0 0 0 0 0 0 0 0 0 0 0 0 0 0 0 0 0 0 
kkalisik 0 0 0 0 0 0 24 0 15 33 14 0 0 0 0 28 0 24 0 0 0 0 0 0 0 0 0 20 0 0 0 0 0 0 0 0 0 0 0 0 0 0 0 0 0 0 0 0 0 0 0 0 0 0 32 22 18 0 0 0 0 0 0 0 0 0 0 0 30 0 0 0 0 30 0 0 0 0 0 0 0 0 0 0 0 30 0 0 31 34 6 0 0 0 0 0 0 0 0 0 30 0 0 0 0 30 0 0 0 30 0 0 0 0 0 17 0 0 0 17 4 0 0 0 0 0 0 0 0 0 0 26 13 0 21 0 0 0 0 0 0 0 0 7 9 0 0 14 0 0 0 0 0 0 0 0 20 0 0 0 27 11 2 0 0 0 16 10 0 0 0 0 0 0 0 0 20 0 0 0 0 0 0 0 0 0 20 0 0 0 20 0 0 0 0 0 20 0 0 0 0 0 0 0 0 0 0 0 
mdonnel6 0 0 0 0 0 24 0 0 0 0 0 24 0 0 0 0 0 0 0 0 0 0 0 0 0 12 0 0 0 12 0 0 0 0 29 22 0 0 29 0 0 0 0 0 0 29 0 0 0 0 0 0 0 0 8 0 0 0 0 0 0 0 0 0 0 0 0 0 0 0 0 0 0 30 0 0 0 0 0 0 30 0 0 0 0 0 0 4 17 0 0 0 0 0 4 0 0 0 0 0 15 17 4 0 0 0 0 0 4 0 0 0 21 0 0 21 0 26 13 0 13 0 0 0 0 0 14 0 0 7 9 0 0 0 14 0 0 0 11 0 27 0 15 11 0 0 0 2 0 0 0 0 0 0 0 0 16 10 0 0 0 0 0 0 0 0 0 0 0 0 0 0 0 25 23 0 0 5 0 0 0 0 0 20 0 0 0 20 0 0 0 0 
mfitzg14 0 0 15 0 0 0 0 0 15 0 0 0 0 0 0 0 12 33 15 0 0 0 0 0 0 8 29 0 0 0 29 0 0 32 0 22 0 3 8 18 0 0 0 0 15 0 0 0 0 18 3 8 0 0 0 0 0 0 0 6 34 31 0 31 0 0 0 0 0 0 0 0 0 0 0 0 0 30 0 0 0 30 17 0 4 15 0 0 0 0 0 0 0 0 26 13 15 21 0 0 0 7 9 14 0 0 0 0 0 0 0 0 0 14 15 0 0 0 0 0 0 0 0 0 15 11 27 2 15 0 0 0 20 0 0 0 20 16 10 15 19 0 0 0 0 0 15 20 0 0 5 25 23 15 20 0 0 0 0 31 4 10 8 0 0 0 0 0 0 0 0 0 0 0 0 0 0 0 0 0 0 0 0 0 0 0 0 0 0 
mcomunie 0 0 15 0 0 24 12 22 8 31 17 4 21 14 2 16 10 25 23 0 0 0 28 15 0 0 0 0 0 0 0 0 0 0 15 0 0 0 15 0 32 0 3 18 34 6 0 9 26 13 21 7 0 0 15 0 0 0 0 0 0 29 0 3 8 18 0 0 0 0 29 0 0 0 0 0 0 0 0 0 0 0 30 0 0 0 0 30 0 0 30 0 0 0 0 17 30 0 0 0 0 0 0 17 4 0 0 17 15 0 26 13 7 9 15 11 27 0 0 0 10 19 15 0 0 0 0 0 0 0 0 30 0 0 0 15 0 0 0 0 0 0 0 11 15 0 0 20 20 0 0 0 0 19 0 0 0 0 0 0 0 0 20 0 0 0 0 0 0 0 20 0 20 0 32 22 0 20 0 0 0 0 0 0 0 20 0 
madeniyi 0 0 0 0 0 0 0 0 0 33 24 24 15 0 0 0 0 0 0 15 0 0 0 0 0 0 0 0 0 0 0 0 0 0 0 29 0 0 0 0 0 0 0 0 0 0 0 0 0 0 0 8 3 0 0 0 0 0 0 0 0 31 15 34 6 15 0 0 0 0 0 0 0 0 0 0 0 30 0 0 0 0 17 4 15 0 0 0 0 0 0 0 0 21 15 26 13 0 0 0 0 0 29 0 0 0 0 0 0 0 0 0 0 0 0 0 0 9 14 15 0 0 0 0 0 7 0 0 0 0 0 0 0 0 2 15 11 0 27 0 0 0 0 0 0 0 0 0 0 0 0 0 0 0 0 0 15 0 0 17 14 7 10 16 2 23 0 0 0 0 0 0 0 0 0 27 
jsoares 0 0 0 0 0 0 0 24 28 0 0 0 15 0 0 0 0 0 15 0 0 0 0 12 0 0 0 0 0 0 0 0 0 0 0 0 0 22 32 0 0 0 0 29 0 0 0 0 0 0 0 0 0 3 18 0 8 0 0 0 0 0 0 34 15 6 31 0 0 0 30 0 0 0 0 0 0 0 0 0 0 0 0 0 0 0 0 0 0 0 0 0 30 0 0 0 0 0 0 0 4 17 15 0 0 0 0 0 0 0 26 13 21 0 0 0 0 0 0 0 0 0 0 0 0 14 7 0 9 0 0 0 0 15 0 11 2 27 0 0 0 0 0 16 10 0 0 0 0 19 0 0 0 0 0 20 0 0 0 0 0 0 0 0 0 0 0 0 0 0 0 0 0 0 0 
mtardy 0 0 0 28 0 24 0 0 33 0 0 0 15 0 0 0 28 0 0 28 0 0 0 12 15 0 22 32 0 0 32 0 8 0 0 0 0 22 0 0 0 0 8 18 3 0 0 0 8 0 0 0 34 31 6 15 0 0 30 0 30 0 0 0 0 0 30 0 0 0 0 0 0 17 4 0 0 0 0 0 30 0 0 0 0 30 0 0 26 13 21 0 20 0 0 30 0 0 0 0 0 11 2 15 27 0 0 0 0 20 20 0 0 0 0 0 0 0 0 0 2 0 10 19 16 15 0 2 10 0 0 20 0 0 0 0 20 0 0 0 0 0 20 0 0 17 0 0 0 0 0 0 0 0 17 13 12 0 0 0 0 0 0 
jcorpora 0 15 24 28 0 0 24 0 0 0 0 15 0 0 0 29 33 0 0 0 0 0 15 0 0 0 0 0 0 0 0 0 15 0 22 32 18 8 3 15 0 0 0 8 0 0 0 0 0 0 6 30 0 0 0 0 0 0 0 0 15 0 0 17 4 0 0 0 4 0 0 0 0 0 0 0 30 0 0 0 15 0 0 13 26 21 0 0 26 13 0 0 21 0 0 0 0 0 0 0 0 0 0 15 0 7 9 14 16 15 0 0 0 0 0 0 0 2 27 15 11 0 0 16 10 0 0 0 0 0 0 0 15 0 0 0 0 0 0 0 23 25 20 0 0 5 0 0 0 0 20 0 0 0 0 0 0 0 0 0 0 
aakatu 0 0 0 0 0 15 0 24 0 0 0 28 0 0 12 29 33 15 0 0 0 0 0 15 0 0 15 8 0 0 31 0 0 31 6 34 0 0 30 29 0 0 0 0 30 0 0 0 0 0 30 0 0 0 0 4 17 0 0 0 0 0 0 0 0 0 0 0 0 26 13 21 0 4 0 0 0 14 9 7 7 7 7 0 0 15 0 0 0 0 0 0 0 0 0 14 9 15 7 0 2 15 0 27 0 12 0 2 11 0 0 0 0 0 23 25 0 0 0 15 5 0 0 0 20 0 15 0 5 25 23 0 0 0 0 0 20 0 0 0 0 0 20 0 0 0 0 0 0 0 0 0 0 0 0 4 7 5 22 24 
tpillai 0 0 0 15 0 0 0 0 0 0 20 0 0 0 0 15 0 0 0 0 29 0 12 0 0 0 0 8 0 0 0 22 0 0 0 0 0 0 0 0 0 0 0 0 0 0 0 32 0 8 15 0 0 0 0 3 8 15 18 0 0 0 0 0 0 0 34 31 0 30 6 0 31 6 0 0 0 0 0 17 4 0 0 0 0 0 0 0 30 0 0 0 0 0 0 0 0 17 0 0 0 0 0 26 13 21 0 15 29 0 0 0 0 0 0 0 0 0 0 7 14 0 0 0 0 0 0 2 27 11 0 0 11 2 27 0 0 0 0 16 19 0 0 0 0 0 0 0 0 0 0 0 0 0 
tanggara 0 28 15 0 0 0 24 0 0 15 0 0 0 0 24 0 12 0 15 0 0 0 0 12 0 0 29 12 33 15 0 0 0 0 0 29 0 0 0 0 0 0 32 22 0 0 3 8 18 15 30 0 0 0 0 0 0 0 30 34 31 6 0 0 0 31 15 0 15 31 15 30 0 0 0 0 0 0 0 0 15 0 0 0 0 17 4 15 0 0 0 0 0 0 0 4 15 0 30 0 0 0 0 0 0 0 15 0 15 4 0 0 0 0 0 7 14 9 0 0 0 0 0 2 27 0 0 0 0 16 10 19 0 0 20 25 23 0 1 0 4 0 0 0 0 0 0 0 0 0 0 0 0 
mball 0 0 1 0 15 24 0 0 0 0 0 0 0 0 0 0 0 0 0 0 0 28 24 0 0 15 0 0 0 0 29 0 0 0 0 0 8 0 22 32 15 0 18 0 0 15 31 0 0 0 0 0 0 31 0 28 0 0 0 0 0 0 0 0 0 30 0 20 0 0 0 0 0 0 0 0 0 0 0 7 9 14 0 0 0 20 0 0 0 0 0 0 4 17 0 0 0 0 0 0 0 21 0 26 13 0 0 26 13 0 0 0 0 17 4 0 0 27 11 0 0 0 0 0 0 0 0 0 0 0 0 0 0 16 10 0 0 25 0 0 0 0 24 5 0 0 0 0 0 0 2 
asimonet 0 0 24 15 0 0 0 0 28 0 0 0 0 0 0 29 12 15 0 15 33 0 0 12 0 15 0 0 0 0 32 22 15 0 15 0 0 0 0 8 15 0 0 3 0 8 18 0 0 3 15 0 0 0 0 0 31 6 34 0 0 31 0 0 0 0 0 0 0 0 0 0 0 0 0 0 0 0 0 30 0 0 0 0 0 0 0 0 0 17 4 15 0 0 0 0 0 0 15 0 0 0 26 0 21 0 13 0 0 0 0 0 15 0 2 27 11 0 0 0 0 0 0 10 16 0 0 0 19 0 0 0 0 0 0 25 0 0 0 20 0 0 0 0 0 0 0 0 0 0 0 
mmoore18 0 0 0 24 28 0 15 0 0 0 0 0 0 0 0 0 0 0 0 0 12 0 0 0 12 15 0 0 0 0 32 22 15 0 0 0 0 0 0 0 0 0 0 0 3 18 8 15 0 0 0 0 0 0 0 34 31 15 0 0 0 0 30 0 31 0 0 0 0 0 4 17 0 0 0 0 0 0 0 0 15 0 0 0 0 0 30 0 0 0 0 0 0 0 0 0 0 0 0 26 13 21 0 0 0 0 0 7 15 9 0 0 0 0 0 11 2 27 15 0 0 0 16 10 19 15 0 0 0 0 0 0 0 0 0 0 20 0 0 0 20 0 0 0 0 0 0 0 
ymikulja 0 0 15 0 0 24 15 4 21 0 0 24 15 12 0 0 0 0 0 0 0 0 0 0 0 15 0 12 24 0 0 0 29 0 0 0 29 0 0 0 0 0 8 0 12 0 0 0 0 29 0 0 0 0 30 0 0 29 15 0 0 34 3 0 30 0 0 30 0 0 0 29 0 31 0 0 0 0 0 0 0 0 0 0 4 17 15 0 0 0 0 0 0 0 0 0 0 0 30 0 0 21 0 0 0 0 21 0 14 0 15 0 0 0 2 27 0 30 20 0 11 0 0 16 10 0 0 19 0 0 20 0 30 0 0 20 0 0 0 0 0 0 0 0 20 0 0 
mcontrer 0 0 0 0 0 24 0 0 0 24 15 0 0 28 0 24 12 0 0 24 15 0 0 12 33 0 15 0 0 0 22 0 0 0 0 3 0 18 0 0 0 0 0 0 0 0 31 30 0 0 0 0 6 0 0 0 0 0 0 0 17 0 4 0 0 0 17 0 0 4 0 17 0 0 0 0 0 0 0 0 26 13 21 15 0 7 0 26 15 21 0 0 0 14 0 7 9 14 15 0 0 30 0 0 0 0 0 0 0 0 11 2 27 0 0 0 0 16 0 20 0 0 0 0 0 0 0 0 0 0 0 0 30 0 
hrivers 0 0 0 0 0 15 0 0 30 0 12 0 0 0 0 15 0 0 0 22 32 0 0 0 0 3 18 8 0 0 0 0 31 0 31 0 6 34 0 0 0 17 4 0 0 0 0 0 4 0 0 21 0 0 0 0 0 12 0 0 0 0 0 0 0 0 15 0 26 13 21 0 0 0 0 20 0 7 9 0 0 14 0 20 0 0 0 20 0 15 0 11 27 2 0 0 15 0 15 19 0 0 16 10 15 19 23 0 0 15 0 0 0 0 0 0 0 0 20 0 20 0 0 0 0 0 0 0 0 0 0 0 0 
wstackma 0 0 0 0 0 28 15 0 12 0 0 0 0 22 15 0 0 0 0 3 8 18 0 0 0 0 34 6 31 0 0 0 0 0 0 0 0 0 0 0 0 0 0 30 0 0 15 17 0 0 0 0 0 0 0 0 0 0 0 0 0 0 0 0 0 0 0 0 0 0 0 0 0 0 0 0 0 0 0 0 17 4 0 26 13 21 0 0 0 0 0 0 0 0 0 0 0 0 0 0 0 0 0 14 0 0 0 11 2 27 15 0 0 0 0 0 0 0 0 0 0 20 0 0 0 0 0 0 0 
areaves 0 0 0 0 0 0 24 28 0 0 0 0 0 0 0 0 0 0 0 0 0 0 0 0 0 29 0 0 0 0 0 0 0 3 18 15 8 0 0 0 0 0 0 0 31 0 0 0 0 0 30 0 0 0 0 30 0 30 0 0 0 0 0 0 0 17 4 15 0 30 0 0 0 0 0 0 0 0 0 29 0 0 0 0 0 0 0 21 0 0 15 0 0 0 0 0 0 15 0 0 0 0 0 0 0 0 20 0 0 20 0 0 20 0 0 0 0 0 0 0 0 0 0 0 0 0 0 0 
tguinan 0 0 28 24 0 0 0 0 0 0 12 33 0 0 15 0 0 15 0 0 0 32 22 0 0 0 34 6 31 0 3 18 8 0 0 0 0 0 0 0 0 0 31 0 0 0 30 0 29 0 0 0 30 0 0 0 0 4 17 0 17 0 0 4 0 0 0 30 0 0 26 13 21 0 0 0 15 0 0 0 0 0 0 0 0 0 7 9 14 0 0 0 11 27 2 0 2 0 0 16 0 19 10 0 16 0 0 0 5 25 23 0 0 23 0 20 0 0 20 0 0 0 0 0 0 0 0 
