dtorgers 0 0 0 0 0 20 0 0 0 0 0 0 0 20 0 0 0 0 0 0 0 0 0 0 0 0 0 0 20 0 0 0 0 0 0 0 0 0 0 0 0 0 0 0 0 0 0 0 0 0 0 0 20 0 0 0 0 0 0 0 0 0 0 0 0 0 0 0 0 0 0 0 0 0 0 0 0 100
cdavin1 0 0 0 15 0 0 15 20 11 27 2 100
alebron1 0 0 20 0 0 0 20 0 0 11 2 27 15 100
ccooper8 0 0 0 0 0 0 0 0 0 0 15 0 0 0 0 0 0 0 0 11 2 27 100
nweindel 0 0 0 0 0 0 20 0 0 15 11 2 27 0 0 100
ntownsen 0 0 0 0 0 0 0 0 0 0 15 0 0 7 9 14 0 11 2 27 100
jberg2 0 9 7 0 0 0 0 0 0 0 0 0 11 2 16 10 0 5 25 23 0 0 20 30 0 0 0 0 0 0 30 0 0 20 0 0 0 0 0 0 0 0 0 0 0 0 100
fhita 0 0 7 9 14 0 0 0 0 0 0 0 0 0 0 0 0 0 0 0 0 11 27 2 20 100
mmcfarli 0 0 0 0 0 0 0 0 0 0 15 20 0 0 0 0 0 11 2 27 100
mlengwin 0 0 0 0 0 0 100
kwurl 0 0 0 20 0 0 0 0 0 0 0 15 20 0 0 0 0 0 0 11 15 2 0 27 100
ccampb20 0 15 11 27 0 2 100
pbrown10 0 7 0 9 0 0 0 0 0 0 2 15 11 0 100
rdiejoma 0 0 0 0 0 0 0 0 0 0 0 0 0 0 0 0 0 0 0 0 0 11 0 2 27 100
drogers1 0 0 0 0 0 0 100
cdelpila 0 0 7 9 9 0 0 9 0 14 0 9 0 0 0 0 0 0 0 0 0 15 11 0 15 2 100
cbolivar 0 0 0 0 2 0 100
muhlenbr 0 0 0 0 0 0 0 15 11 2 27 0 100
msmith75 0 0 0 15 11 27 2 0 0 100
pmcguir2 9 14 0 0 0 0 0 0 0 0 0 0 11 2 27 100
jstaten 0 0 0 0 0 0 15 11 2 27 0 100
mgirod 0 0 0 0 0 0 0 0 2 100
zgartenh 0 0 15 11 2 27 0 0 0 0 0 0 0 0 0 0 11 27 2 0 0 0 2 100
alabella 0 0 0 0 0 0 0 0 0 0 15 0 100
bferrer1 0 0 0 0 0 0 0 0 0 0 0 11 15 0 2 27 100
pcataldi 0 0 0 9 7 14 0 0 0 0 0 0 100
aohri 0 0 0 0 26 7 9 14 0 0 100
pklekamp 0 0 18 8 0 0 20 0 0 0 11 0 0 0 2 100
amccar10 0 20 7 0 14 9 0 0 0 0 0 100
nwamble 0 7 9 14 0 0 0 0 0 0 0 11 100
wwu5 0 0 0 0 0 0 0 0 0 0 0 0 0 15 0 0 0 0 11 2 27 100
wsuter2 0 0 0 0 0 11 2 27 0 100
thowe1 0 0 0 0 0 19 16 10 100
mmian 0 0 0 0 0 0 0 0 0 0 0 0 0 0 100
jhouge 0 0 0 0 0 0 0 0 0 0 0 0 27 0 0 0 0 100
slemaign 0 0 0 0 0 0 0 11 2 0 11 27 15 100
ldamoose 0 0 0 0 0 0 0 0 0 15 0 0 2 15 0 11 27 100
sburnbau 0 0 0 0 0 0 0 0 0 0 27 0 9 0 14 100
nwarren 0 0 0 0 0 0 0 15 7 9 0 0 0 0 0 0 0 15 11 2 27 100
bconnol3 0 0 15 11 2 27 0 0 100
rheitkam 0 0 0 0 0 20 2 0 0 0 0 11 27 2 15 100
jmullike 0 0 0 14 0 0 0 0 0 0 0 0 0 0 0 0 0 0 15 11 2 27 100
chickey3 0 7 9 14 0 0 0 0 100
athoma24 0 0 0 0 0 0 0 11 0 2 27 100
rgensler 0 0 0 0 0 0 0 0 11 2 100
kthornt4 0 7 9 14 0 0 0 0 0 0 0 0 0 0 0 0 0 0 0 0 0 0 0 0 0 0 0 0 0 0 11 2 27 15 100
pvlandis 0 0 0 0 2 0 100
mmizraji 0 0 0 15 11 2 0 0 100
zpavlin 0 0 15 0 11 0 100
ydeng3 0 0 0 2 11 27 0 16 10 19 5 25 23 0 0 20 0 12 29 24 15 0 100
kfox8 0 0 0 0 0 0 0 0 2 11 15 0 27 100
lsulli11 0 0 0 0 0 0 0 0 11 2 27 0 100
jgorman6 0 7 14 0 0 0 0 0 0 21 0 0 100
enunez 0 0 0 2 0 0 0 0 0 20 0 0 0 0 0 100
jdirksen 0 0 7 9 14 0 15 0 0 0 0 0 0 0 15 100
whornby 0 7 0 9 14 0 0 0 0 0 0 0 0 15 0 100
jwade5 0 0 0 0 0 0 0 0 0 0 0 0 0 0 0 0 100
mblatt1 0 0 0 0 20 0 0 0 0 0 0 0 0 0 0 0 0 0 0 8 0 0 6 17 0 32 0 0 0 11 2 27 100
mmang 0 15 7 9 14 0 0 0 0 15 100
waberger 0 0 0 15 11 0 2 0 15 100
llombar2 0 0 0 0 0 0 0 0 11 2 27 15 100
gkaiser 0 0 0 0 0 0 0 0 0 0 11 15 2 27 100
koconn27 0 0 7 9 0 0 0 0 0 0 0 0 0 100
aweishan 0 0 15 0 15 0 2 11 27 100
mcaskey 0 11 2 27 0 0 0 16 10 19 15 0 25 5 23 0 0 100
jguarino 9 0 0 0 0 100
cseymou2 0 0 0 0 15 11 2 27 100
dplagenz 0 0 0 0 0 0 0 0 0 0 11 15 2 100
csasso 0 0 0 0 0 0 0 0 0 15 0 11 2 27 100
amccar11 0 20 0 0 0 20 15 0 0 11 0 2 27 0 100
yshi6 0 0 0 100
minoue2 0 0 0 11 27 15 2 100
jwinebre 7 9 14 0 0 15 0 0 0 0 0 0 0 0 15 0 100
sgalbens 0 7 9 14 0 0 0 11 15 0 100
jlazzara 0 0 0 0 0 0 0 0 0 0 0 0 15 11 100
vruesch 0 0 0 11 27 2 15 19 5 20 0 0 0 0 0 100
nniere 0 0 0 20 0 0 0 20 0 0 20 0 0 0 0 100
ghong 0 0 11 2 27 0 0 0 0 0 0 0 0 0 0 0 0 0 0 0 11 27 2 0 0 100
bhogan1 9 7 14 0 0 0 0 0 0 100
wdu 0 5 25 23 0 0 0 0 0 0 0 100
tmercier 0 15 0 0 20 0 11 2 100
esunshi1 0 0 0 0 0 15 100
eevans9 0 20 14 7 9 0 2 11 27 15 0 16 0 10 19 0 25 23 5 0 0 0 0 0 0 0 0 0 0 0 0 0 0 100
bkenney1 0 7 9 14 0 0 21 0 11 100
cdieckma 0 0 0 16 0 0 0 11 2 27 100
mcoggins 0 0 0 11 2 27 100
lblitzer 7 9 14 0 0 0 0 0 0 0 2 11 100
jdelledo 0 15 0 0 0 11 2 100
mfreedlu 0 0 0 0 11 2 27 100
tprice4 0 7 0 0 0 0 100
lbarret2 0 0 0 0 0 0 0 0 0 2 15 27 0 11 100
eralph 0 0 0 0 0 0 0 0 0 0 0 0 0 0 0 0 0 0 11 2 27 100
bhalliga 0 100
sroennec 0 0 15 0 0 0 15 0 0 0 11 2 27 100
jmurph32 0 0 0 11 0 0 0 0 0 0 0 0 11 2 27 0 100
cfrentze 0 0 0 0 0 15 11 2 0 11 27 100
mnewcome 0 15 0 0 11 2 27 15 100
jsitarsk 7 9 14 0 0 0 0 0 100
tpreko 0 20 0 15 100
mtreacy 0 11 2 27 16 10 19 15 0 23 5 25 0 0 100
ccampb21 9 14 0 0 0 15 0 11 100
rrivera8 0 2 0 20 0 2 0 0 100
rblack4 0 0 11 2 27 100
jwelsch 0 0 0 0 11 2 27 100
jgately1 0 7 0 9 14 0 0 0 2 27 100
gdean 0 0 0 11 2 27 0 0 100
ewigutow 0 0 0 0 0 0 11 2 27 100
cmorton2 0 0 0 0 7 9 14 0 0 0 0 0 100
mrooney6 0 20 0 11 2 27 15 0 100
mmoran12 0 11 2 27 10 16 0 0 25 5 23 20 0 0 0 0 0 0 0 0 100
jwalte10 0 7 14 9 0 0 0 11 2 27 100
jcarney6 0 11 27 2 0 100
pmeyer3 0 15 0 11 2 100
icallaha 0 0 0 2 15 0 0 0 11 2 27 100
dtoth1 0 14 0 20 0 0 0 100
kkostola 0 0 0 0 0 0 11 0 0 0 0 0 2 27 100
dlee26 0 0 0 0 0 15 100
yying 9 14 0 0 0 0 0 0 100
swagy 0 0 0 0 0 100
rroque1 7 9 14 0 0 0 0 0 0 0 11 100
kdantoni 0 0 0 15 7 11 2 100
wmohler 0 11 2 15 27 2 100
lklein1 0 11 20 0 11 2 16 10 19 25 5 23 0 0 100
jbecker9 0 0 0 0 0 0 100
hrague 0 0 0 0 0 0 0 0 0 15 11 2 27 0 100
cott 0 20 0 0 20 0 0 0 0 0 0 11 15 2 27 100
mholzbau 0 0 20 15 0 0 0 0 0 20 0 0 0 2 0 0 20 11 2 27 0 11 16 19 10 25 23 5 20 100
mhawkin3 0 0 0 0 0 0 0 11 27 2 15 100
lharmon 0 0 15 0 11 2 27 0 100
elazzaro 0 0 0 0 0 0 7 0 9 14 0 0 0 0 0 100
tburley 0 0 0 7 9 14 0 100
shenn 0 9 0 0 0 0 0 0 0 0 0 0 0 0 2 27 0 2 100
jgomez5 0 20 15 19 16 10 5 25 23 0 100
jfries3 0 0 0 0 0 11 2 27 100
bniemoel 0 7 14 9 0 0 0 0 0 0 0 11 27 2 0 100
kriordan 7 9 14 0 0 0 0 0 0 0 20 0 11 2 27 100
jmurph33 0 0 28 3 6 0 0 15 11 2 27 100
dcorr1 0 7 9 14 0 0 0 0 0 100
cemenalo 0 0 2 0 0 100
yjung2 0 0 0 100
rpappas 0 0 0 0 0 0 0 11 2 27 100
mmerric1 0 0 0 0 7 9 0 14 0 20 0 100
mdosch 0 0 0 11 2 27 15 0 0 100
jbettag 0 13 21 26 0 7 9 14 15 11 2 27 0 16 10 23 0 19 5 20 0 0 4 0 0 0 0 0 0 100
jbernin1 0 0 0 0 0 0 0 0 20 0 0 0 100
gbruenin 0 20 0 0 0 11 2 27 0 0 0 0 100
ddallava 0 15 11 0 0 0 15 11 2 15 0 100
cgamboa 0 0 0 0 0 0 0 0 0 0 0 0 0 0 0 0 0 0 0 15 100
nquartir 0 0 0 11 2 27 0 0 100
lfaubion 0 0 2 11 0 27 100
cwilso24 0 0 0 0 15 11 100
aursino1 0 0 7 9 14 0 0 0 0 20 0 11 2 27 100
msummer2 0 0 0 100
kramm 0 0 15 100
jchapple 0 0 0 11 100
jbonds 15 14 7 9 0 0 0 0 0 2 11 27 15 100
dbirzer 0 7 9 14 0 0 0 0 100
cfish 0 0 0 0 0 11 2 27 15 0 100
nholmes1 0 15 11 2 0 15 11 2 27 100
ngiovino 0 0 0 0 15 11 2 27 100
eherber1 0 0 0 0 11 2 27 0 0 0 100
cgallag3 0 0 0 0 0 15 0 15 2 27 0 100
tzheng2 0 0 11 2 27 0 100
mgerber 0 11 27 2 0 0 16 10 19 20 0 5 25 0 23 0 0 100
jcolli23 15 0 15 14 15 0 14 7 9 0 0 15 0 0 0 15 0 100
awalton3 0 0 0 0 0 2 0 11 2 27 100
vwhitmor 0 0 0 11 2 27 15 100
rpellica 0 0 15 20 0 11 100
rmyers9 0 0 0 0 0 0 11 2 27 15 0 0 100
mdillon7 0 9 14 0 0 0 0 0 0 15 100
jdoerer 9 14 0 0 0 0 0 0 0 100
gbiltz 0 0 0 0 0 0 0 0 0 100
aheck1 0 0 0 0 15 11 2 27 0 100
ucooper 0 7 9 14 0 0 0 0 0 0 100
rschill1 0 0 100
mschlic1 0 12 0 0 2 0 100
