dtorgers 12 12 37 12 12 12 37 12 12 12 36 12 12 37 12 9 36 36 36 36 36 12 12 12 12 18 37 12 12 12 12 12 12 0 37 12 12 37 12 12 9 36 12 20 12 0 12 37 12 36 36 36 36 36 12 12 36 36 36 36 12 12 12 12 25 36 36 36 12 12 12 12 12 37 12 37 12 12 12 12 12 36 36 36 36 36 12 36 36 36 36 36 12 12 12 12 12 12 12 12 37 12 37 12 12 12 12 37 12 12 36 36 12 12 37 12 36 12 12 12 
mdawson3 12 12 31 12 12 36 12 12 12 12 12 12 12 12 12 12 12 12 12 12 12 12 12 12 36 36 12 36 36 12 12 36 36 12 12 12 12 12 12 12 12 12 12 12 12 37 12 12 12 12 12 12 12 12 12 12 12 12 0 25 21 12 12 36 36 36 36 12 12 37 12 12 37 12 12 12 37 12 
cdavin1 12 12 12 12 37 12 12 25 37 12 12 36 36 36 12 12 12 36 12 37 12 37 12 37 12 12 12 25 12 12 37 12 12 37 12 37 12 36 36 12 12 25 37 12 36 36 36 36 12 12 36 36 12 12 12 36 36 12 12 37 12 12 36 36 36 36 36 12 36 36 36 36 36 12 37 12 
alebron1 12 12 37 12 37 12 37 12 37 12 15 0 21 25 37 12 37 12 37 12 37 12 37 12 36 36 36 12 12 36 36 36 36 36 36 12 12 9 8 37 12 36 36 36 36 12 37 12 37 12 37 12 36 12 37 12 37 12 
ccooper8 12 37 12 37 12 37 12 25 12 12 12 31 36 36 36 36 36 12 37 12 37 12 36 12 21 0 15 37 12 36 36 12 
nweindel 12 37 12 12 25 15 0 21 37 12 37 12 37 12 37 12 37 12 37 12 36 36 12 12 36 36 36 36 36 36 12 
ntownsen 12 1 12 12 37 12 12 37 12 29 12 12 37 12 37 12 37 12 12 37 12 
jberg2 12 37 12 37 12 37 12 37 12 12 36 36 36 36 12 12 36 12 12 37 12 12 19 20 6 37 12 37 12 
admin4 12 12 
fhita 12 37 12 37 12 37 12 37 12 37 12 37 12 36 36 12 37 12 12 15 21 1 0 36 36 36 36 12 37 12 12 37 12 
mmcfarli 12 37 12 12 37 12 12 37 12 37 12 25 0 36 36 12 36 15 21 12 12 
mlengwin 12 12 31 37 12 37 12 37 12 37 12 37 12 12 37 12 37 12 37 12 37 12 12 
kwurl 12 37 12 37 12 12 25 37 12 37 12 12 0 36 12 
ccampb20 12 37 12 37 12 37 12 37 12 12 37 12 0 25 15 12 36 36 12 12 36 12 12 12 0 
pbrown10 12 31 12 12 1 12 29 37 12 37 12 12 37 12 12 
rdiejoma 12 12 37 12 37 12 37 12 12 12 37 12 12 12 15 0 21 
kkalisik 12 12 37 12 37 12 37 12 37 12 12 
drogers1 12 36 36 12 12 12 25 29 1 12 12 37 12 37 12 37 12 36 36 36 12 25 21 
cdelpila 12 12 25 1 29 36 31 36 36 36 36 36 12 12 12 31 12 12 12 12 12 31 12 37 12 
cbolivar 12 25 37 12 37 12 31 12 12 29 1 37 12 37 12 25 37 12 
muhlenbr 12 25 37 12 15 21 0 36 12 36 36 12 12 12 12 37 12 12 12 37 12 
msmith75 12 37 12 36 36 36 36 36 36 12 12 25 37 0 36 36 15 21 37 12 37 12 
pmcguir2 12 37 12 12 37 12 15 0 36 36 36 36 12 
jstaten 12 25 15 29 0 21 37 12 37 12 37 12 12 
mgirod 12 37 12 37 12 37 12 37 12 37 12 37 12 37 12 12 15 0 21 12 37 12 37 12 
mdonnel6 12 12 37 12 12 31 37 12 37 12 37 12 12 37 12 37 12 
zgartenh 12 37 12 37 12 37 12 12 15 0 21 25 37 12 37 12 37 12 
mfitzg14 12 0 31 12 36 36 12 12 31 37 12 37 12 29 12 1 37 12 15 36 0 21 37 12 37 12 37 12 
alabella 12 37 12 0 25 15 21 37 12 37 12 37 12 37 12 
mcomunie 12 37 12 12 12 31 37 12 12 
bferrer1 12 0 36 36 36 36 36 12 37 12 37 12 37 12 37 12 37 12 20 25 12 12 6 
pcataldi 12 37 12 37 12 37 12 12 15 0 21 37 12 
aohri 12 37 12 37 12 12 20 12 19 
pklekamp 12 12 25 12 12 29 1 36 36 36 36 36 12 37 12 37 12 12 
amccar10 12 12 37 12 37 12 37 12 
nwamble 12 37 12 37 12 37 12 12 37 12 12 12 0 15 21 37 12 
wwu5 12 37 12 37 12 37 12 12 25 0 15 21 12 9 20 6 19 
wsuter2 12 37 12 37 12 37 12 37 12 12 15 0 21 36 36 36 12 37 12 
thowe1 12 12 31 36 36 36 36 36 12 37 12 37 12 37 12 37 12 37 12 15 0 21 25 
madeniyi 12 12 12 36 36 36 36 36 12 12 12 36 12 37 12 37 12 36 36 36 12 37 12 37 12 37 12 0 15 37 12 37 12 12 12 36 36 12 
mmian 12 12 12 21 
jsoares 12 12 37 12 12 37 12 12 12 1 29 36 36 36 12 
jhouge 12 12 12 12 37 12 36 36 36 12 12 15 36 36 36 12 12 36 36 36 36 12 37 12 37 12 37 12 36 12 12 37 12 0 37 12 
slemaign 12 12 15 0 12 21 12 25 36 36 12 
ldamoose 12 37 12 15 0 25 21 37 12 37 12 37 12 12 9 36 36 12 20 25 36 36 19 6 12 37 12 
sburnbau 12 12 12 0 12 12 15 36 12 21 36 36 36 36 12 36 36 36 36 12 
nwarren 12 37 12 37 12 37 12 37 12 37 12 37 12 37 12 36 36 36 12 25 12 0 36 15 21 37 12 37 12 37 12 
bconnol3 12 37 12 37 12 37 12 37 12 12 15 21 0 25 
rheitkam 12 37 12 37 12 25 15 0 36 21 
jmullike 12 25 36 36 36 36 36 36 12 37 12 12 15 0 21 37 12 12 31 12 37 12 37 12 
chickey3 12 37 12 37 12 37 12 37 12 37 12 37 12 37 12 37 12 12 12 0 15 21 37 12 37 12 37 12 37 12 37 12 37 12 
athoma24 12 37 12 0 36 15 21 36 12 37 12 37 12 12 
rgensler 12 37 12 37 12 25 37 12 25 0 15 21 37 12 
kthornt4 12 37 12 37 12 36 36 12 37 12 37 12 37 12 15 36 36 36 36 36 36 12 0 
pvlandis 12 12 37 12 31 12 29 1 37 12 37 12 37 12 37 12 12 0 12 37 12 15 21 
mmizraji 12 37 12 37 12 25 0 37 12 25 0 15 21 36 12 
zpavlin 12 
ydeng3 12 37 12 37 12 37 12 37 12 9 37 12 37 12 37 12 12 12 20 37 12 26 2 
kfox8 12 37 12 12 12 37 12 37 12 15 0 21 37 12 
lsulli11 12 29 1 37 12 37 12 37 12 0 37 12 36 36 36 36 36 12 
jgorman6 12 36 12 37 12 37 12 36 36 12 37 12 36 36 36 12 37 12 37 12 12 12 0 15 21 
enunez 12 12 37 12 12 
mtardy 12 29 36 36 36 12 0 37 12 37 12 12 37 12 1 37 12 37 12 36 12 12 0 21 15 36 36 12 
jdirksen 12 1 29 31 12 12 25 37 12 37 12 12 1 12 
whornby 12 37 12 37 12 25 15 0 12 21 
jwade5 12 37 12 36 36 36 36 36 12 37 12 12 37 12 12 19 20 6 
mblatt1 12 12 37 12 12 37 12 12 12 37 12 9 19 20 6 36 36 12 
jowusuko 12 37 12 31 12 25 12 29 1 37 12 12 1 29 36 36 25 12 29 36 36 36 36 12 25 37 12 37 12 37 12 
jcorpora 12 37 12 12 0 37 12 37 12 36 12 37 12 37 12 37 12 6 9 
mmang 12 12 37 12 12 25 29 1 37 12 37 12 12 12 12 37 12 
aakatu 12 36 36 36 36 12 12 25 
waberger 12 31 12 25 1 12 29 37 12 37 12 37 12 12 
llombar2 12 12 37 12 37 12 15 0 21 25 
gkaiser 12 37 12 15 21 0 17 25 37 12 37 12 37 12 12 37 12 37 12 12 19 20 6 25 34 
koconn27 12 36 36 36 12 36 36 36 36 36 36 12 12 0 37 12 37 12 37 12 37 12 
aweishan 12 31 12 25 36 1 36 36 36 36 29 37 12 12 37 12 
mcaskey 12 37 12 37 12 20 6 19 12 37 12 37 12 12 9 37 12 
jguarino 12 37 12 12 1 29 37 12 
cseymou2 12 12 25 29 1 25 37 12 37 12 
dplagenz 12 37 12 37 12 12 25 15 0 36 36 36 12 36 36 36 21 
csasso 12 37 12 37 12 25 0 12 
amccar11 12 37 12 12 25 37 12 15 25 0 36 36 21 37 12 37 12 
yshi6 12 12 0 15 12 9 37 12 37 12 37 12 
tpillai 12 12 12 36 36 36 36 12 29 36 36 12 0 25 37 12 37 12 37 12 37 12 15 0 25 21 36 36 12 36 36 12 
minoue2 12 12 37 12 12 37 12 36 36 36 36 36 36 12 25 37 12 12 15 0 21 36 36 36 36 36 12 
jwinebre 12 37 12 12 25 37 12 12 25 15 21 12 0 37 12 37 12 
tanggara 12 37 12 12 37 12 36 36 36 36 12 29 1 37 12 
sgalbens 12 12 1 29 12 37 12 31 36 36 36 36 12 37 12 37 12 
jlazzara 12 37 12 36 36 36 36 36 12 37 12 36 36 36 36 36 36 12 37 12 25 36 36 36 36 0 15 21 12 37 12 12 
vruesch 12 37 12 37 12 37 12 37 12 12 12 37 12 15 21 0 12 
nniere 12 37 12 12 37 12 
ghong 12 31 29 1 25 37 12 37 12 
bhogan1 12 37 12 25 29 1 37 12 37 12 37 12 15 37 0 36 21 
wdu 12 12 12 12 12 37 12 37 12 37 12 3 36 36 36 24 36 36 27 12 37 12 12 
tmercier 12 37 12 37 12 25 37 12 29 1 37 12 
mball 12 12 36 36 36 36 36 36 12 36 36 12 12 0 
esunshi1 12 37 12 37 12 37 12 37 12 12 37 12 12 15 12 0 12 21 
eevans9 12 37 12 36 12 36 12 9 37 12 20 36 19 6 37 12 12 36 36 12 37 12 12 37 12 32 37 12 37 12 
bkenney1 12 29 1 31 37 12 12 37 12 
asimonet 12 25 12 12 37 12 12 0 25 37 12 12 15 37 12 0 21 
cdieckma 12 31 12 29 1 37 12 0 37 12 15 0 21 25 
mcoggins 12 37 12 
lblitzer 12 21 0 36 36 19 20 6 36 36 36 36 36 32 17 34 22 28 37 12 37 12 37 12 37 12 37 12 27 12 9 27 
jdelledo 12 36 36 36 12 36 12 25 36 12 29 1 36 36 12 37 12 37 12 37 12 12 0 25 15 0 1 21 12 
mmoore18 12 12 37 12 37 12 37 12 37 12 37 12 37 12 37 12 37 12 15 21 0 25 12 
mfreedlu 12 12 37 12 37 12 0 36 36 36 36 15 21 12 
ymikulja 12 37 12 36 36 36 36 12 31 12 37 12 12 31 
tprice4 12 36 36 12 12 29 1 12 37 12 12 37 12 12 12 
lbarret2 12 37 12 12 12 12 36 36 36 36 12 37 12 12 37 12 0 15 21 25 37 12 12 
eralph 12 37 12 15 0 21 37 12 37 12 
bhalliga 12 37 12 37 12 12 12 0 37 12 37 12 15 12 21 12 37 12 12 
sroennec 12 37 12 29 1 25 12 37 12 12 
jmurph32 12 37 12 37 12 12 12 37 12 15 0 36 36 21 
cfrentze 12 25 37 12 15 0 36 12 21 
mnewcome 12 15 0 25 21 
jsitarsk 12 12 0 15 21 29 36 12 
tpreko 12 1 25 29 36 36 36 36 12 37 12 12 25 37 12 36 36 12 12 37 12 25 15 21 0 
mtreacy 12 37 12 37 12 37 12 37 12 37 12 37 12 
ccampb21 12 36 36 36 36 36 12 12 12 37 12 12 29 1 37 12 37 12 
rrivera8 12 37 12 37 12 37 12 25 0 12 8 12 24 15 21 36 36 36 12 12 
rblack4 12 12 37 12 37 12 37 12 37 12 12 15 0 21 37 12 
jwelsch 12 37 12 12 15 0 21 12 37 12 
jgately1 12 37 12 36 36 36 36 36 36 12 12 37 12 37 12 12 
gdean 12 37 12 37 12 12 37 12 12 37 12 12 36 36 36 12 
ewigutow 12 37 12 12 37 12 37 12 37 12 12 15 0 21 12 37 12 37 12 37 12 
dgibbon2 12 37 12 37 12 37 12 12 12 12 
cmorton2 12 37 12 12 15 21 0 
mrooney6 12 12 25 37 12 15 0 21 12 36 12 37 12 
mmoran12 12 37 12 12 29 1 36 36 12 12 31 12 
jwalte10 12 36 36 36 36 36 12 12 29 1 25 37 12 36 36 36 12 37 12 
jcarney6 12 37 12 1 36 36 36 36 12 29 25 36 36 12 36 36 36 36 12 37 12 
pmeyer3 12 25 37 12 12 29 1 12 
icallaha 12 37 12 25 0 15 21 25 36 36 12 37 12 12 
dtoth1 12 12 37 12 37 12 37 12 37 12 37 12 12 15 0 21 
kkostola 12 36 12 37 12 37 12 12 15 21 0 
dlee26 12 37 12 25 0 15 21 
yying 12 12 29 12 1 37 12 37 12 37 12 
swagy 12 37 12 37 12 12 15 0 21 25 37 12 
rroque1 12 37 12 15 12 0 21 12 
kdantoni 12 37 12 12 12 37 12 37 12 25 0 15 21 12 
wmohler 12 25 37 12 15 
lklein1 12 12 31 12 37 12 12 0 15 21 25 12 37 12 37 12 
jbecker9 12 31 29 1 36 36 36 12 37 12 
hrague 12 37 12 37 12 15 0 21 25 37 12 
cott 12 29 25 37 29 1 25 12 37 12 37 12 
mholzbau 12 12 25 
mhawkin3 12 12 12 25 37 12 29 25 12 1 36 36 36 12 15 0 21 25 37 12 0 12 12 37 12 15 21 
lharmon 12 37 12 25 37 12 37 12 12 15 21 0 12 12 12 
elazzaro 12 37 12 12 15 0 21 
tburley 12 37 12 36 36 36 36 12 37 12 37 12 37 12 25 37 12 
shenn 12 12 37 12 15 0 36 12 21 37 12 12 
jgomez5 12 37 12 37 12 36 36 12 25 12 15 37 21 0 12 37 12 12 
jfries3 12 37 12 12 0 21 15 
bniemoel 12 37 12 37 12 12 15 0 21 36 36 12 37 12 
mcontrer 12 37 12 1 37 12 37 12 
kriordan 12 37 12 37 12 12 15 0 12 21 37 12 
jmurph33 12 25 37 12 31 12 29 25 12 12 1 37 12 37 12 25 12 0 15 21 12 12 
dcorr1 12 37 12 12 29 36 1 37 12 
cemenalo 12 25 12 12 29 12 1 37 12 37 12 37 12 
yjung2 12 12 12 1 36 36 29 36 36 12 37 12 
rpappas 12 37 12 37 12 37 12 37 12 15 12 0 21 37 12 
mmerric1 12 37 12 37 12 37 12 12 15 21 0 12 
mdosch 12 31 12 12 37 12 12 12 37 12 12 15 0 21 25 12 37 12 0 37 12 
jbettag 12 37 12 37 12 37 12 
jbernin1 12 37 12 37 12 12 37 12 12 15 0 21 12 19 20 6 
hrivers 12 1 29 12 36 36 36 36 36 36 12 37 12 37 12 15 21 0 
gbruenin 12 0 12 37 12 37 12 37 12 37 12 
ddallava 12 0 36 36 36 36 36 21 12 37 12 25 20 19 
cgamboa 12 37 12 25 0 12 12 12 36 36 36 12 21 15 37 12 25 6 19 
nquartir 12 37 12 15 36 0 21 
lfaubion 12 12 29 1 12 37 12 37 12 12 0 21 15 
cwilso24 12 25 1 29 37 12 
aursino1 12 37 12 25 12 9 37 12 37 12 0 15 21 36 36 36 12 36 12 37 12 12 
msummer2 12 12 15 21 12 12 0 37 12 37 12 37 12 
kramm 12 29 36 36 36 12 1 37 12 37 12 18 37 12 12 37 12 15 0 12 21 
jchapple 12 25 31 12 12 29 1 37 12 
jbonds 12 12 37 12 25 21 12 37 12 0 25 15 12 
dbirzer 12 37 12 37 12 
cfish 12 37 12 15 21 0 12 25 37 12 37 12 9 25 36 36 36 12 25 
nholmes1 12 25 15 0 21 12 15 12 25 21 0 9 
ngiovino 12 12 12 15 25 0 21 
eherber1 12 25 37 12 25 15 0 21 
cgallag3 12 37 12 36 36 36 36 12 37 12 12 25 37 12 37 12 37 12 36 36 36 12 37 12 37 12 37 12 0 12 21 12 
wstackma 12 37 12 37 12 15 0 21 12 
tzheng2 12 25 15 37 12 12 15 0 21 12 12 12 37 12 12 12 12 
mgerber 12 37 12 37 12 12 9 25 12 36 36 32 37 12 17 37 12 
jcolli23 12 25 37 12 25 1 0 37 12 
awalton3 12 25 29 1 
vwhitmor 12 25 37 12 12 15 0 21 36 36 36 12 37 12 
rpellica 12 1 29 37 12 37 12 12 25 0 36 15 21 
rmyers9 12 29 1 37 12 25 37 12 36 15 0 12 36 36 36 12 37 12 21 25 
mdillon7 12 25 15 12 0 21 
jdoerer 12 12 37 12 12 1 29 
gbiltz 12 12 37 12 
areaves 12 12 12 37 12 
aheck1 12 37 12 25 37 12 15 36 36 0 21 37 12 
ucooper 12 12 12 25 36 36 29 1 37 12 31 
tguinan 12 12 29 1 37 12 37 12 
rschill1 12 37 12 36 36 36 36 12 12 12 37 12 36 36 36 36 36 36 12 37 12 37 12 37 12 37 12 37 12 37 12 0 
mschlic1 12 31 12 1 37 12 29 37 12 36 36 36 12 37 12 37 12 37 12 37 12 37 12 
mperry6 12 29 1 31 12 37 12 15 0 21 
jfenton1 12 29 25 36 36 36 36 12 12 15 0 21 12 
csauder 12 37 12 1 37 29 36 36 12 31 12 12 12 37 12 12 15 21 0 
zkagalw1 12 1 37 12 37 12 
swilkin4 12 37 12 
imarx 12 37 12 37 12 29 36 36 36 1 37 12 12 29 36 12 12 37 12 37 12 15 21 
cschmid7 12 12 29 1 
awang4 12 12 25 29 1 12 
abenavi3 12 37 12 37 12 37 12 37 12 37 12 37 12 37 12 15 0 21 25 37 12 37 12 
sweyhmil 12 31 36 12 29 1 37 12 37 12 37 12 
sgenz 12 37 12 12 29 1 36 36 36 12 37 12 
mwu4 12 37 12 37 12 12 0 15 21 
jleporte 12 12 15 21 0 
adichris 12 15 0 21 25 36 36 15 37 12 12 
scrotty1 12 37 12 31 36 36 12 12 29 1 36 25 37 12 12 
pdesousa 12 31 25 37 12 29 1 37 12 
lfitter 12 37 12 25 0 36 36 15 21 37 12 37 12 37 12 12 
kenriett 12 37 12 31 25 36 36 36 36 12 12 37 12 37 12 29 1 36 12 
jruan 12 37 12 12 25 12 15 0 12 21 12 12 31 12 37 12 
hzahour 12 37 12 25 15 0 21 
emostyn 12 37 12 15 0 36 36 21 25 12 12 37 12 
edohert1 12 37 12 37 12 12 25 36 36 36 15 0 36 21 12 
athigpen 12 36 36 12 36 36 1 37 12 29 37 12 37 12 37 12 
amellert 12 37 12 12 1 29 37 12 
aandrade 12 37 12 37 12 15 0 21 25 37 12 36 36 36 36 36 12 12 36 36 36 12 37 12 36 36 12 37 12 12 
tdann 12 37 12 37 12 12 37 12 37 12 37 12 0 36 36 36 36 12 12 37 21 
sielusic 12 12 37 12 36 36 12 15 0 21 36 36 36 12 15 0 21 36 12 37 12 37 12 
mlicursi 12 37 12 25 12 12 15 0 37 12 21 36 36 36 36 36 12 
mdrake2 12 37 12 12 25 36 36 36 36 1 29 37 12 37 12 37 12 12 36 36 12 37 12 12 
lhe3 12 37 12 12 25 0 36 36 15 21 12 12 
inegroro 12 37 12 37 12 12 25 37 12 29 1 
afonash 12 31 12 36 36 12 1 0 29 37 12 37 12 37 12 0 37 12 25 36 36 36 36 36 12 37 15 21 
obarnard 12 12 37 12 12 37 12 37 12 37 12 36 36 15 21 0 12 20 6 19 12 
nbenz 12 31 12 25 1 12 29 12 37 12 12 31 
lhuang3 12 15 0 21 37 12 
jwessele 12 37 12 12 37 12 37 12 12 25 15 12 
jmastron 12 36 0 25 21 
dmarino 12 12 12 18 7 12 25 
cpickfor 12 37 12 29 36 12 21 1 37 12 
bmoasser 12 12 15 21 0 12 37 12 
apurcel1 12 36 36 36 36 36 12 36 36 36 36 12 12 37 12 15 0 25 12 37 12 36 36 12 31 12 36 36 36 36 36 12 37 12 
obaitlot 12 15 0 21 12 37 12 
kmollenk 12 37 12 37 12 12 25 36 36 36 12 15 0 21 12 0 
ccarlso2 12 37 12 25 20 19 6 
bmoreno1 12 12 1 29 36 12 37 12 37 12 
smanriqu 12 37 12 15 0 21 25 37 12 
mmillado 12 
mferrel2 12 37 12 37 12 37 12 
ldougla3 12 31 12 37 12 1 29 37 12 37 12 12 12 12 
jmcconn1 12 37 12 15 0 21 
ecahill 12 12 12 25 37 12 37 12 
dshaw4 12 37 12 37 12 25 
alucche1 12 12 1 37 12 25 29 37 12 37 12 12 
odonnel1 12 37 12 37 12 12 37 12 12 21 15 0 
mpirko 12 12 31 37 12 12 25 31 37 12 37 12 37 12 12 25 
mlyden1 12 37 12 37 12 37 12 25 37 12 0 15 21 
mdekold 12 25 29 1 12 37 12 18 
eschnaut 12 25 12 12 15 0 21 37 12 
esalina1 12 37 12 15 0 21 25 
adiederi 12 0 36 36 36 36 36 25 12 15 21 
sholtz1 12 37 12 29 1 8 9 37 12 29 
sdann 12 37 12 12 25 15 0 21 12 
pkolek 12 25 36 36 36 12 0 36 36 36 36 36 12 12 15 21 36 36 36 12 36 12 
nhaymond 12 37 12 37 12 15 0 21 25 
kmuha 12 37 12 12 25 36 36 36 36 36 12 36 36 36 12 12 15 0 21 37 12 
kfeehan 12 37 12 15 21 0 36 36 36 25 
kalme 12 12 37 12 37 12 37 12 37 12 37 12 12 25 19 21 6 20 37 12 37 12 25 20 6 
ivaldess 12 36 36 12 31 37 12 12 25 29 37 12 36 12 1 
esmith30 12 36 36 12 0 15 21 37 12 25 9 37 12 12 12 12 
ctoudouz 12 15 0 21 
sreddy4 12 37 12 15 0 21 
rboylan 12 31 12 37 31 12 29 1 37 12 
ncheng 12 1 25 12 29 
mgelchio 12 37 12 0 36 36 36 36 36 12 37 12 12 21 15 
jzelinsk 12 37 12 37 12 15 25 0 21 
jcuji 12 12 12 9 37 12 37 12 12 
gworthin 12 25 1 29 12 31 37 12 37 12 0 37 12 21 37 12 
dfabrega 12 25 37 12 37 12 37 12 25 15 0 21 37 12 
angov 12 29 1 12 37 12 37 12 25 
adunniga 12 7 37 12 36 12 12 31 12 37 12 37 12 12 29 1 
skolda 12 25 37 12 15 21 0 
scrippes 12 31 12 29 12 1 37 12 37 12 
mschutze 12 37 12 25 0 21 12 37 12 
mpavloff 12 25 36 12 29 1 37 12 37 12 
losecco 12 37 12 15 0 21 36 36 12 12 37 12 12 12 
lnixon1 12 37 12 37 12 
kmurray7 12 12 12 25 0 15 21 37 12 
jshard 12 12 37 12 37 12 12 25 29 37 12 1 36 12 25 15 21 0 36 12 
hthomps4 12 12 37 12 37 12 15 0 21 36 12 31 12 
ewood1 12 37 12 18 25 37 12 0 12 37 12 37 12 12 15 21 36 12 
estrouse 12 15 0 21 25 12 
sekanay1 12 12 25 1 
odegnim 12 12 12 12 29 1 37 12 37 12 37 12 37 12 
kcox5 12 12 31 12 25 29 1 37 12 12 12 12 37 12 
kborotho 12 36 36 29 25 12 1 37 12 31 12 37 12 
jbertram 12 15 25 36 36 21 36 36 36 0 36 36 36 12 37 12 12 25 12 9 20 19 6 
hbyrne 12 19 20 6 12 37 12 0 15 21 37 12 12 37 12 
ggulyas 12 15 21 25 0 
ekeuler 12 37 12 19 20 6 12 37 12 12 37 12 9 37 12 12 
egeyer1 12 29 1 36 36 36 36 36 12 29 1 25 
dlong2 12 12 25 15 0 21 
bpierpoi 12 37 12 12 12 29 1 37 12 37 12 37 12 
apavelka 12 37 12 15 0 21 
rbartle1 12 37 12 37 12 
nyusko1 12 12 12 29 1 37 12 37 12 
motten1 12 37 12 0 15 21 
molsen3 12 36 36 36 36 36 12 12 37 12 12 25 37 12 0 36 21 29 6 15 12 
mdambros 12 12 0 37 12 0 12 21 15 
kmountf1 12 37 12 25 36 36 36 36 36 36 0 36 36 12 21 36 36 15 12 
jeversol 12 12 25 29 1 37 12 
etorrent 12 37 12 0 36 36 36 36 12 15 21 37 12 12 37 12 
ereynol5 12 31 12 12 37 12 29 1 15 0 21 25 
epark5 12 31 12 37 12 15 0 21 25 
dpatel2 12 37 12 37 12 25 0 36 36 15 21 
cmoreno5 12 12 29 37 12 
bgawel 12 37 12 37 12 0 15 21 
bconlon 12 37 12 37 12 25 15 36 36 12 0 12 21 37 12 
apanousi 12 36 12 15 0 21 37 12 37 12 
tngochi 12 25 37 12 37 12 0 25 31 37 12 37 12 15 21 
tdasso 12 12 29 1 
smcmull1 12 37 12 12 0 21 12 12 12 15 
rwittmer 12 37 12 37 12 12 12 15 0 21 37 12 
rvazza 12 12 15 0 21 25 
nhong 12 12 15 0 21 36 36 36 12 19 20 6 36 36 36 36 32 17 12 37 12 
mrohling 12 37 12 37 12 37 12 
edebassi 12 
dsmith53 12 31 12 12 29 1 12 12 12 37 12 
cdowicz 12 37 12 12 29 
bnakfoor 12 37 12 12 29 12 1 
akhemani 12 37 12 
ahughes8 12 37 12 31 37 12 37 12 37 12 
tperey 0 21 37 12 
pbetz 12 12 37 12 29 1 12 1 
mmccor15 12 37 12 37 12 37 12 25 
mgray10 12 29 1 37 12 37 12 12 25 36 36 12 
mfraizer 12 37 12 37 12 37 12 12 12 0 15 21 
lherna11 12 15 0 
jmolumph 12 37 12 12 0 15 36 36 21 
hzweberl 12 37 12 37 12 12 25 15 21 0 
dserafin 12 37 12 8 9 37 12 25 36 36 36 36 36 15 21 0 
bpowell4 12 37 12 37 12 
mdownin1 12 12 
lduggan 12 25 29 1 
kmclaug3 12 12 12 15 0 21 37 12 
kbulleit 12 25 1 29 12 29 1 37 12 
jplas 12 12 37 12 12 31 
jbrown36 12 12 12 29 12 1 12 
dkim30 12 37 12 37 12 37 12 36 36 36 36 36 36 15 0 21 
cpantin 12 37 12 12 31 1 25 37 12 7 37 12 
cmyers11 12 12 15 0 21 37 12 12 25 37 12 19 20 6 
amora2 12 12 15 0 21 37 12 37 12 
adrisco2 12 12 25 19 20 6 37 12 37 12 12 37 12 37 12 12 9 
xtsai 12 12 37 12 12 25 29 1 37 12 37 12 37 12 36 36 36 12 37 12 
wbaer 12 37 12 12 37 12 36 12 37 12 
nisakson 12 12 12 37 12 12 29 1 
lmcfadde 12 37 12 37 12 36 12 
kmurph44 12 12 25 37 12 37 12 0 15 21 25 37 12 12 
ibushue 12 31 12 25 1 37 12 29 37 12 37 12 37 12 25 
hadams3 12 15 1 25 12 19 20 21 
enichol4 12 37 12 15 0 21 12 25 
egroth 12 12 12 25 0 37 12 15 21 0 
aheinzma 12 12 25 37 12 29 1 37 12 37 12 25 
ahall2 12 
adecker1 12 37 12 12 12 12 9 37 12 37 12 12 0 37 12 15 21 
aameen 12 37 12 12 25 12 0 37 12 15 36 36 21 36 36 36 36 36 12 
zwall 12 29 25 12 37 12 15 0 21 12 
smonaha1 12 37 12 36 36 36 36 36 12 19 36 36 12 25 9 37 12 36 20 6 36 36 12 37 32 17 12 37 12 37 12 
sdeschne 12 25 37 12 1 29 
mowen 12 0 15 21 12 12 
lwatts1 12 37 12 37 12 25 15 36 0 21 
krochefo 12 37 12 12 15 21 12 0 12 
jholguin 12 12 12 12 1 36 12 29 37 12 37 12 37 12 
gniforat 12 37 12 12 36 36 12 31 12 12 12 12 1 29 12 1 37 12 
evandier 12 37 12 12 
eclapp 12 25 15 0 21 12 
awaldsch 12 37 12 12 12 0 21 36 36 36 36 12 37 12 37 12 
adevito1 12 29 12 1 37 12 
tsilva1 12 12 15 0 21 
oivan 12 37 12 37 12 37 12 37 12 25 0 
mmarti45 12 25 36 15 21 0 
mjorden 12 15 0 21 12 25 37 12 
ldorenko 12 25 12 29 1 36 36 36 36 12 12 12 37 12 
ktracey 12 37 12 
krothmey 12 36 36 36 15 0 21 37 12 19 20 6 
kbiladea 12 12 37 12 37 12 37 12 37 12 37 12 12 37 12 
jweas 12 37 12 15 0 21 12 25 37 12 
jgoldsch 12 25 29 1 37 12 
jdraves 12 31 12 29 1 37 12 36 36 36 36 36 36 12 12 25 37 12 
gotte1 12 12 12 25 37 12 12 0 21 36 36 36 6 20 19 37 12 
etruesda 12 37 12 31 
emeara 12 37 12 19 20 25 6 
cnilsen 12 25 1 37 12 37 12 25 15 0 36 36 21 
bmurph24 12 37 12 12 25 37 12 25 0 37 12 15 21 
azammit 12 37 12 37 12 
arabbitt 12 12 29 6 1 37 12 
wcheong 12 31 37 12 31 12 25 29 1 
kmoran11 12 15 0 21 
kgalla21 12 25 15 37 12 0 21 37 12 
kgalla20 12 12 29 1 
kfranz1 12 25 29 1 37 12 12 25 29 15 0 21 
jsutton3 12 31 36 36 36 12 36 25 29 1 37 12 
japplew1 12 36 36 36 36 12 15 12 0 36 36 12 21 
imurrer 12 12 29 1 37 12 12 15 
fschemel 12 37 12 25 29 1 37 12 
fprimozi 12 37 12 
elinares 12 12 12 29 1 37 12 37 12 
cmulshin 12 37 12 15 0 21 12 25 37 12 
cmagnuss 12 0 36 36 36 15 21 
ccleary1 12 36 12 15 25 0 21 
abohling 12 37 12 25 15 0 21 37 12 
mscanish 12 12 0 36 21 
mkirven 12 37 12 37 12 
lkim3 12 12 18 25 37 12 29 1 25 12 15 0 21 12 19 20 6 
lgrabows 12 0 21 37 12 37 12 37 12 6 36 36 36 19 
lcaffar1 12 37 12 12 25 
kliang2 12 12 15 0 21 37 12 
jnowak4 12 37 12 37 12 37 12 25 29 15 21 1 0 37 12 12 12 37 12 
bmerrick 12 25 29 1 36 36 36 12 31 12 37 12 
bgagnon 12 1 29 25 37 12 
tmansell 12 12 25 15 0 37 12 21 
rrocco 12 25 29 36 12 29 37 12 37 12 25 37 12 
rpuno 12 25 37 12 0 15 21 12 
lyan4 12 25 0 15 12 21 
kpresteg 12 37 12 37 12 12 37 12 12 12 0 12 15 12 21 
jbaines 12 12 37 12 12 15 21 0 
blemay 12 25 36 36 36 36 36 36 15 21 0 12 12 12 37 12 
aromano2 12 31 25 29 1 36 12 
alongsta 12 37 12 12 31 37 12 12 15 0 21 25 
szachari 12 
spalumb1 12 25 15 0 21 
pcamara 12 12 15 0 21 25 36 36 12 37 12 
operez2 12 12 25 15 37 21 0 
nvincent 12 12 31 12 36 12 29 1 37 12 37 12 37 12 15 0 21 37 12 0 12 19 
lgelin 12 36 36 36 36 9 0 15 21 37 12 19 36 36 20 6 12 37 12 9 
ldomenel 12 37 12 12 29 1 
lcho 12 37 12 37 12 25 15 0 21 37 12 
jpaul2 12 37 12 9 36 12 25 36 36 36 36 36 36 12 17 32 12 25 8 12 9 36 36 36 36 36 12 
ischmitz 12 12 29 1 37 12 37 12 
egorman5 12 25 12 36 36 12 29 25 1 37 12 12 37 12 12 25 12 0 15 21 
eeagle 12 37 12 36 36 36 36 36 36 12 37 12 36 36 12 37 12 12 37 12 19 20 6 
dallen13 12 12 12 12 37 12 15 12 0 21 
cdenzel 12 25 0 36 36 15 
asowell 12 37 12 12 15 0 21 37 12 
yzou2 12 37 12 12 37 12 37 12 12 29 12 12 1 
speter14 12 37 12 37 12 19 
pmcmonag 12 12 25 37 12 29 1 36 12 
kpaulsen 12 12 12 37 12 37 12 12 15 12 0 37 12 21 
kjacoby1 12 37 12 37 12 12 25 36 36 36 36 15 36 0 21 37 12 
jdodig 12 12 31 37 12 12 0 37 1 
gcramer1 12 12 29 1 37 12 37 12 37 12 12 37 12 15 0 21 
esoller 12 12 36 36 36 29 1 25 37 12 37 12 15 
egorman6 12 29 12 1 37 12 31 37 12 12 15 0 21 
ckotseos 12 31 12 29 1 
cganley 12 1 36 36 36 36 29 25 12 31 12 37 12 0 21 15 15 25 36 36 12 12 
bfraser 12 12 25 37 12 12 12 0 15 37 12 21 12 37 12 12 
asweet 12 12 12 15 21 0 
apaik 12 31 12 25 29 12 12 1 12 37 12 
amonroe1 12 37 12 
abulaoro 12 12 1 36 36 36 36 36 29 37 12 36 36 12 37 12 
thuber1 12 31 12 12 25 29 1 25 37 12 
sincera 12 12 36 15 0 21 25 12 36 36 29 1 37 12 37 12 37 12 12 0 15 21 
phennes2 12 37 12 37 12 12 0 21 12 
mcabrer1 12 12 12 1 29 
kkolleck 12 12 25 29 37 12 1 12 
kconrad2 12 12 0 25 
jreeg 12 7 31 12 18 37 12 37 12 7 37 12 12 1 12 29 
hsarkey 12 31 12 25 29 1 12 29 37 12 25 15 12 21 12 0 37 12 
hholden 12 37 12 25 0 29 15 21 37 12 37 12 
epil 12 37 12 
awitte 12 37 12 12 31 12 36 36 36 12 29 25 1 37 12 37 12 37 12 12 0 15 21 
trogers6 12 7 37 12 18 37 12 25 15 0 36 21 12 
tfross 12 
taguirre 12 31 29 1 12 37 12 12 25 12 37 12 12 
sbindel 12 25 29 31 12 12 1 
rmaqbool 12 25 12 12 12 29 1 
kcockrel 12 37 12 12 12 12 25 15 0 21 12 
jphilli8 12 37 12 
jmarino6 12 12 12 31 25 1 37 12 29 1 37 12 0 36 15 21 
eguenthe 12 12 12 37 12 12 15 0 21 
ecaradon 12 12 0 15 21 37 12 37 12 
creid4 12 0 15 21 37 12 
carizama 12 37 12 37 12 37 12 12 15 0 21 19 20 6 36 36 12 9 
anataraj 12 37 12 25 31 12 12 37 12 12 36 1 37 29 
svukovit 12 37 12 37 12 37 12 15 0 21 37 12 37 12 12 
pyoung3 12 29 37 12 
msteph11 12 37 12 15 0 21 
mraster 12 25 31 36 36 36 36 36 36 12 12 29 1 12 37 12 25 15 0 21 37 12 
lbognar1 12 37 12 37 12 15 21 0 
lbakke 12 37 12 15 0 21 
jzacher 12 37 12 12 36 36 15 0 21 37 12 
