dtorgers 12 12 12 12 36 36 36 12 12 12 12 37 12 12 37 12 12 36 36 36 36 36 12 12 37 12 12 36 36 36 12 12 12 36 36 12 12 37 12 12 37 12 12 12 12 37 12 12 12 37 12 12 12 36 36 12 12 12 37 12 36 12 37 12 12 37 12 
mdawson3 12 12 37 12 12 12 37 12 24 3 37 12 12 37 12 12 12 
cdavin1 12 25 8 3 27 24 37 12 37 12 37 12 37 12 25 37 12 25 10 30 4 12 
alebron1 12 8 37 12 37 12 3 24 27 25 37 12 37 12 37 12 
ccooper8 12 37 12 37 12 37 12 37 12 37 12 37 12 37 12 25 37 12 10 30 4 12 37 12 
nweindel 12 12 37 12 37 12 12 25 37 12 36 36 36 36 36 12 36 36 12 36 36 12 10 30 36 25 4 37 12 12 12 25 37 12 37 12 
ntownsen 12 12 25 12 12 2 26 33 12 3 24 27 36 12 12 12 12 37 12 37 12 37 12 37 12 12 37 12 12 37 12 12 37 12 12 12 
jberg2 12 37 12 37 12 37 12 37 12 37 12 37 12 37 12 37 12 37 12 
fhita 12 37 12 37 12 3 27 24 8 37 12 37 12 37 12 37 12 37 12 37 12 37 12 37 12 37 12 12 10 30 4 
mmcfarli 12 12 12 8 12 37 12 12 37 12 37 12 37 12 37 12 37 12 36 36 12 25 10 30 4 
mlengwin 12 37 12 37 12 37 12 37 12 36 36 12 37 12 12 37 12 
kwurl 12 37 12 12 12 3 25 24 12 27 37 12 37 12 25 37 10 30 37 12 
ccampb20 12 25 3 27 36 12 24 37 12 8 
pbrown10 12 37 12 24 25 3 12 36 36 12 36 36 36 36 36 12 37 12 37 12 12 37 12 37 12 37 12 12 37 12 37 12 
rdiejoma 12 12 37 12 37 12 37 12 37 12 12 37 12 36 36 12 36 36 3 12 24 27 
kkalisik 12 12 8 37 12 36 36 36 36 12 36 36 36 12 27 3 24 37 12 12 12 10 30 
drogers1 12 12 36 36 36 12 3 24 27 36 12 12 12 36 36 12 37 12 37 12 12 
cdelpila 12 37 12 12 12 12 25 3 36 36 36 12 25 24 37 12 
cbolivar 12 12 24 37 12 12 3 27 24 37 12 37 12 37 12 
muhlenbr 12 25 3 24 27 12 36 36 12 12 12 12 37 12 
msmith75 12 37 12 25 37 12 10 30 36 4 37 12 30 12 37 12 
pmcguir2 12 3 24 27 37 12 12 36 36 36 12 37 12 37 12 37 12 12 10 37 12 36 36 30 4 
jstaten 12 8 12 12 37 12 12 8 37 12 12 12 25 37 12 12 8 10 25 30 4 36 36 36 12 
mgirod 12 24 37 12 3 27 37 12 
mdonnel6 12 12 12 24 37 12 12 12 37 12 37 12 12 37 12 12 10 30 37 12 12 12 12 
zgartenh 12 37 12 37 12 37 12 3 27 24 37 12 37 12 12 37 24 12 25 10 24 30 37 12 
mfitzg14 12 37 12 12 8 12 12 12 8 36 36 36 36 36 10 30 25 36 36 4 36 36 36 36 12 
alabella 12 36 36 12 12 37 12 25 12 37 12 37 12 37 12 37 12 
mcomunie 12 12 
bferrer1 12 12 36 36 36 36 36 12 12 3 25 12 24 27 37 12 36 36 36 36 12 37 12 37 12 37 12 37 12 36 36 36 36 36 12 3 12 12 25 10 30 4 12 37 12 
pcataldi 12 12 3 24 27 37 12 37 12 
aohri 12 12 37 12 37 12 37 12 12 37 12 36 36 12 12 36 36 24 37 12 21 12 3 24 37 12 
pklekamp 12 12 8 37 12 37 12 12 37 3 37 12 12 12 24 37 12 37 12 36 36 36 36 36 12 37 12 36 36 36 36 12 10 30 
amccar10 12 12 37 12 12 3 12 24 27 12 37 12 12 12 10 12 30 
nwamble 12 37 12 12 12 37 12 12 36 12 37 12 10 30 4 
wwu5 12 37 12 12 12 12 37 12 37 12 37 12 12 
wsuter2 12 37 12 37 12 37 12 37 12 37 12 37 12 37 12 
thowe1 12 37 12 24 37 12 37 12 36 36 12 37 12 37 12 37 12 4 10 30 
madeniyi 12 12 36 36 36 36 24 25 36 36 36 36 3 36 36 36 36 12 36 36 36 27 37 12 37 12 37 12 37 12 37 12 37 12 36 36 36 36 36 12 37 12 37 12 36 36 36 36 36 12 
mmian 12 12 12 37 12 36 36 12 12 12 8 37 12 37 12 37 12 37 12 37 12 37 12 
jsoares 12 12 37 12 25 12 3 24 27 
jhouge 12 37 12 27 37 12 37 12 37 12 37 12 12 3 24 27 37 12 36 36 36 36 12 37 12 
slemaign 12 37 12 3 24 37 12 3 27 25 12 37 12 
ldamoose 12 12 36 36 12 36 36 36 36 36 36 12 12 36 12 10 30 25 37 12 36 36 12 37 12 36 36 36 36 36 12 23 25 5 16 
sburnbau 12 37 12 37 12 37 12 37 12 37 12 37 12 37 12 12 
nwarren 12 37 12 37 12 37 12 25 4 36 10 30 
bconnol3 12 37 12 12 10 30 4 25 36 12 36 12 10 30 12 
rheitkam 12 36 36 36 36 12 8 36 36 24 37 12 37 12 12 12 3 27 24 25 
jmullike 12 37 12 12 37 12 37 12 37 12 37 12 37 12 37 12 
chickey3 12 12 10 30 36 36 36 36 12 10 12 36 36 12 37 12 
athoma24 12 37 12 37 12 37 12 37 12 10 30 4 37 12 
rgensler 12 3 24 36 36 36 12 37 12 37 12 37 12 37 12 37 12 36 36 36 36 36 12 25 30 37 12 10 12 
kthornt4 12 12 12 37 12 36 36 36 12 36 12 37 12 37 12 36 36 12 37 12 3 24 27 36 25 
pvlandis 12 36 27 37 12 36 36 36 36 36 36 12 12 37 12 30 10 37 12 25 
mmizraji 12 12 25 3 37 24 37 12 12 12 37 12 12 25 12 10 30 37 12 4 12 
zpavlin 12 25 37 12 3 12 37 12 7 37 12 37 12 
ydeng3 12 37 12 
kfox8 12 12 12 12 37 12 24 36 36 36 36 36 3 25 12 27 
lsulli11 12 12 12 37 12 3 24 27 37 12 37 12 
jgorman6 12 12 37 12 12 37 12 10 4 30 37 12 37 12 37 12 
enunez 12 37 12 12 8 37 12 37 12 37 12 12 12 12 3 24 27 12 37 12 10 30 36 36 36 12 37 12 12 
mtardy 12 37 12 37 12 3 24 25 27 
jdirksen 12 37 12 12 25 3 24 36 27 37 12 37 12 
whornby 12 25 12 
jwade5 12 12 8 37 12 12 12 37 12 37 12 
mblatt1 12 12 36 36 36 12 3 24 27 37 12 37 12 12 37 12 
jowusuko 12 37 12 
jcorpora 12 36 12 10 30 37 12 37 12 37 12 12 37 12 12 
mmang 12 37 12 25 37 12 37 12 37 12 37 12 25 
aakatu 12 24 25 36 12 27 36 36 36 36 12 18 37 12 24 36 36 36 36 3 37 12 12 36 12 37 12 
waberger 12 25 37 12 
llombar2 12 12 12 3 24 27 25 12 37 12 37 12 12 12 37 12 
gkaiser 12 12 37 12 3 25 24 27 37 12 37 12 37 12 37 12 12 25 
koconn27 12 12 37 12 37 12 37 12 36 36 36 12 37 12 37 12 37 12 37 12 
aweishan 12 36 25 37 12 24 3 27 37 12 36 36 36 12 37 12 8 
mcaskey 12 37 12 36 36 36 36 36 12 12 
jguarino 12 12 24 36 36 36 36 36 3 27 37 12 37 12 37 12 36 36 36 36 12 12 30 12 10 
cseymou2 12 37 12 37 12 25 3 24 27 37 12 37 12 
dplagenz 12 37 12 12 37 12 37 12 36 12 12 3 10 25 30 12 4 37 12 
csasso 12 37 12 25 37 12 3 37 24 36 36 27 36 12 12 37 12 37 12 
amccar11 12 37 12 8 25 37 12 37 12 3 12 24 36 36 27 36 12 
yshi6 12 12 27 36 36 36 36 36 12 24 3 12 25 25 
tpillai 12 12 24 27 3 36 36 36 36 36 12 37 12 3 24 36 36 27 
minoue2 12 12 3 27 25 24 36 36 36 36 36 12 8 37 12 37 12 25 4 10 30 36 36 12 37 12 36 12 37 12 
jwinebre 12 12 12 37 12 25 12 
tanggara 12 37 12 
sgalbens 12 37 12 
jlazzara 12 12 37 12 37 12 25 3 12 37 12 12 12 
vruesch 12 37 12 37 12 12 12 10 30 37 12 4 12 37 12 
nniere 12 37 12 
ghong 12 12 3 27 24 37 12 36 12 12 37 12 37 12 37 12 12 
bhogan1 12 37 12 10 30 37 12 
wdu 12 12 37 12 37 12 37 12 12 37 12 
tmercier 12 36 36 36 36 25 36 12 37 12 8 12 3 36 36 36 24 37 12 
mball 12 12 12 32 17 12 37 12 27 3 37 12 
esunshi1 12 37 12 12 25 37 12 12 
eevans9 12 37 12 37 12 36 36 36 36 36 12 37 12 36 36 36 36 12 8 37 12 37 12 
bkenney1 12 3 12 27 25 24 37 12 36 36 36 36 36 12 12 37 12 37 12 37 12 10 30 4 37 12 12 
asimonet 12 25 12 24 27 3 37 12 37 12 36 12 37 12 12 
cdieckma 12 3 24 27 37 12 10 30 37 12 36 36 12 37 12 12 12 
mcoggins 12 12 12 10 30 25 4 37 12 
lblitzer 12 37 12 37 12 37 8 23 5 16 
jdelledo 12 25 12 12 36 36 36 36 36 36 12 3 24 
mmoore18 12 12 3 24 27 25 37 12 37 12 12 10 30 4 25 
mfreedlu 12 12 10 30 4 37 12 36 12 12 12 
ymikulja 12 12 24 27 12 9 8 12 3 37 12 
tprice4 12 37 12 37 12 12 4 10 30 12 12 12 37 12 
lbarret2 12 37 12 24 25 27 37 12 3 
eralph 12 37 12 37 12 37 12 36 36 36 3 24 27 37 12 37 12 
bhalliga 12 37 12 12 37 12 30 10 4 25 
sroennec 12 12 36 36 36 36 36 36 12 3 24 27 37 12 12 
jmurph32 12 12 10 30 25 37 12 37 12 12 
cfrentze 12 3 27 12 12 37 12 37 12 25 10 30 4 12 37 12 
mnewcome 12 36 36 12 37 12 37 12 37 12 23 5 16 25 12 36 36 12 
jsitarsk 12 37 12 37 12 12 10 3 20 24 27 37 12 37 12 
tpreko 12 25 12 3 24 27 
mtreacy 12 37 12 37 12 
ccampb21 12 25 12 3 24 27 37 12 
rrivera8 12 8 37 12 24 12 12 12 12 3 36 36 24 36 36 36 27 36 36 36 36 36 36 3 
rblack4 12 12 10 30 4 12 25 37 12 37 12 
jwelsch 12 12 12 37 12 12 
jgately1 12 24 27 37 12 12 37 12 12 12 12 
gdean 12 37 12 37 12 10 36 36 36 12 30 37 12 
ewigutow 12 12 3 24 27 37 12 
dgibbon2 12 37 12 37 12 12 12 12 
cmorton2 12 37 12 37 12 12 3 34 24 37 12 24 36 27 
mrooney6 12 36 36 12 12 8 37 12 12 
mmoran12 12 37 12 37 12 12 37 12 37 12 37 12 37 12 
jwalte10 12 12 3 24 27 
jcarney6 12 3 27 24 36 36 12 37 12 37 12 12 
pmeyer3 12 25 36 36 12 3 24 36 36 36 36 36 36 12 
icallaha 12 24 25 37 12 12 12 3 36 24 36 36 27 12 
dtoth1 12 37 12 37 12 37 12 37 12 37 12 12 
kkostola 12 36 36 36 12 12 24 27 12 36 36 36 36 12 37 12 37 12 37 12 37 12 37 12 25 12 4 30 10 12 37 12 12 12 
dlee26 12 12 37 12 12 37 12 
yying 12 37 12 37 3 12 3 24 37 12 37 12 37 12 37 12 12 37 12 37 12 12 
swagy 12 37 12 3 25 24 27 37 12 37 12 37 12 12 37 12 
rroque1 12 3 24 27 37 12 10 30 4 
kdantoni 12 37 12 37 12 12 12 12 37 12 37 12 25 10 30 
wmohler 12 3 36 36 36 24 25 27 24 37 12 37 12 10 
lklein1 12 37 12 
jbecker9 12 12 3 4 30 12 24 27 37 12 10 30 4 37 12 12 
hrague 12 12 36 36 36 36 12 37 12 25 3 24 27 37 12 
cott 12 8 12 12 12 37 12 36 36 36 36 36 36 12 12 3 25 24 36 27 37 12 37 12 
mholzbau 12 12 12 8 12 37 12 37 12 
mhawkin3 12 12 37 12 3 27 24 25 37 12 37 12 
lharmon 12 25 37 12 3 24 27 12 
elazzaro 12 37 12 
tburley 12 12 12 36 36 12 37 12 37 12 37 12 3 12 24 25 10 30 36 36 36 36 36 12 16 25 
shenn 12 24 37 12 37 12 12 30 
jgomez5 12 8 36 25 4 10 30 23 5 16 37 12 12 37 12 12 
jfries3 12 37 12 37 12 3 24 27 37 12 
bniemoel 12 12 37 12 3 27 24 37 12 
mcontrer 12 37 12 37 12 12 12 12 37 12 12 3 24 27 
kriordan 12 12 8 37 12 3 24 27 12 10 30 4 12 37 12 37 12 
jmurph33 12 13 15 6 37 12 37 12 25 3 24 27 12 12 
dcorr1 12 12 12 3 36 36 24 37 12 12 
cemenalo 12 24 37 12 12 37 12 37 12 37 12 
yjung2 12 37 12 37 12 3 36 24 37 12 37 12 
rpappas 12 37 12 37 12 37 12 10 30 4 
mmerric1 12 8 37 12 12 36 12 12 36 36 12 3 27 24 
mdosch 12 12 37 12 10 30 4 25 12 12 30 
jbettag 12 37 12 
jbernin1 12 12 12 8 37 12 37 12 37 12 37 12 3 24 36 36 36 36 36 36 27 
hrivers 12 8 37 12 25 36 36 36 12 3 27 24 37 12 
gbruenin 12 3 24 27 37 12 12 37 12 12 
ddallava 12 37 12 12 25 3 24 25 12 36 36 36 36 12 37 12 25 12 4 
cgamboa 12 12 12 25 37 12 
nquartir 12 16 37 12 10 30 4 
lfaubion 12 12 24 37 3 12 27 37 12 37 12 12 8 36 36 10 30 
cwilso24 12 12 25 3 37 12 37 12 37 12 12 37 12 37 12 37 12 25 30 10 
aursino1 12 8 37 12 3 24 27 
msummer2 12 37 12 12 10 30 4 37 12 12 
kramm 12 25 12 37 12 25 
jchapple 12 37 12 37 12 12 12 37 4 12 4 30 37 12 
jbonds 12 24 3 27 25 
dbirzer 12 37 12 37 12 12 2 26 33 3 24 
cfish 12 3 24 27 25 37 12 
nholmes1 12 25 3 24 36 36 12 25 3 24 27 
ngiovino 12 12 10 30 12 4 25 36 36 36 36 36 36 12 37 12 37 12 
eherber1 12 37 12 37 12 10 25 30 4 8 37 12 
cgallag3 12 37 12 37 12 25 10 30 4 37 12 12 
wstackma 12 12 36 36 36 12 3 24 27 25 12 12 
tzheng2 12 37 12 3 24 27 12 36 36 36 36 36 12 
mgerber 12 12 8 37 12 37 12 12 36 36 36 36 36 12 12 37 12 32 37 12 36 36 18 17 24 37 12 11 12 12 28 26 
jcolli23 12 12 25 37 12 37 12 37 12 25 12 12 10 30 4 37 12 
awalton3 12 3 24 27 36 12 37 12 37 12 12 10 
vwhitmor 12 3 24 27 25 37 12 37 12 25 37 12 10 30 4 37 12 
rpellica 12 25 8 36 36 12 3 37 12 37 12 12 36 36 36 36 36 12 12 10 30 4 
rmyers9 12 12 3 24 27 25 12 12 37 12 37 12 37 12 10 36 36 30 36 36 12 36 36 36 4 37 12 25 
mdillon7 12 25 12 3 24 27 
jdoerer 12 36 12 36 36 36 36 36 12 12 3 24 27 37 12 37 12 37 12 
gbiltz 12 12 37 12 12 25 8 
aheck1 12 25 3 24 27 37 12 37 12 37 12 
ucooper 12 12 12 37 12 37 12 37 12 12 24 37 12 
tguinan 12 3 27 24 37 12 24 37 12 
rschill1 12 12 
mschlic1 12 37 12 24 36 12 12 37 12 3 27 12 37 12 37 12 37 12 18 
mperry6 12 24 27 3 37 12 12 
jfenton1 12 12 12 37 12 37 12 
csauder 12 12 37 12 12 4 10 30 37 12 
alowney 12 12 24 37 12 12 10 30 37 12 37 12 12 12 
zkagalw1 12 3 24 37 12 10 30 4 
swilkin4 12 37 12 37 12 37 12 12 12 3 27 24 25 36 36 12 
imarx 12 25 24 36 3 27 
cschmid7 12 3 24 27 12 37 12 36 36 12 3 24 27 
awang4 12 37 12 18 
abenavi3 12 36 36 36 36 12 3 24 27 25 37 12 12 30 10 16 
sweyhmil 12 37 12 12 37 12 10 30 4 36 12 
sgenz 12 37 12 12 3 24 27 25 37 12 37 12 37 12 37 12 
mwu4 12 37 12 25 37 12 3 24 27 12 37 12 36 36 12 
jleporte 12 12 25 
adichris 12 25 3 24 27 37 12 10 30 4 25 37 12 
scrotty1 12 36 36 3 24 27 12 37 12 
pfarring 12 37 12 25 12 36 36 36 12 12 
pdesousa 12 37 12 12 12 36 36 36 12 3 36 36 36 36 36 12 37 12 24 36 27 
mkuehl 12 12 37 12 23 5 16 37 12 12 8 37 12 37 12 
lfitter 12 
kenriett 12 12 8 37 12 
jruan 12 25 37 12 3 24 27 25 36 36 12 37 12 12 25 10 30 36 36 4 10 
hzahour 12 37 12 25 12 3 12 37 12 12 37 12 
emostyn 12 24 37 3 27 
edohert1 12 37 12 25 3 37 12 24 36 12 12 12 27 
athigpen 12 3 37 12 12 12 27 24 12 36 36 36 36 36 12 37 12 37 12 37 12 37 12 
amellert 12 37 12 12 12 37 12 12 3 27 36 36 36 12 37 12 37 12 37 12 
aandrade 12 12 37 12 3 24 27 25 37 12 34 
tdann 12 37 3 37 12 
mlicursi 12 25 3 24 27 37 12 37 12 
mdrake2 12 25 37 12 
lhe3 12 12 25 3 36 36 12 37 12 25 12 12 12 37 12 37 12 
inegroro 12 37 12 12 37 12 
afonash 12 24 25 37 12 12 
obarnard 12 36 36 36 36 36 10 37 12 12 30 4 
nbenz 12 25 12 3 24 27 12 36 36 36 36 36 12 
lhuang3 12 37 12 10 30 4 8 
jwessele 12 12 3 24 27 25 37 12 37 12 10 30 4 25 
jmastron 12 37 12 24 
dmarino 12 
cpickfor 12 3 25 24 24 12 36 36 36 36 36 36 12 37 12 12 12 12 
bmoasser 12 24 3 27 12 
apurcel1 12 37 12 2 28 26 36 36 36 12 33 37 12 12 37 12 
obaitlot 12 3 24 27 25 
kmollenk 12 24 37 12 3 27 25 37 12 37 12 37 12 10 30 4 25 
ccarlso2 12 12 36 36 4 37 12 12 37 12 
bmoreno1 12 37 12 12 3 12 27 
smanriqu 12 30 37 12 10 30 4 25 37 12 25 
mmillado 12 12 37 12 12 3 24 27 
mferrel2 12 37 12 12 8 30 37 12 12 12 
ldougla3 12 37 12 3 24 27 
jmcconn1 12 37 12 37 12 37 12 36 36 36 36 12 37 12 37 12 37 12 24 36 36 36 36 36 12 25 
ecahill 12 12 37 12 25 12 3 24 27 37 12 12 25 36 36 10 30 
dshaw4 12 12 25 3 24 27 36 36 36 36 12 
alucche1 12 12 12 25 37 12 3 25 37 12 12 
odonnel1 12 37 12 36 36 36 36 12 25 12 3 24 27 
mpirko 12 37 12 12 12 12 25 
mlyden1 12 37 12 37 12 25 24 3 
mdekold 12 12 25 37 12 12 12 25 30 4 10 12 12 23 16 12 8 
eschnaut 12 37 12 
esalina1 12 12 3 24 27 25 37 12 
adiederi 12 37 12 10 30 37 12 36 36 36 36 4 25 37 12 25 
sholtz1 12 8 37 12 3 27 24 37 12 12 37 12 
sdann 12 10 30 4 12 12 37 12 
pkolek 12 12 37 12 25 12 10 24 3 25 27 37 12 
nhaymond 12 24 37 12 3 27 37 12 
kmuha 12 12 25 3 24 37 12 12 25 36 12 27 
kfeehan 12 37 12 37 12 37 12 24 3 
kalme 12 25 3 24 27 37 12 25 12 37 12 
ivaldess 12 25 37 3 24 25 37 12 37 12 33 26 
esmith30 12 8 36 3 27 20 33 10 15 37 12 25 10 30 12 
ctoudouz 12 37 12 10 30 12 
sreddy4 12 3 24 27 12 25 8 10 30 4 12 3 37 12 36 12 12 25 36 36 12 4 37 12 37 12 12 37 12 12 
rboylan 12 12 3 24 27 37 12 37 12 37 12 
ncheng 12 25 3 27 24 37 12 3 
mgelchio 12 37 12 12 24 37 12 27 
jzelinsk 12 12 25 3 24 27 12 10 30 4 37 12 37 12 
jcuji 12 12 
gworthin 12 12 25 8 10 30 30 4 37 12 36 36 36 36 12 
dfabrega 12 37 12 37 12 
angov 12 25 37 12 3 24 27 
adunniga 12 37 12 37 12 37 12 12 
skolda 12 3 37 12 12 36 36 36 10 30 4 12 37 12 8 32 37 12 10 37 12 2 12 12 12 
scrippes 12 37 12 12 37 12 12 3 24 37 12 37 12 
mschutze 12 25 3 24 27 36 36 12 12 
mpavloff 12 12 37 12 12 37 12 
losecco 12 3 27 36 12 24 37 12 24 37 12 36 12 9 
lnixon1 12 3 24 27 36 36 12 37 12 
kmurray7 12 37 12 25 10 30 37 12 
hthomps4 12 37 12 37 12 3 24 27 12 33 12 
ewood1 12 37 12 37 12 8 
estrouse 2 37 12 36 36 12 3 37 12 37 12 10 25 30 4 
sekanay1 12 25 37 24 36 3 27 
odegnim 12 12 37 12 3 24 27 37 12 37 12 37 12 
kcox5 12 37 12 3 24 27 
kborotho 12 36 3 36 36 36 25 36 36 36 36 36 12 24 
jbertram 12 37 12 8 12 
hbyrne 12 37 12 12 25 3 24 27 36 36 12 37 12 37 12 4 30 10 25 
ggulyas 12 12 37 12 
ekeuler 12 37 12 37 12 12 37 12 
egeyer1 12 25 27 24 3 37 12 37 12 12 8 
dlong2 12 25 10 30 4 12 37 12 12 37 12 
bpierpoi 12 37 12 12 
apavelka 12 36 36 12 12 37 12 12 10 30 4 
nyusko1 12 37 12 3 27 24 37 12 37 12 
motten1 12 25 3 24 27 37 12 8 37 12 25 10 30 4 
molsen3 12 37 12 37 12 24 3 27 37 12 12 
mdambros 12 12 37 12 12 37 12 12 37 12 
kmountf1 12 3 24 27 12 12 37 12 
jeversol 12 12 37 12 37 12 12 
etorrent 12 37 12 12 37 12 
ereynol5 12 3 24 27 25 12 37 12 
epark5 12 12 25 12 23 5 36 36 16 37 12 8 37 12 37 12 37 12 
dpatel2 12 12 25 3 24 37 12 25 10 30 4 12 
cmoreno5 12 3 12 24 
bgawel 12 8 12 12 12 12 10 30 36 36 12 4 37 12 
bconlon 12 25 3 37 12 
apanousi 12 12 37 12 37 12 3 24 27 12 
tngochi 12 25 37 12 3 24 27 37 12 3 25 12 27 24 37 27 
tdasso 12 12 25 3 24 37 12 27 37 12 12 
smcmull1 12 3 37 12 3 27 24 25 
rwittmer 12 37 12 37 12 
rvazza 12 37 12 
nhong 12 37 12 
mrohling 12 12 37 12 37 12 12 25 12 10 30 
edebassi 12 37 12 12 24 3 36 12 12 12 12 27 
dsmith53 12 12 12 3 24 27 12 12 37 12 12 12 
cdowicz 12 37 12 3 12 25 24 37 12 12 37 12 
bnakfoor 12 12 12 3 27 37 12 24 
akhemani 12 12 3 24 27 12 37 12 12 10 30 12 
ahughes8 12 3 24 27 12 
tperey 12 25 3 24 27 12 
pbetz 12 37 12 
mmccor15 12 37 12 
mgray10 12 3 24 27 25 
mfraizer 12 37 12 37 12 
lherna11 12 3 12 24 27 
jmolumph 12 37 12 37 12 3 37 12 3 24 27 12 
hzweberl 12 25 24 37 12 25 4 10 30 12 
dserafin 12 25 3 27 24 37 12 12 
bpowell4 12 12 37 12 37 12 12 3 24 
mdownin1 12 37 12 37 12 12 25 3 24 27 37 12 37 12 
lduggan 12 25 
kmclaug3 12 12 12 12 3 24 
kbulleit 12 25 37 12 37 12 
jplas 12 37 12 12 12 12 37 12 
jbrown36 12 12 24 
dkim30 12 12 3 27 24 
cpantin 12 37 12 12 3 24 36 36 36 36 27 37 12 
cmyers11 12 12 12 12 37 12 10 30 4 36 36 36 12 12 8 5 23 16 37 12 
amora2 12 36 36 12 37 12 3 24 27 37 12 
adrisco2 12 25 12 10 30 36 36 30 37 12 12 8 
xtsai 12 37 12 27 12 3 37 12 37 12 
wbaer 12 12 3 24 37 12 27 37 12 36 36 36 12 36 36 36 36 12 
nisakson 12 
lmcfadde 12 
kmurph44 12 25 36 36 36 24 3 12 27 37 12 
ibushue 12 12 25 24 37 12 27 37 12 3 
hadams3 12 
enichol4 12 3 24 27 
egroth 12 25 3 24 27 
aheinzma 12 25 3 24 36 36 36 36 27 12 
ahall2 12 36 12 27 24 12 12 3 37 12 
adecker1 12 37 12 37 12 37 12 3 27 24 36 36 25 
aameen 12 25 37 12 12 12 3 36 36 27 24 
zwall 12 36 36 36 36 12 37 12 10 30 4 
smonaha1 12 37 12 37 12 
sdeschne 12 25 24 37 3 27 37 12 
mowen 12 12 37 12 10 25 30 37 12 4 12 37 12 
lwatts1 12 25 12 3 24 27 37 12 12 25 10 30 12 36 12 
krochefo 12 12 12 37 12 37 12 12 24 27 
jholguin 12 37 12 
evandier 12 37 12 37 12 25 10 30 12 23 5 16 36 36 36 36 36 12 8 
eclapp 12 12 12 12 25 37 12 37 12 12 37 12 37 12 36 12 12 12 3 37 12 24 37 27 12 12 
awaldsch 12 37 12 37 12 37 12 12 37 12 
adevito1 12 3 24 27 
tsilva1 12 3 27 24 37 12 12 12 
oivan 12 37 12 8 37 12 25 3 
mmarti45 12 25 3 24 27 12 37 12 10 30 4 
mjorden 12 37 12 10 30 25 
ldorenko 12 25 12 3 24 36 27 12 
ktracey 12 24 3 27 37 12 12 25 
krothmey 12 3 24 27 37 12 12 12 12 
kbiladea 12 37 12 
jweas 12 3 24 27 12 25 37 12 
jgoldsch 12 12 37 12 25 3 24 27 37 12 
jdraves 12 37 12 37 12 12 25 3 27 24 
gotte1 12 12 25 10 30 37 12 37 12 10 12 30 37 12 12 36 36 8 37 32 26 22 33 
etruesda 12 3 24 27 37 12 
emeara 12 12 12 
cnilsen 12 37 12 24 27 25 37 12 37 12 12 25 10 36 36 36 12 30 
bmurph24 12 36 36 25 3 24 27 37 12 25 30 4 10 12 
azammit 12 37 12 37 12 37 12 37 12 37 12 
arabbitt 12 25 37 12 37 12 12 37 12 37 12 27 
wcheong 12 3 24 27 25 37 12 
kmoran11 12 12 37 12 37 12 10 30 4 37 12 12 36 36 23 5 16 12 25 36 36 12 12 8 
kgalla21 12 37 12 25 3 36 36 24 27 12 
kgalla20 12 12 24 36 36 3 27 8 
kfranz1 12 37 12 3 24 27 25 37 25 
jsutton3 12 36 36 36 36 36 12 37 12 25 3 36 24 37 12 12 
jhegart2 12 37 12 36 36 36 36 12 12 4 12 10 30 
japplew1 12 12 2 26 3 24 27 37 12 12 
imurrer 12 12 10 30 4 37 12 
fschemel 12 25 24 3 37 12 12 24 12 25 12 30 37 12 
fprimozi 12 37 12 12 12 
elinares 12 3 27 24 12 12 23 
cmulshin 12 37 12 12 12 25 36 36 36 10 30 4 
cmagnuss 12 37 12 37 12 12 25 10 30 4 
ccleary1 12 12 12 12 9 37 12 12 37 12 37 12 12 25 10 30 4 
abohling 12 12 
mscanish 12 37 12 12 24 36 12 37 12 37 12 12 
mkirven 12 37 12 12 2 12 24 27 3 12 25 37 12 37 12 
lkim3 12 36 36 36 36 12 12 22 28 34 25 12 2 26 33 12 37 12 3 24 27 25 12 12 37 12 12 12 10 30 4 37 12 
lgrabows 12 3 24 27 37 12 37 12 12 
lcaffar1 12 12 37 12 
kliang2 12 36 36 36 36 36 12 37 12 37 12 10 30 25 37 12 37 12 10 30 4 37 12 
jnowak4 12 27 37 12 24 3 37 12 
hcheng1 12 12 30 4 10 23 5 16 37 12 12 12 16 36 12 
bmerrick 12 12 37 12 36 36 36 12 25 
bgagnon 12 24 25 37 12 12 37 12 
tmansell 12 25 36 36 10 30 4 
rrocco 12 
rpuno 12 37 12 37 12 12 3 25 24 27 
lyan4 12 37 12 3 24 27 37 12 12 12 24 3 
kpresteg 12 12 36 36 36 36 36 36 12 24 3 27 
jbaines 12 25 12 3 36 36 12 24 27 
blemay 12 3 37 12 12 27 24 25 12 
aromano2 12 27 36 12 37 12 37 12 
alongsta 12 3 24 27 
szachari 12 24 3 25 12 36 36 12 27 36 36 36 12 16 
spalumb1 24 27 37 12 37 12 10 25 36 30 37 12 
pcamara 12 37 12 12 10 30 37 12 37 12 12 37 12 36 12 37 12 
operez2 12 12 25 3 24 37 12 12 25 10 30 4 37 12 12 37 12 37 12 
nvincent 12 3 24 27 36 12 12 12 36 12 37 12 37 12 12 4 10 37 12 30 36 12 25 36 12 
lgelin 12 3 24 27 37 12 10 30 4 
ldomenel 12 12 37 12 12 24 36 36 36 3 27 
lcho 12 37 12 12 3 24 27 12 
jpaul2 12 12 8 10 30 4 37 12 37 12 37 12 37 12 37 12 37 12 
ischmitz 12 24 3 27 36 36 36 36 36 12 37 12 10 30 4 37 12 12 30 
egorman5 12 25 36 36 36 36 36 36 12 37 12 10 12 25 10 30 4 12 
eeagle 12 3 24 27 
dallen13 12 37 12 12 3 
cdenzel 12 12 12 37 12 12 12 25 12 10 30 4 
asowell 12 12 3 24 27 37 12 10 30 4 
yzou2 12 37 12 
speter14 12 12 37 12 
pmcmonag 12 3 24 27 25 36 12 37 12 10 30 4 25 12 
kpaulsen 12 25 3 24 27 
kjacoby1 12 12 12 3 24 27 25 
jruane 12 36 36 36 3 24 27 37 12 10 30 4 12 25 12 
jdodig 12 37 12 3 24 27 
everhey 12 3 24 27 12 37 12 10 30 4 
esoller 12 12 3 24 37 12 
egorman6 12 12 12 3 27 24 37 12 12 8 36 36 36 10 30 36 36 36 36 36 36 4 
ckotseos 12 3 12 12 24 12 37 12 10 12 4 12 
cganley 12 24 3 27 25 37 12 25 12 37 12 10 30 37 25 37 12 12 
bfraser 12 12 12 25 3 24 36 36 36 27 
asweet 12 12 12 24 37 12 12 3 12 24 
apaik 12 12 37 12 
amonroe1 12 3 24 27 
abulaoro 12 37 3 24 37 12 12 37 12 37 12 37 12 
thuber1 12 12 25 
sincera 12 37 12 3 24 27 36 12 10 30 4 12 37 12 
phennes2 12 37 12 25 37 12 12 
msahd 12 24 12 3 37 12 27 37 12 
mcabrer1 12 12 3 27 24 37 12 
kkolleck 12 3 24 27 
kconrad2 12 37 12 12 37 12 
jreeg 12 24 27 3 37 12 10 30 4 12 37 12 
jgonnard 12 37 12 
hsarkey 12 12 12 10 30 4 
hholden 12 12 12 12 3 27 24 37 12 
epil 12 24 27 3 12 25 37 12 37 12 37 12 25 37 12 12 25 
awitte 12 27 3 24 
trogers6 12 25 3 24 37 12 
tfross 12 3 24 27 25 37 12 3 24 27 25 
taguirre 12 3 24 27 12 36 36 12 12 
sbindel 12 12 24 
rmaqbool 12 12 37 12 12 12 36 36 10 30 4 
kcockrel 12 12 37 12 37 12 36 36 36 12 12 2 26 33 3 24 27 25 12 10 30 4 
jphilli8 12 
jmarino6 12 27 37 12 8 37 12 10 30 37 12 37 12 8 25 10 30 12 36 36 36 4 
eguenthe 12 
ecaradon 12 10 30 4 12 37 12 
creid4 12 25 10 30 4 37 12 37 12 10 30 4 
carizama 12 37 12 12 25 10 30 12 37 12 37 12 
bbrunin1 12 12 27 36 36 12 10 37 12 30 4 36 36 36 5 
anataraj 12 12 37 12 12 12 25 37 12 3 36 36 27 37 12 
svukovit 12 3 24 27 37 12 12 
pyoung3 12 2 26 33 25 37 12 3 24 27 25 10 30 4 5 
msteph11 12 3 27 24 25 36 12 8 12 
mraster 12 25 25 37 12 3 24 27 25 37 12 10 30 4 25 
lbognar1 12 37 12 25 37 12 12 37 12 
jzacher 12 3 24 27 37 12 36 36 3 27 36 12 37 12 10 8 
