cdavin1 0 0 0 0 0 0 0 0 0 0 0 0 0 20 0 20 0 0 0 0 0 0 0 0 0 0 17 0 3 0 
alebron1 0 20 0 0 0 0 0 0 0 0 0 0 0 0 0 20 0 20 0 0 20 0 20 0 0 0 0 0 
ccooper8 0 0 0 0 0 0 0 0 20 0 0 20 0 0 20 12 0 10 28 14 0 0 0 0 0 0 0 0 20 
nweindel 0 0 0 0 0 20 0 0 20 0 0 0 20 30 0 0 0 
ntownsen 0 0 0 0 0 0 0 0 0 0 0 0 0 0 0 0 0 0 0 0 23 0 0 0 0 0 0 0 0 0 20 
fhita 0 5 25 23 0 0 0 0 0 0 0 0 0 0 0 0 0 0 0 
mmcfarli 0 0 0 0 20 0 0 0 9 17 13 16 
mlengwin 0 0 0 0 0 20 0 20 0 0 20 0 20 0 0 0 
pbrown10 0 0 5 23 0 0 0 0 
rdiejoma 0 0 0 0 0 0 20 0 0 0 0 0 17 4 10 34 0 24 
drogers1 0 0 0 0 0 0 0 0 0 0 20 0 0 0 20 0 
cdelpila 0 0 20 0 30 0 30 0 0 5 0 9 9 8 6 
cbolivar 0 0 0 0 0 0 0 0 0 0 0 0 20 0 0 
muhlenbr 0 25 0 20 0 17 0 0 4 0 10 5 34 12 8 24 20 17 11 6 8 30 25 
msmith75 0 0 30 0 0 0 0 0 0 0 24 12 27 5 7 25 0 0 0 0 0 31 0 0 0 0 
pmcguir2 0 0 0 0 20 0 0 
jstaten 0 0 4 0 0 33 17 5 32 17 26 0 0 0 
mgirod 0 0 0 16 0 0 0 0 0 0 20 33 17 0 0 0 11 16 0 0 0 0 12 0 31 0 0 0 13 8 19 0 0 0 28 0 
zgartenh 0 0 0 0 0 0 5 25 23 0 0 0 0 0 0 0 0 0 0 0 0 0 0 0 0 0 0 0 0 0 
alabella 0 0 0 0 0 0 0 23 0 0 0 0 0 0 0 0 0 0 
bferrer1 0 20 0 0 0 0 0 0 0 0 0 0 0 0 0 0 20 0 0 20 
pcataldi 0 0 0 16 10 19 0 0 0 28 0 0 0 0 0 0 20 0 0 0 0 0 20 0 0 0 0 0 20 4 17 0 0 24 8 
aohri 11 2 0 0 0 0 0 16 16 0 0 10 10 0 0 0 0 0 10 0 0 0 0 0 0 0 0 0 0 0 0 0 0 0 20 0 0 0 0 0 14 0 0 
pklekamp 0 0 0 0 0 0 0 0 0 0 0 0 0 0 0 0 20 0 0 12 11 17 0 0 0 8 6 0 0 0 0 
amccar10 0 5 0 25 23 0 0 0 0 20 30 0 0 0 9 0 0 
nwamble 0 20 5 23 0 0 0 0 20 0 0 0 0 20 0 0 0 20 0 
wwu5 0 0 0 0 0 0 0 0 20 0 0 19 9 0 
thowe1 0 25 23 0 0 20 0 0 0 20 
mmian 0 0 0 0 0 0 0 20 0 0 0 0 0 20 0 0 0 0 0 0 0 20 0 20 0 0 0 0 0 0 0 0 0 
jhouge 0 0 0 0 23 25 0 0 0 0 0 20 0 20 0 0 0 12 33 17 27 25 34 7 0 
slemaign 0 0 0 20 0 0 0 20 0 
nwarren 0 0 0 0 0 20 0 20 0 0 30 
bconnol3 0 0 20 0 5 25 
rheitkam 0 0 20 0 0 20 0 0 0 0 20 
rgensler 0 0 0 0 0 
kthornt4 0 0 20 0 0 0 20 
pvlandis 0 0 20 0 0 0 0 20 0 0 0 20 0 0 0 
mmizraji 0 0 0 15 23 0 0 0 0 20 0 0 0 20 0 15 0 0 0 0 0 20 0 0 20 17 34 0 0 0 
zpavlin 0 0 0 20 0 0 0 15 5 25 23 0 0 0 20 0 0 20 12 8 17 0 0 0 0 0 20 
ydeng3 0 0 0 0 0 9 0 0 0 17 0 29 23 0 0 
kfox8 0 0 0 0 0 0 20 0 0 20 5 6 16 34 12 0 
lsulli11 0 0 0 0 20 0 0 0 0 0 0 0 0 0 0 0 0 0 0 20 0 0 0 0 0 
jgorman6 0 0 0 0 0 5 25 23 0 0 0 0 0 0 0 20 0 0 0 
enunez 0 25 5 23 0 0 0 20 0 0 0 0 0 0 20 0 20 0 0 11 0 
jdirksen 5 0 15 0 0 0 0 20 0 0 24 12 17 16 2 27 11 25 22 8 9 12 
whornby 0 0 10 0 0 0 20 0 24 12 17 0 2 10 16 27 22 14 0 0 0 0 0 0 0 0 0 20 0 17 27 22 9 0 20 
mblatt1 0 0 20 0 20 0 20 17 24 21 32 0 27 0 20 0 
jowusuko 0 0 0 0 0 0 16 19 10 0 15 0 0 0 0 0 0 20 0 0 5 0 
mmang 0 16 0 0 0 0 0 0 0 0 20 0 0 26 13 0 
waberger 0 0 0 0 0 0 0 0 0 0 0 0 0 
llombar2 0 0 0 0 0 0 0 0 0 0 0 0 20 0 0 0 0 0 0 0 0 0 0 
gkaiser 0 0 0 0 15 0 0 0 0 0 0 0 0 0 0 23 5 0 0 20 0 0 0 0 0 20 0 
koconn27 0 16 0 0 0 0 19 0 0 0 0 0 0 0 
aweishan 0 0 0 0 20 0 0 0 20 0 20 17 30 5 0 28 11 
mcaskey 0 0 0 0 0 0 
jguarino 0 23 20 0 0 0 0 0 0 0 0 0 0 0 0 0 0 0 4 17 0 0 0 0 0 5 
cseymou2 0 0 0 0 25 23 0 0 15 15 0 0 0 0 20 0 0 0 13 11 0 13 11 31 26 34 0 0 
dplagenz 0 0 0 0 0 20 0 0 20 0 0 0 0 0 0 
amccar11 0 0 0 25 23 0 0 20 0 20 0 0 0 0 11 0 0 20 0 0 0 12 
yshi6 0 0 
minoue2 0 20 0 0 0 0 20 7 32 
jwinebre 0 0 0 15 0 0 15 0 0 5 25 0 23 0 0 20 0 0 0 0 0 0 
sgalbens 0 0 0 5 0 0 0 20 0 0 16 0 0 25 24 31 2 6 0 28 12 32 18 6 31 13 9 2 16 5 0 
jlazzara 0 0 5 0 0 15 0 0 20 0 0 0 0 
vruesch 0 0 0 30 12 17 0 0 0 20 0 0 0 0 0 
ghong 0 0 20 0 0 0 0 0 0 0 
bhogan1 5 23 0 0 0 0 0 0 0 0 0 20 0 0 12 0 16 10 22 25 
wdu 0 0 0 0 0 0 0 0 20 0 0 0 0 0 19 0 0 
tmercier 0 0 20 0 0 0 0 20 0 5 25 23 0 15 0 0 0 30 0 17 25 
esunshi1 0 0 0 0 0 0 0 20 0 
eevans9 0 0 0 20 0 0 0 0 12 0 0 4 33 
bkenney1 0 0 0 23 0 5 25 15 0 0 20 0 20 0 0 0 0 0 0 0 0 0 0 
cdieckma 0 20 20 0 0 0 
mcoggins 0 0 0 0 30 8 0 17 14 7 0 5 11 16 34 0 0 0 0 
jdelledo 0 0 0 0 0 20 4 0 0 11 0 
mfreedlu 0 24 26 17 16 32 28 0 0 
tprice4 0 0 0 0 0 0 20 
lbarret2 0 20 0 20 0 20 0 33 26 9 7 32 0 
eralph 0 0 0 0 0 0 0 20 0 0 0 0 0 0 0 0 
bhalliga 0 0 20 0 4 
sroennec 0 0 0 0 0 20 0 0 0 0 20 0 20 0 0 2 
jmurph32 0 5 0 5 23 0 20 21 2 0 
cfrentze 0 0 20 0 0 0 20 0 0 
mnewcome 0 20 17 
tpreko 0 5 25 0 0 23 0 20 0 0 0 20 0 0 30 
mtreacy 0 0 20 0 17 0 0 31 0 0 20 4 
ccampb21 10 16 19 0 0 23 0 0 0 20 0 0 0 9 11 5 17 34 12 0 0 0 20 0 
rrivera8 0 20 0 0 0 0 28 0 0 0 0 0 0 
rblack4 0 0 0 0 20 0 0 0 0 20 
jwelsch 0 0 10 20 0 0 0 0 0 0 9 0 0 0 11 0 12 0 0 0 0 20 0 0 
jgately1 0 0 0 0 20 0 20 0 0 20 
gdean 0 0 0 4 0 
ewigutow 0 16 10 23 0 0 0 20 0 0 0 20 0 0 24 12 0 0 0 7 2 22 0 0 0 28 5 0 30 
cmorton2 0 16 10 19 0 0 20 0 0 0 12 0 0 17 2 0 16 11 25 0 24 32 8 3 31 0 0 28 23 3 0 0 
mrooney6 0 20 0 0 
mmoran12 0 20 0 0 0 0 0 20 0 9 4 10 16 24 28 12 
jwalte10 0 0 20 0 0 0 0 12 0 0 23 0 22 0 0 0 20 0 0 0 20 
jcarney6 0 0 0 34 24 8 16 10 2 13 0 0 25 0 17 4 0 12 0 0 0 0 0 0 0 
pmeyer3 0 0 0 0 15 23 0 0 20 0 0 0 20 4 17 30 15 31 17 9 7 11 26 0 0 
icallaha 0 0 0 0 0 20 0 0 10 16 13 0 0 30 26 
kkostola 0 0 0 0 0 2 0 
dlee26 0 0 0 0 0 0 0 20 0 0 0 0 0 0 0 0 
yying 0 5 25 23 0 20 0 30 17 4 27 27 0 0 0 24 20 
swagy 0 0 0 0 0 20 23 0 0 0 20 0 
rroque1 5 25 23 0 0 0 20 0 30 0 0 
wmohler 0 0 0 0 20 0 16 27 26 17 
lklein1 0 0 0 20 0 0 0 0 20 0 34 3 0 4 7 9 32 28 0 20 
hrague 0 20 0 0 30 0 0 
cott 0 0 0 20 0 0 
mholzbau 0 0 0 0 20 0 0 
mhawkin3 0 0 0 20 0 13 0 10 16 26 
lharmon 0 0 20 0 0 0 17 4 0 0 0 20 0 17 23 0 0 0 12 0 30 
elazzaro 0 0 20 0 0 20 
tburley 16 10 0 23 15 0 0 0 0 0 0 0 15 20 0 0 0 20 0 
shenn 0 0 0 
jgomez5 0 0 20 0 0 0 0 0 0 
jfries3 0 16 10 19 0 0 25 23 15 0 0 0 0 0 0 0 0 0 0 20 0 4 24 0 
bniemoel 0 0 0 0 0 20 0 0 16 10 0 17 11 12 
jmurph33 0 0 0 0 0 20 15 0 20 8 0 0 20 27 23 8 28 
dcorr1 0 0 0 0 0 0 0 0 0 0 0 0 0 20 0 0 0 0 0 0 0 0 0 0 0 20 0 
cemenalo 0 0 0 0 0 0 15 0 0 0 0 20 0 0 31 17 25 0 0 0 
yjung2 0 19 0 10 0 0 0 0 0 0 0 0 0 0 0 20 0 22 32 0 
rpappas 0 0 0 0 0 0 20 0 20 0 34 0 30 
mmerric1 0 0 16 10 19 0 0 0 0 0 0 0 20 0 0 0 
mdosch 0 0 0 0 20 0 0 0 20 0 17 0 0 
jbettag 0 0 0 0 0 0 0 0 0 20 0 0 17 13 11 22 31 0 
jbernin1 0 0 0 20 0 0 30 0 0 9 16 10 0 
gbruenin 0 0 5 25 23 0 0 20 0 0 20 0 0 0 0 13 0 0 
ddallava 0 0 0 0 0 20 0 
cgamboa 0 16 0 0 0 0 0 0 0 0 0 20 0 0 24 
nquartir 0 0 0 0 20 0 0 0 0 0 0 0 
lfaubion 0 0 25 0 23 0 20 0 0 0 25 0 0 20 0 
cwilso24 0 0 0 20 0 0 20 0 0 20 17 0 
aursino1 0 0 0 16 10 19 0 0 0 0 0 0 
msummer2 0 0 0 24 12 33 5 0 0 
kramm 0 0 15 0 23 0 20 29 30 0 0 0 0 3 0 0 0 17 0 0 0 3 26 32 0 
jchapple 0 0 20 25 0 5 23 0 0 0 0 0 0 0 0 0 0 0 0 0 0 0 0 20 0 
dbirzer 0 16 10 27 0 0 0 0 
cfish 0 5 0 20 0 0 0 20 0 0 20 
nholmes1 0 0 20 0 15 0 0 0 0 0 0 0 0 0 20 0 0 20 22 0 20 
ngiovino 0 0 0 0 20 0 0 0 0 0 0 20 30 0 0 20 0 
eherber1 0 0 0 0 0 0 20 0 0 0 12 0 26 32 0 9 13 0 0 0 30 
tzheng2 0 0 0 20 0 0 0 0 12 0 0 0 19 26 13 33 32 0 
jcolli23 0 0 0 0 20 0 0 20 0 
awalton3 0 0 0 0 0 23 0 0 0 0 0 20 0 0 0 0 20 14 0 9 14 20 0 
vwhitmor 0 0 20 0 0 0 0 20 20 
rmyers9 0 0 20 0 0 20 0 0 
mdillon7 0 11 2 27 0 0 16 10 0 10 0 0 0 0 20 0 17 12 24 15 8 0 20 0 20 0 29 12 15 8 11 
jdoerer 15 0 16 10 0 0 10 16 19 0 0 0 0 0 
gbiltz 0 0 0 20 12 33 21 2 22 8 9 
aheck1 0 20 0 0 0 0 0 0 32 
ucooper 0 0 0 20 0 15 0 0 5 25 23 0 0 0 0 0 0 20 0 
rschill1 0 20 0 23 25 0 20 
mschlic1 0 0 0 0 0 0 0 0 20 20 0 0 0 
