dtorgers 12 37 12 12 37 12 12 37 12 12 36 36 36 36 12 12 36 36 36 12 36 36 36 36 12 12 37 12 12 36 36 36 36 36 12 12 12 12 12 37 12 12 12 12 37 12 12 36 36 36 36 12 12 37 12 36 12 37 12 12 8 37 12 12 36 36 12 12 12 
mdawson3 12 12 37 12 12 12 36 36 36 36 12 12 12 12 37 12 12 11 13 37 12 37 12 36 36 36 36 12 12 11 13 12 12 12 12 36 36 12 12 37 12 13 
cdavin1 12 36 36 36 36 12 25 20 12 36 12 12 12 12 12 12 12 12 12 37 12 36 36 36 36 12 12 12 37 12 12 25 37 12 36 36 36 36 12 36 36 12 37 12 36 36 36 12 37 12 37 12 37 12 25 13 36 12 12 37 12 12 
alebron1 12 37 12 25 12 25 12 13 11 36 36 36 12 12 36 36 36 36 36 12 37 12 12 12 36 36 36 36 12 37 12 36 36 36 36 12 36 36 36 36 36 12 37 12 37 12 37 12 37 12 37 12 
ccooper8 12 37 12 12 37 12 37 12 37 12 37 12 36 36 36 12 37 12 25 37 12 37 12 13 11 12 12 
nweindel 12 37 12 12 25 36 36 36 12 37 12 13 12 12 12 36 36 36 12 37 12 12 36 36 36 36 12 37 12 
ntownsen 12 12 36 12 12 12 12 12 37 12 37 12 37 12 12 7 36 36 36 36 36 12 12 11 13 36 12 37 12 
jberg2 12 37 12 37 12 12 37 12 37 12 37 12 12 37 12 37 12 12 31 12 12 7 37 12 12 
fhita 12 37 12 36 36 36 12 37 12 13 11 37 12 25 37 12 12 13 37 12 37 12 37 12 
mmcfarli 12 12 25 37 12 36 36 12 12 12 12 37 12 12 12 12 12 12 37 12 37 12 37 12 12 12 25 11 13 36 36 36 12 37 12 12 
mlengwin 12 12 37 12 13 11 18 36 36 36 12 25 12 25 12 12 37 12 37 12 37 12 37 12 36 36 36 36 12 37 12 37 12 36 36 36 36 36 36 12 12 12 37 12 25 36 12 18 7 37 12 36 36 12 12 12 12 12 37 12 
kwurl 12 12 25 11 37 12 12 37 12 37 12 11 12 25 13 37 12 12 31 7 25 8 
ccampb20 12 37 12 37 12 36 36 36 36 36 12 37 12 12 12 12 25 37 12 11 25 36 36 12 12 37 12 
pbrown10 12 12 12 25 37 12 37 12 37 12 37 12 11 25 12 13 12 
rdiejoma 12 12 37 12 36 36 12 13 11 25 36 12 31 
kkalisik 12 36 36 12 37 12 37 12 12 12 11 12 25 7 33 12 37 12 37 12 12 13 12 11 12 
drogers1 12 12 37 12 37 12 37 12 36 36 36 36 36 12 13 25 
cbolivar 12 25 36 36 36 12 37 12 37 12 7 8 37 12 36 36 36 36 36 36 12 11 37 12 13 11 36 36 12 37 12 
muhlenbr 12 12 37 12 12 25 13 11 37 12 12 36 36 36 12 37 12 12 12 37 12 12 
msmith75 12 11 12 25 13 11 37 12 37 12 
pmcguir2 12 36 12 12 36 36 12 36 12 37 12 12 
jstaten 12 37 12 13 11 25 37 12 13 12 25 
mgirod 12 12 13 12 11 12 37 12 36 36 36 36 36 12 12 25 12 
mdonnel6 12 12 11 37 12 
zgartenh 12 37 12 12 37 12 37 12 37 12 13 25 12 11 37 12 12 37 12 
mfitzg14 12 12 25 12 12 12 
alabella 12 11 37 12 37 12 25 11 13 12 12 37 12 12 
mcomunie 12 12 25 37 12 12 11 18 1 0 20 32 17 34 33 24 10 30 5 16 36 36 36 36 12 12 12 13 25 
bferrer1 12 36 36 36 12 13 12 11 25 37 12 37 12 12 
pcataldi 12 37 12 12 37 12 
aohri 12 37 12 37 12 36 36 12 11 13 
pklekamp 12 37 12 36 36 12 13 37 12 25 
amccar10 12 37 12 12 12 12 12 
nwamble 12 12 12 37 12 37 12 37 12 13 11 
wwu5 12 25 11 13 37 12 12 8 37 12 12 36 36 12 37 12 12 36 36 36 36 12 36 36 36 31 12 7 18 25 36 36 12 
wsuter2 12 37 12 12 37 12 
thowe1 12 37 12 36 36 13 11 36 36 12 12 
madeniyi 12 12 36 12 37 12 37 12 36 36 36 12 36 36 36 12 37 12 36 36 36 12 7 11 36 36 11 36 36 36 25 36 36 36 36 36 12 37 12 12 37 12 37 12 
mmian 12 37 12 37 12 36 36 36 12 25 37 12 12 36 12 12 13 36 36 36 12 11 37 12 12 
jsoares 12 12 37 12 
jhouge 12 37 12 12 12 36 36 36 36 12 12 12 37 12 12 13 37 12 12 37 12 36 36 36 12 
slemaign 12 12 37 12 12 13 12 37 12 37 12 11 12 25 
ldamoose 12 13 25 11 12 12 31 12 7 18 37 12 37 12 37 12 12 25 36 36 11 37 12 37 12 
sburnbau 12 12 37 12 37 12 37 12 12 13 
nwarren 12 37 12 12 37 12 12 25 12 13 11 12 37 12 
bconnol3 12 12 12 37 12 12 25 12 13 11 12 
rheitkam 12 37 12 13 12 12 11 25 12 12 13 37 12 
jmullike 12 12 36 36 36 36 12 25 12 13 
chickey3 12 25 37 12 37 12 37 12 13 12 11 
athoma24 12 12 37 12 12 37 12 37 12 25 13 36 11 36 12 12 37 12 37 12 
rgensler 12 12 37 12 37 12 12 37 12 37 12 25 12 12 25 12 11 13 36 36 36 36 12 37 12 
kthornt4 12 37 12 36 36 36 36 36 12 37 12 37 12 13 11 
pvlandis 12 12 37 12 11 37 12 13 12 25 37 12 
mmizraji 12 37 12 12 37 12 13 25 11 37 12 37 12 12 13 25 
zpavlin 12 37 12 25 13 37 12 37 12 
ydeng3 12 12 36 36 36 12 12 25 25 36 36 13 12 11 37 12 36 36 36 36 36 36 12 37 12 12 7 37 12 29 37 12 37 12 12 36 12 37 12 37 12 1 36 0 37 12 
kfox8 12 37 12 37 12 37 12 37 12 25 13 
lsulli11 12 37 12 36 36 36 36 12 12 37 12 37 12 12 37 12 
jgorman6 12 37 12 36 36 36 12 13 
enunez 12 11 13 37 12 37 12 37 12 
mtardy 12 12 
jdirksen 12 37 12 37 12 37 12 37 12 
whornby 12 37 12 36 36 12 37 12 12 13 12 11 37 12 
jwade5 12 13 37 12 37 12 18 7 37 12 12 18 7 37 12 12 31 37 12 12 31 12 7 37 12 37 12 29 1 12 12 
mblatt1 12 37 12 31 12 36 36 36 36 36 12 
jowusuko 12 37 12 12 37 12 12 12 13 
jcorpora 12 11 37 12 37 12 37 12 12 25 
mmang 12 37 12 37 12 37 12 
waberger 12 12 25 37 12 37 12 25 11 36 36 13 12 36 36 18 37 12 37 12 25 37 12 12 36 36 36 12 12 37 12 37 12 12 
llombar2 12 37 12 37 12 37 12 13 37 12 13 11 25 
gkaiser 12 37 12 12 13 12 12 25 11 36 36 12 37 12 37 12 
koconn27 12 12 37 12 37 12 
aweishan 12 12 13 8 
mcaskey 12 12 37 12 36 12 37 12 25 37 12 12 11 36 12 36 36 36 36 36 36 12 13 
jguarino 12 37 12 25 12 
cseymou2 12 37 12 37 12 13 12 25 11 
dplagenz 12 37 12 
csasso 12 37 12 25 36 36 12 12 11 36 36 36 13 
amccar11 12 36 36 12 37 12 13 25 11 37 12 37 12 
yshi6 12 12 25 12 11 37 12 13 36 36 25 12 31 18 37 12 1 29 37 12 37 12 0 15 21 25 15 37 12 37 12 19 6 20 25 36 36 36 12 37 12 12 37 12 37 12 36 36 36 36 36 36 12 25 32 17 
tpillai 12 36 12 37 12 36 36 25 37 12 12 12 37 12 
minoue2 12 12 7 37 12 12 25 37 12 12 37 12 
jwinebre 12 25 37 12 36 12 13 25 
tanggara 12 13 25 36 12 37 12 12 11 36 36 12 36 36 36 36 12 25 36 36 36 36 36 36 12 
sgalbens 12 37 12 37 12 
jlazzara 12 37 12 12 12 12 25 36 36 12 13 37 12 37 12 37 12 12 36 12 37 12 
vruesch 12 37 12 37 12 12 37 12 12 13 11 37 12 5 
nniere 12 25 36 36 36 12 12 13 11 18 7 29 1 36 36 36 15 0 21 36 36 12 36 36 19 20 6 36 32 17 37 12 37 12 22 28 34 12 2 26 33 37 3 24 27 36 36 10 30 4 23 5 16 36 11 12 18 37 12 37 12 12 37 12 12 36 36 36 12 7 12 
ghong 12 37 12 12 12 25 13 11 18 7 36 36 36 36 12 12 37 12 
bhogan1 12 12 12 12 12 11 37 12 
wdu 12 12 13 25 36 36 36 36 36 12 36 36 12 37 12 29 36 1 36 36 12 37 12 36 36 36 15 36 36 36 36 0 21 36 36 12 12 37 12 37 12 12 37 12 
tmercier 12 37 12 12 12 
mball 12 36 36 36 12 14 12 25 11 
esunshi1 12 36 36 36 36 36 12 12 36 36 36 36 12 36 36 36 36 36 12 37 12 13 25 36 36 36 12 12 37 12 37 12 37 12 37 12 37 12 37 12 
eevans9 12 12 37 12 36 36 36 36 36 12 11 37 12 36 13 37 12 37 12 12 
bkenney1 12 12 37 12 13 37 12 37 12 25 
asimonet 12 37 12 11 25 12 12 
cdieckma 12 37 12 36 36 36 36 36 12 12 37 12 13 11 25 37 12 37 12 12 13 
mcoggins 12 37 12 12 11 13 37 12 37 12 12 37 12 
lblitzer 12 12 36 36 36 36 18 37 12 37 12 12 37 12 12 37 12 12 36 36 12 37 12 12 37 12 37 12 37 12 12 31 12 7 37 12 12 29 1 37 12 36 36 36 36 36 29 
jdelledo 12 37 12 37 12 12 25 11 37 12 12 12 36 12 
mmoore18 12 37 12 
mfreedlu 12 12 37 12 37 12 13 25 11 
ymikulja 12 12 36 36 36 25 37 12 37 12 11 25 17 34 
tprice4 12 36 36 36 36 12 37 12 13 11 36 36 36 12 12 
lbarret2 12 37 12 25 12 12 11 12 37 12 37 12 13 11 25 36 36 36 36 36 12 
eralph 12 37 12 12 37 12 12 37 12 13 11 25 36 36 12 
bhalliga 12 37 12 13 11 12 25 31 18 7 12 37 12 12 12 31 12 12 18 12 12 37 12 
sroennec 12 12 12 12 37 12 12 37 12 12 37 12 37 12 37 12 
jmurph32 12 
cfrentze 12 37 12 25 37 12 13 11 25 37 12 13 11 25 36 12 37 12 37 12 7 25 
mnewcome 12 37 12 11 12 25 36 36 13 37 12 25 11 13 37 12 18 37 12 37 12 12 31 12 7 
jsitarsk 12 13 11 12 12 37 12 13 11 12 37 12 
tpreko 12 12 12 37 12 37 12 12 25 13 36 12 12 12 13 37 12 12 
mtreacy 12 37 12 37 12 12 25 13 11 37 12 37 12 
ccampb21 12 37 12 37 12 37 12 37 12 12 36 36 13 37 12 
rrivera8 12 2 37 12 11 25 13 36 36 12 36 36 36 36 36 12 
rblack4 12 36 12 13 11 37 12 36 12 36 36 12 12 37 12 12 13 11 12 
jwelsch 12 12 37 12 37 12 13 11 12 37 12 
jgately1 12 37 12 13 11 37 12 13 25 37 12 
gdean 12 37 12 37 12 25 
ewigutow 12 12 37 12 37 12 12 12 12 12 
dgibbon2 12 37 12 12 37 12 
cmorton2 12 36 36 36 12 12 13 12 11 37 12 12 37 12 
mrooney6 12 13 11 25 12 36 12 37 12 37 12 37 12 18 7 25 36 12 12 
mmoran12 12 37 12 37 12 37 12 12 25 13 12 11 
jwalte10 12 37 12 12 37 12 37 12 13 11 25 
jcarney6 12 37 12 37 12 12 37 12 37 12 
pmeyer3 12 12 25 
icallaha 12 37 12 37 12 37 12 36 36 12 25 11 13 36 36 36 12 12 12 37 12 
dtoth1 12 13 11 37 12 37 12 
kkostola 12 12 25 11 13 37 12 
dlee26 12 12 25 37 12 12 12 12 36 36 13 37 12 
yying 12 12 37 12 
swagy 12 13 11 12 
kdantoni 12 12 37 12 37 12 
wmohler 12 36 36 36 36 36 36 12 12 37 12 37 12 
lklein1 12 11 13 37 12 12 37 12 11 36 36 36 36 36 36 12 37 12 37 12 31 
jbecker9 12 12 37 12 37 12 12 37 12 
hrague 12 37 12 37 12 12 13 11 25 12 
cott 12 
mholzbau 12 37 12 12 13 12 25 12 
mhawkin3 12 37 12 36 36 36 12 37 12 12 37 12 
lharmon 12 37 12 13 12 37 12 31 12 12 7 36 36 25 
elazzaro 12 37 12 12 13 
tburley 12 37 12 11 25 37 12 13 37 12 37 12 37 12 25 37 12 11 25 37 12 
shenn 12 12 12 12 36 36 12 37 12 12 36 36 12 12 12 12 37 12 13 25 37 12 
jgomez5 12 37 12 25 12 13 11 37 12 12 12 25 18 12 37 12 7 
jfries3 12 12 25 37 12 37 12 11 13 
bniemoel 12 37 12 13 37 12 37 12 
mcontrer 12 12 12 12 12 11 37 12 
kriordan 12 12 11 37 12 11 12 37 12 12 37 12 37 12 
jmurph33 12 37 12 37 12 
dcorr1 12 37 12 37 12 
cemenalo 12 37 12 25 37 12 12 37 12 
yjung2 12 12 13 25 
rpappas 12 13 11 25 12 37 12 
mmerric1 12 37 12 37 12 25 36 36 12 36 36 12 13 12 
mdosch 12 
jbettag 12 37 12 12 12 11 25 13 36 36 36 12 31 12 36 36 12 12 12 
jbernin1 12 12 37 12 36 36 36 36 36 12 37 12 36 36 36 36 36 12 36 36 36 12 11 13 
hrivers 12 37 12 36 36 12 36 12 
gbruenin 12 12 25 11 13 37 12 37 12 37 12 37 12 
ddallava 12 25 37 13 11 37 12 36 36 36 36 36 12 25 13 37 12 25 
cgamboa 12 37 12 12 12 12 36 36 36 36 12 12 13 37 12 12 12 12 
nquartir 12 37 12 11 37 12 37 12 13 11 
lfaubion 12 
aursino1 12 37 12 25 37 12 37 12 11 13 36 12 37 12 12 31 
msummer2 12 13 11 36 36 36 36 12 36 13 37 12 12 37 12 37 12 12 
kramm 12 37 12 37 12 
jchapple 12 37 12 37 12 
jbonds 12 37 12 37 12 11 37 12 25 13 15 21 36 12 
dbirzer 12 
cfish 12 12 37 12 12 37 12 13 11 25 36 36 36 12 13 11 36 12 25 37 12 37 12 12 
nholmes1 12 36 36 36 36 36 12 25 37 12 12 13 12 13 12 11 25 37 12 37 12 36 36 36 12 36 12 25 
ngiovino 12 12 12 25 11 13 37 12 
eherber1 12 13 11 12 12 
cgallag3 12 37 12 25 13 
tzheng2 12 37 12 37 12 12 37 12 37 12 13 
mgerber 12 37 12 13 11 25 37 12 31 12 37 12 18 36 36 36 7 25 37 12 12 29 1 37 12 37 12 12 12 12 15 
jcolli23 12 12 37 12 25 11 37 12 25 13 
vwhitmor 12 13 11 25 12 37 12 12 36 36 36 36 12 37 12 12 37 12 13 36 25 
rpellica 12 37 12 37 12 37 12 37 12 
rmyers9 12 37 12 12 13 11 
mdillon7 12 37 12 12 12 13 12 12 12 25 37 12 
gbiltz 12 37 12 37 12 37 12 37 12 37 12 
areaves 12 37 12 37 12 
aheck1 12 12 37 12 12 12 25 13 11 37 12 37 12 12 37 12 12 36 36 12 37 12 
ucooper 12 37 12 
rschill1 12 37 12 37 12 11 
mschlic1 12 37 12 37 12 
mperry6 12 37 12 
jfenton1 12 37 12 36 36 12 13 11 25 7 36 12 12 36 12 36 36 12 36 36 36 36 12 31 18 
csauder 12 
alowney 12 12 37 12 25 37 12 36 12 12 13 12 
zkagalw1 12 37 12 13 37 12 13 11 37 12 
swilkin4 12 13 36 25 
imarx 12 12 37 12 
cschmid7 12 
abenavi3 12 37 12 37 12 37 12 37 12 12 
sweyhmil 12 37 12 12 
sgenz 12 
mwu4 12 37 12 12 12 37 12 13 36 36 36 36 36 36 25 
jleporte 12 10 27 37 12 
adichris 12 25 11 13 
scrotty1 12 
pfarring 12 12 
pdesousa 12 
mkuehl 12 25 13 12 7 31 37 12 25 
lfitter 12 36 36 36 36 36 12 36 36 36 12 37 12 37 12 37 12 12 13 11 37 12 
kenriett 12 12 12 37 12 37 12 37 12 13 36 36 36 36 36 12 11 37 12 37 12 12 31 18 7 25 
jruan 12 37 12 25 13 
hzahour 12 12 13 11 37 12 25 12 13 
emostyn 12 37 12 37 12 25 13 37 12 11 13 25 37 12 37 12 
edohert1 12 12 12 13 25 11 37 12 12 12 12 37 12 12 12 37 12 36 36 12 
athigpen 12 12 12 37 12 12 37 12 
amellert 12 
aandrade 12 12 37 12 36 36 36 12 12 37 12 13 11 36 12 37 12 
tdann 12 37 12 37 12 12 12 37 12 12 12 12 36 36 12 13 25 37 12 37 12 37 12 
sielusic 12 12 13 11 37 12 
mlicursi 12 37 12 25 12 12 13 
mdrake2 12 12 37 12 37 12 
lhe3 12 
inegroro 12 37 12 12 12 13 
afonash 12 17 12 37 12 12 25 30 24 37 12 37 12 12 11 
obarnard 12 37 12 36 36 36 12 37 12 36 36 36 36 11 36 36 36 12 13 36 12 12 11 31 36 36 36 12 36 36 36 36 36 7 37 12 12 12 
nbenz 12 
lhuang3 12 13 11 
jwessele 12 37 12 12 37 12 
jmastron 12 37 12 12 37 12 13 11 15 37 12 37 12 18 
dmarino 12 12 13 11 25 36 36 36 36 36 12 
cpickfor 12 
bmoasser 12 37 12 12 12 36 36 36 36 12 11 36 12 12 8 37 12 18 12 25 37 12 12 
apurcel1 12 13 12 12 37 12 12 25 37 12 
obaitlot 12 12 37 12 12 37 12 13 25 11 
kmollenk 12 12 25 37 12 37 12 13 
ccarlso2 12 12 11 13 36 36 12 12 37 12 25 
bmoreno1 12 
smanriqu 12 36 36 36 36 12 12 37 12 13 12 25 11 
mmillado 12 37 12 12 13 11 12 12 
mferrel2 12 37 12 12 12 37 12 12 37 12 12 37 12 
ldougla3 12 37 12 37 12 37 12 13 37 12 12 25 11 36 12 12 
jmcconn1 12 12 37 12 12 37 12 36 36 36 36 12 37 11 37 12 13 
ecahill 12 37 12 12 13 11 36 25 37 12 36 36 36 36 12 18 37 12 37 12 12 37 12 12 25 
dshaw4 12 37 12 37 12 12 37 12 12 37 12 12 12 37 12 37 12 25 13 12 36 36 36 36 36 12 37 12 37 12 
alucche1 12 
odonnel1 12 37 12 25 12 13 11 
mpirko 12 37 12 
mlyden1 12 37 12 37 12 25 11 13 
mdekold 12 37 12 36 36 12 37 12 37 12 37 12 
eschnaut 12 12 13 11 37 12 12 12 37 12 
adiederi 12 25 37 12 12 25 13 11 
sholtz1 12 37 12 13 11 
sdann 12 37 12 37 12 13 11 36 36 12 12 12 
pkolek 12 37 12 37 12 11 12 25 12 12 36 36 36 13 12 
nhaymond 12 13 11 25 
kmuha 12 37 12 37 12 12 25 13 11 12 12 37 12 
kfeehan 12 36 13 11 25 
kalme 12 37 12 12 13 
esmith30 12 13 11 37 12 37 12 
ctoudouz 12 37 12 37 12 37 12 37 12 12 13 11 37 12 
sreddy4 12 37 12 13 11 25 36 36 36 12 37 12 11 25 13 
rboylan 12 
ncheng 12 
mgelchio 12 25 7 37 12 37 12 36 36 36 36 36 12 11 36 36 36 36 36 36 12 13 37 12 37 12 12 18 31 25 12 
jzelinsk 12 37 12 37 12 12 37 12 13 12 25 
jcuji 12 12 37 12 12 12 12 13 37 12 
gworthin 12 36 36 12 12 12 11 36 36 12 12 25 36 13 
angov 12 37 12 37 12 37 12 37 12 13 12 11 
skolda 12 12 37 12 37 12 13 12 25 37 12 12 11 36 12 
scrippes 12 
mschutze 12 37 12 37 12 
mpavloff 12 13 11 25 
losecco 12 36 36 36 12 37 12 12 12 11 13 12 12 12 25 37 12 37 12 12 36 36 36 12 12 12 
lnixon1 12 37 12 37 12 
kmurray7 12 12 37 12 37 12 37 12 25 36 13 
jshard 12 12 25 12 13 11 36 12 12 
hthomps4 12 37 12 37 12 13 11 
ewood1 12 37 12 13 11 
estrouse 12 37 12 12 12 25 13 12 
odegnim 12 
kcox5 12 37 12 25 13 11 12 
kborotho 12 
jbertram 12 37 12 37 12 13 37 12 11 25 37 12 12 12 25 36 13 12 
hbyrne 12 37 12 13 11 25 12 12 
ggulyas 12 37 12 37 12 36 12 25 
ekeuler 12 
egeyer1 12 12 37 12 25 11 13 36 36 12 
dlong2 12 37 12 25 37 12 13 37 12 
bpierpoi 12 12 
apavelka 12 37 12 13 11 25 37 12 37 12 12 37 12 37 12 
rbartle1 12 12 37 12 37 12 37 12 13 11 12 
nyusko1 12 
motten1 12 12 37 12 12 36 36 36 12 12 25 13 11 
molsen3 12 37 12 36 36 36 36 12 37 12 13 
mdambros 12 
kmountf1 12 12 37 12 25 13 
jeversol 12 36 36 36 36 12 25 13 
etorrent 12 37 12 37 12 25 13 11 36 36 36 12 
ereynol5 12 37 12 36 36 36 12 
epark5 12 13 11 
dpatel2 12 37 12 11 25 37 13 37 12 
cmoreno5 12 
bgawel 12 37 12 37 12 37 12 12 12 11 13 
bconlon 12 25 12 12 13 12 
apanousi 12 36 36 36 36 36 12 12 36 36 36 36 12 37 12 12 37 12 13 12 11 12 37 12 31 12 12 12 36 36 36 36 7 18 
tngochi 12 37 12 25 37 12 12 13 
smcmull1 12 12 12 11 37 12 37 12 13 12 37 12 12 37 12 25 12 12 36 36 36 36 36 36 12 37 12 12 7 18 
rwittmer 12 37 12 25 13 
rvazza 12 13 11 37 12 37 12 12 13 
nhong 12 37 12 31 25 12 37 12 11 13 37 12 12 37 12 18 7 36 12 12 12 12 12 37 12 37 12 29 1 36 15 0 21 
mrohling 12 37 12 37 12 13 11 37 12 
edebassi 12 12 11 13 
dsmith53 12 37 12 37 12 12 
ahughes8 12 
tperey 12 37 12 12 37 12 25 37 12 13 11 
pbetz 12 
mmccor15 12 37 12 13 12 11 25 12 7 18 
mgray10 12 36 36 36 36 36 36 12 36 36 36 12 37 12 37 12 37 12 37 12 
mfraizer 12 37 12 37 12 12 13 
lherna11 12 37 12 11 12 12 13 
jmolumph 12 37 12 37 12 12 13 11 12 25 
hzweberl 12 37 12 13 12 25 11 
dserafin 12 37 12 12 
bpowell4 12 12 37 12 12 13 11 36 25 
kmclaug3 12 13 12 12 11 
kbulleit 12 37 12 
jplas 12 13 12 37 7 31 11 25 37 12 18 25 37 12 25 36 36 36 36 36 29 1 16 10 24 26 12 15 0 21 36 36 36 36 33 37 12 37 12 12 
jbrown36 12 37 12 37 12 37 12 12 11 13 12 13 36 36 36 36 12 
dkim30 12 12 37 12 37 12 12 13 
cmyers11 12 12 12 37 12 37 12 12 12 13 25 37 12 
amora2 12 37 12 12 37 12 13 11 25 36 36 36 36 12 12 37 12 37 12 
adrisco2 12 37 12 37 12 25 37 12 11 13 37 12 37 12 37 12 25 37 12 
xtsai 12 12 37 12 
wbaer 12 12 12 12 37 12 12 36 36 11 
nisakson 12 37 12 37 12 13 25 
lmcfadde 12 
kmurph44 12 37 12 13 11 12 25 36 36 12 12 37 12 12 31 12 
ibushue 12 12 37 12 37 12 
hadams3 12 12 37 12 37 12 13 11 13 12 18 7 31 
enichol4 12 12 12 36 36 36 36 36 36 12 13 11 12 12 12 25 37 12 37 12 37 12 37 12 12 12 
egroth 12 37 12 12 25 36 36 36 36 12 37 12 13 11 12 36 12 12 12 
aheinzma 12 12 12 13 
ahall2 12 12 13 11 27 
adecker1 12 37 12 12 37 12 11 25 13 
aameen 12 37 12 11 36 36 36 36 36 25 36 36 36 13 
zwall 12 37 12 12 12 13 11 
smonaha1 12 12 37 12 37 12 36 12 37 1 37 12 12 
sdeschne 12 
mowen 12 37 12 25 13 36 36 36 12 11 37 12 12 12 
lwatts1 12 37 12 12 11 12 25 13 
krochefo 12 37 12 12 12 37 12 12 13 12 12 12 
jholguin 12 12 25 37 12 37 12 37 12 12 12 11 36 12 
gniforat 12 
evandier 12 25 12 12 18 37 12 37 12 12 31 37 12 12 7 18 25 36 18 36 25 29 1 36 12 
eclapp 12 25 37 12 13 
awaldsch 12 
adevito1 12 36 36 12 37 12 37 12 37 12 13 11 
tsilva1 12 37 12 12 25 11 13 
oivan 12 37 12 37 12 25 11 36 36 10 13 
mmarti45 12 13 25 11 36 36 36 12 
mjorden 12 36 36 12 37 12 12 12 25 37 12 13 11 36 25 
ktracey 12 37 12 37 12 
krothmey 12 37 12 37 12 11 12 13 37 12 12 
kbiladea 12 12 37 12 12 13 11 25 
jweas 12 36 36 36 36 12 13 11 12 25 12 37 12 37 12 
jgoldsch 12 36 36 36 12 13 11 25 
jdraves 12 37 12 
gotte1 12 25 37 12 37 12 25 13 37 12 
etruesda 12 11 13 37 12 37 12 
emeara 12 12 37 12 13 12 25 37 12 25 37 12 12 31 36 36 36 12 12 31 12 18 7 
cnilsen 12 
bmurph24 12 37 12 25 37 12 13 
azammit 12 12 12 25 13 11 18 12 37 12 36 36 36 12 37 12 
arabbitt 12 
wcheong 12 12 
kmoran11 12 13 11 
kgalla21 12 37 12 37 12 13 25 37 12 
kgalla20 12 12 37 12 11 37 13 12 
kfranz1 12 
jsutton3 12 37 12 37 12 37 12 25 11 36 36 13 37 12 12 
jhegart2 12 37 12 37 12 37 12 36 12 36 36 13 
japplew1 12 13 12 37 12 12 37 12 
imurrer 12 12 37 12 37 12 12 25 11 13 36 36 12 7 37 12 31 12 12 12 
fschemel 12 37 12 
fprimozi 12 37 12 37 12 12 25 13 12 18 7 36 36 29 1 15 0 21 36 19 20 6 36 17 32 34 22 28 26 2 3 24 27 10 30 23 5 16 
elinares 12 
cmulshin 12 37 12 37 12 12 25 13 
cmagnuss 12 12 37 12 37 12 36 36 12 12 13 12 37 12 
ccleary1 12 12 36 36 36 36 12 12 25 37 12 12 12 11 
abohling 12 12 25 13 12 37 12 25 
mscanish 12 36 12 37 12 11 25 13 36 36 36 36 36 36 12 37 12 
mkirven 12 12 37 12 37 12 37 12 
lkim3 12 37 12 
lgrabows 12 25 37 12 37 12 36 36 12 13 37 12 37 12 12 12 12 7 31 12 
lcaffar1 12 37 12 37 12 25 12 11 13 37 12 
kliang2 12 37 12 12 13 31 12 11 37 12 13 36 36 36 36 36 12 
jnowak4 12 12 13 11 37 12 37 12 
hcheng1 12 37 12 37 12 12 13 17 37 12 
bmerrick 12 25 12 12 12 37 12 37 12 25 
tmansell 12 37 12 37 12 12 13 11 12 
rrocco 12 37 12 25 13 12 37 12 
rpuno 12 37 12 37 12 12 25 12 13 37 12 
lyan4 12 36 36 36 12 25 37 12 12 13 11 36 36 36 12 37 12 12 12 
kpresteg 12 37 12 12 13 12 36 36 36 36 36 12 37 12 
jbaines 12 37 12 12 37 12 12 12 12 12 
blemay 12 12 37 12 25 12 12 36 36 36 36 12 11 13 37 12 
aromano2 12 37 12 
alongsta 12 37 12 12 25 13 11 
szachari 12 25 36 13 11 
spalumb1 12 37 12 36 36 12 13 11 25 
pcamara 12 
operez2 12 37 12 13 11 12 25 36 36 36 12 
lgelin 12 7 8 
ldomenel 12 
lcho 12 13 36 36 36 12 
jpaul2 12 12 1 37 12 0 37 12 12 31 12 20 6 19 
ischmitz 12 
egorman5 12 36 36 36 36 12 37 12 37 12 37 12 25 13 
eeagle 12 13 12 11 37 12 25 36 36 36 36 36 12 37 12 12 12 37 12 31 12 12 37 12 18 12 37 12 
dallen13 12 37 12 36 36 36 12 13 
cdenzel 12 12 37 12 37 12 25 
asowell 12 37 12 37 12 36 36 36 12 12 13 11 
yzou2 12 37 12 12 13 
speter14 12 12 12 12 37 12 12 12 37 12 13 11 25 36 36 36 12 
pmcmonag 12 12 13 11 25 12 12 
kjacoby1 12 12 37 12 37 12 25 12 12 37 12 36 36 13 36 36 36 12 11 37 12 37 12 
jruane 12 12 
jdodig 12 
gcramer1 12 13 12 
everhey 12 37 12 37 12 13 12 13 11 37 12 31 12 12 12 18 7 
esoller 12 
egorman6 12 
ckotseos 12 
cganley 12 37 12 
bfraser 12 25 12 12 12 12 37 12 12 13 
asweet 12 37 12 12 12 13 11 25 36 36 12 
amonroe1 14 
abulaoro 12 11 36 36 36 36 12 
thuber1 12 13 12 25 
sincera 12 25 37 12 12 13 
phennes2 12 12 12 
msahd 12 37 12 13 11 25 
mcabrer1 12 37 12 
kkolleck 12 37 12 12 37 12 37 12 25 11 12 13 12 
kconrad2 12 37 12 12 11 25 12 13 37 12 12 12 12 
jreeg 12 37 12 
jgonnard 12 37 12 37 12 25 36 36 36 36 36 12 13 
hsarkey 12 37 12 37 12 13 37 12 11 12 
hholden 12 37 12 13 25 11 36 12 
epil 12 36 36 12 12 13 11 25 37 12 
awitte 12 37 12 12 25 
trogers6 12 37 12 37 12 13 11 25 
tfross 12 37 12 37 12 
taguirre 12 37 12 
sbindel 12 12 
kcockrel 12 25 12 13 
eguenthe 12 12 13 12 12 36 12 
ecaradon 12 37 12 13 
creid4 12 12 36 36 12 25 37 12 25 13 11 12 
carizama 12 37 12 25 11 12 
bbrunin1 12 12 12 12 12 
anataraj 12 37 12 37 12 37 12 37 12 37 12 37 12 11 25 
svukovit 12 37 12 37 12 37 12 13 11 25 12 37 12 7 
pyoung3 12 13 11 25 12 7 36 36 36 12 
msteph11 12 37 12 11 25 36 36 36 36 12 13 36 36 36 36 11 37 12 
mraster 12 37 12 
lbognar1 12 12 25 12 12 37 12 13 
lbakke 12 37 12 12 25 37 12 37 12 13 11 25 37 12 12 12 18 
jzacher 12 12 36 36 36 12 37 12 12 36 36 36 36 36 36 12 12 12 25 13 36 36 12 
